1.000000000000000000e+00 -1.558489999999999931e+00 3.605740000000000056e-01 1.500000000000000000e+00
2.870000000000000000e+02 -1.725314250000000049e+00 3.958590100000000112e-01 2.860079113999999922e+00
1.010000000000000000e+03 -2.056376299999999713e+00 4.599090000000000122e-01 5.600654329999999348e+00
1.886000000000000000e+03 -2.356369000000000380e+00 5.094636000000000164e-01 8.321843600000001118e+00
3.042000000000000000e+03 -2.649087000000000192e+00 5.683900000000000619e-01 1.174483500000000014e+01
4.109000000000000000e+03 -2.703492000000000228e+00 4.719019999999999881e-01 1.584825939999999989e+01
5.423000000000000000e+03 -2.578342999999999829e+00 3.545300000000000118e-01 1.994227400000000117e+01
6.667000000000000000e+03 -2.434841999999999729e+00 2.472152700000000147e-01 2.404720200000000219e+01
7.843000000000000000e+03 -2.264070000000000249e+00 1.399939999999999796e-01 2.814374199999999959e+01
8.940000000000000000e+03 -2.073000000000000398e+00 5.812899999999998624e-02 3.225310599999999539e+01
9.994000000000000000e+03 -1.880890000000000173e+00 1.530000000000697469e-04 3.636499599999999788e+01
1.095700000000000000e+04 -1.680919999999999970e+00 -2.000599999999996825e-02 4.047096499999999963e+01
1.184300000000000000e+04 -1.474149999999999849e+00 -6.670000000000175788e-03 4.459055800000000147e+01
1.268800000000000000e+04 -1.262059999999999960e+00 5.096999999999995978e-02 4.871444999999999936e+01
1.345300000000000000e+04 -1.047009999999999996e+00 1.364400000000001167e-01 5.283270000000000266e+01
1.412000000000000000e+04 -8.663600000000000190e-01 2.207700000000003548e-01 5.627947999999999951e+01
1.459000000000000000e+04 -6.838400000000001144e-01 2.904500000000003190e-01 5.903178000000000480e+01
1.495500000000000000e+04 -2.371369999999999312e-01 3.526099999999998680e-01 6.176930000000000121e+01
1.518600000000000000e+04 -1.337999999999994749e-02 3.793999999999999595e-01 6.314827999999999975e+01
1.370000000000000000e+02 1.558489999999999931e+00 -3.636220000000000008e-01 1.500000000000000000e+00
3.970000000000000000e+02 1.725269310000000056e+00 -4.054070100000000121e-01 2.859938094999999958e+00
1.218000000000000000e+03 1.818857810000000130e+00 -4.385720999999999647e-01 5.599767499999999565e+00
2.088000000000000000e+03 1.846753700000000054e+00 -4.617759999999999643e-01 8.319523690000000471e+00
3.242000000000000000e+03 1.786509999999999820e+00 -4.700630000000000086e-01 1.173906338000000105e+01
4.428000000000000000e+03 1.851538999999999824e+00 -4.702520000000000033e-01 1.583831260000000007e+01
5.729000000000000000e+03 1.803364999999999885e+00 -4.546600000000000641e-01 1.992829289999999887e+01
6.960000000000000000e+03 1.757011000000000100e+00 -4.507669999999999733e-01 2.402912934000000078e+01
8.118000000000000000e+03 1.701160000000000005e+00 -4.416549999999999643e-01 2.812131169999999969e+01
9.204000000000000000e+03 1.646400000000000086e+00 -4.141659999999999786e-01 3.222606809999999911e+01
1.023900000000000000e+04 1.600729999999999986e+00 -3.753800000000000470e-01 3.633394799999999947e+01
1.118100000000000000e+04 1.562690000000000135e+00 -3.119600000000000151e-01 4.043593099999999652e+01
1.205600000000000000e+04 1.528100000000000014e+00 -2.291200000000002124e-01 4.455242399999999492e+01
1.287800000000000000e+04 1.497319999999999984e+00 -1.215199999999998504e-01 4.867471499999999907e+01
1.364000000000000000e+04 1.468639999999999946e+00 8.009999999999850573e-03 5.279211400000000509e+01
1.425500000000000000e+04 1.445786000000000016e+00 1.260600000000002829e-01 5.623881999999999692e+01
1.468800000000000000e+04 1.402222999999999997e+00 2.217799999999998661e-01 5.899298000000000286e+01
1.503200000000000000e+04 1.182128000000000068e+00 3.097400000000001263e-01 6.174211999999999989e+01
1.522200000000000000e+04 1.072119999999999962e+00 3.485000000000000320e-01 6.312710999999999473e+01
