1.000000000000000000e+00 0.000000000000000000e+00 0.000000000000000000e+00 0.000000000000000000e+00 0.000000000000000000e+00
2.870000000000000000e+02 4.163200000000000255e-04 3.626200000000000213e-04 -1.931000000000000045e-04 5.848900000000000193e-04
1.010000000000000000e+03 -1.980699999999999857e-05 2.922500000000000184e-03 -1.203899999999999935e-03 3.160800000000000068e-03
1.886000000000000000e+03 -4.116899999999999726e-03 9.041799999999999143e-03 -3.156799999999999971e-03 1.042399999999999924e-02
3.042000000000000000e+03 -5.828599999999999753e-03 4.431600000000000122e-02 -5.843100000000000377e-03 4.507800000000000001e-02
4.109000000000000000e+03 -9.372099999999999528e-03 9.135200000000000264e-02 -6.863900000000000036e-03 9.208700000000000219e-02
5.423000000000000000e+03 -1.323099999999999971e-02 1.576299999999999923e-01 -5.633799999999999572e-03 1.582899999999999863e-01
6.667000000000000000e+03 -1.616000000000000075e-02 2.459600000000000120e-01 -2.716500000000000165e-03 2.464999999999999969e-01
7.843000000000000000e+03 -1.705299999999999871e-02 3.578200000000000269e-01 2.625000000000000163e-03 3.582299999999999929e-01
8.940000000000000000e+03 -1.380900000000000009e-02 5.147699999999999498e-01 1.138400000000000002e-02 5.150799999999999823e-01
9.994000000000000000e+03 -7.369800000000000136e-03 7.088799999999999546e-01 2.320099999999999940e-02 7.093000000000000416e-01
1.095700000000000000e+04 2.493399999999999783e-03 9.581300000000000372e-01 3.971999999999999836e-02 9.589600000000000346e-01
1.184300000000000000e+04 1.513600000000000015e-02 1.256000000000000005e+00 6.045500000000000179e-02 1.257500000000000062e+00
1.268800000000000000e+04 3.005400000000000085e-02 1.610000000000000098e+00 8.602600000000000524e-02 1.612600000000000033e+00
1.345300000000000000e+04 4.634599999999999831e-02 2.010699999999999932e+00 1.164400000000000018e-01 2.014600000000000168e+00
1.412000000000000000e+04 6.042800000000000255e-02 2.374099999999999877e+00 1.453000000000000125e-01 2.379300000000000193e+00
1.459000000000000000e+04 7.165699999999999847e-02 2.675499999999999989e+00 1.698600000000000110e-01 2.681900000000000173e+00
1.495500000000000000e+04 8.307100000000000595e-02 2.971099999999999852e+00 1.930300000000000071e-01 2.978499999999999925e+00
1.518600000000000000e+04 8.903500000000000303e-02 3.118700000000000028e+00 2.048599999999999866e-01 3.126700000000000035e+00
1.370000000000000000e+02 0.000000000000000000e+00 0.000000000000000000e+00 0.000000000000000000e+00 0.000000000000000000e+00
3.970000000000000000e+02 2.129400000000000043e-04 8.418399999999999495e-04 2.535799999999999946e-04 9.046199999999999684e-04
1.218000000000000000e+03 2.187199999999999821e-03 4.348399999999999661e-03 1.052900000000000060e-03 4.980100000000000325e-03
2.088000000000000000e+03 2.938899999999999933e-03 1.243400000000000061e-02 2.482700000000000011e-03 1.301500000000000053e-02
3.242000000000000000e+03 3.522700000000000137e-04 3.533800000000000135e-02 6.027600000000000145e-03 3.584999999999999992e-02
4.428000000000000000e+03 -1.231800000000000082e-02 7.222900000000000154e-02 8.973000000000000073e-03 7.381999999999999673e-02
5.729000000000000000e+03 -1.838499999999999857e-02 1.320399999999999907e-01 1.092599999999999995e-02 1.337599999999999900e-01
6.960000000000000000e+03 -2.076700000000000074e-02 2.109900000000000109e-01 1.325600000000000042e-02 2.124199999999999977e-01
8.118000000000000000e+03 -2.213800000000000143e-02 3.167400000000000215e-01 1.646699999999999900e-02 3.179400000000000004e-01
9.204000000000000000e+03 -1.802600000000000036e-02 4.662999999999999923e-01 2.191399999999999945e-02 4.671699999999999742e-01
1.023900000000000000e+04 -1.280399999999999941e-02 6.568199999999999594e-01 3.022700000000000040e-02 6.576400000000000023e-01
1.118100000000000000e+04 -1.408600000000000086e-03 8.998899999999999677e-01 4.237199999999999994e-02 9.008899999999999686e-01
1.205600000000000000e+04 1.161099999999999979e-02 1.193300000000000027e+00 5.877799999999999692e-02 1.194800000000000084e+00
1.287800000000000000e+04 2.752100000000000032e-02 1.544499999999999984e+00 8.080700000000000383e-02 1.546899999999999942e+00
1.364000000000000000e+04 4.477500000000000230e-02 1.944700000000000095e+00 1.078000000000000069e-01 1.948199999999999932e+00
1.425500000000000000e+04 5.977799999999999780e-02 2.309400000000000119e+00 1.341199999999999892e-01 2.314099999999999824e+00
1.468800000000000000e+04 7.177699999999999358e-02 2.616000000000000103e+00 1.576400000000000023e-01 2.621700000000000141e+00
1.503200000000000000e+04 8.336100000000000454e-02 2.929199999999999804e+00 1.839399999999999924e-01 2.936100000000000154e+00
1.522200000000000000e+04 8.903500000000000303e-02 3.085500000000000131e+00 1.975000000000000089e-01 3.093100000000000183e+00
