1.000000000000000000e+00 -1.558489999999999931e+00 3.605740000000000056e-01 1.500000000000000000e+00
2.870000000000000000e+02 -1.725313909999999895e+00 3.958593100000000198e-01 2.860079015999999807e+00
1.010000000000000000e+03 -2.056375869999999662e+00 4.599113000000000229e-01 5.600653649999999928e+00
1.886000000000000000e+03 -2.356370500000000145e+00 5.094705000000000483e-01 8.321841700000000230e+00
3.042000000000000000e+03 -2.649088000000000331e+00 5.684240000000000403e-01 1.174483150000000009e+01
4.109000000000000000e+03 -2.703492000000000228e+00 4.719740000000000046e-01 1.584825529999999993e+01
5.423000000000000000e+03 -2.578342999999999829e+00 3.546500000000000208e-01 1.994227099999999808e+01
6.667000000000000000e+03 -2.434838999999999753e+00 2.474152699999999927e-01 2.404720100000000116e+01
7.843000000000000000e+03 -2.264060000000000183e+00 1.402940000000000020e-01 2.814374500000000268e+01
8.940000000000000000e+03 -2.072990000000000332e+00 5.856899999999998219e-02 3.225311699999999604e+01
9.994000000000000000e+03 -1.880870000000000264e+00 7.630000000000691784e-04 3.636501700000000170e+01
1.095700000000000000e+04 -1.680879999999999930e+00 -1.915599999999995084e-02 4.047100099999999401e+01
1.184300000000000000e+04 -1.474089999999999900e+00 -5.570000000000074891e-03 4.459061299999999761e+01
1.268800000000000000e+04 -1.261989999999999945e+00 5.247000000000001663e-02 4.871452999999999633e+01
1.345300000000000000e+04 -1.046920000000000073e+00 1.383400000000001295e-01 5.283281000000000205e+01
1.412000000000000000e+04 -8.662499999999999645e-01 2.230700000000003236e-01 5.627961999999999421e+01
1.459000000000000000e+04 -6.837200000000001054e-01 2.930500000000000327e-01 5.903195000000000192e+01
1.495500000000000000e+04 -2.370069999999999677e-01 3.555099999999997706e-01 6.176948999999999756e+01
1.518600000000000000e+04 -1.324999999999998401e-02 3.824000000000000732e-01 6.314848999999999535e+01
1.370000000000000000e+02 1.558489999999999931e+00 -3.636220000000000008e-01 1.500000000000000000e+00
3.970000000000000000e+02 1.725269399999999953e+00 -4.054062999999999972e-01 2.859938232999999830e+00
1.218000000000000000e+03 1.818858719999999929e+00 -4.385683999999999694e-01 5.599768029999999897e+00
2.088000000000000000e+03 1.846754999999999924e+00 -4.617660000000000098e-01 8.319524930000000040e+00
3.242000000000000000e+03 1.786509999999999820e+00 -4.700340000000000074e-01 1.173906651999999973e+01
4.428000000000000000e+03 1.851535999999999849e+00 -4.701960000000000028e-01 1.583831739999999932e+01
5.729000000000000000e+03 1.803361999999999910e+00 -4.545600000000000196e-01 1.992829910000000027e+01
6.960000000000000000e+03 1.757010000000000183e+00 -4.505969999999999698e-01 2.402913736000000000e+01
8.118000000000000000e+03 1.701160000000000005e+00 -4.413949999999999818e-01 2.812132250000000155e+01
9.204000000000000000e+03 1.646410000000000151e+00 -4.137759999999999772e-01 3.222608359999999550e+01
1.023900000000000000e+04 1.600750000000000117e+00 -3.748200000000000420e-01 3.633397099999999824e+01
1.118100000000000000e+04 1.562720000000000109e+00 -3.111700000000000577e-01 4.043596599999999341e+01
1.205600000000000000e+04 1.528149999999999897e+00 -2.280200000000001115e-01 4.455247500000000116e+01
1.287800000000000000e+04 1.497389999999999999e+00 -1.201200000000000045e-01 4.867478700000000202e+01
1.364000000000000000e+04 1.468729999999999869e+00 9.809999999999874376e-03 5.279221300000000383e+01
1.425500000000000000e+04 1.445896000000000070e+00 1.282600000000000406e-01 5.623894999999999555e+01
1.468800000000000000e+04 1.402333000000000052e+00 2.242799999999998128e-01 5.899313000000000073e+01
1.503200000000000000e+04 1.182258000000000031e+00 3.125400000000002620e-01 6.174228999999999701e+01
1.522200000000000000e+04 1.072249999999999925e+00 3.515000000000001457e-01 6.312729999999999819e+01
