1.000000000000000000e+00 -1.558489999999999931e+00 3.605740000000000056e-01 1.500000000000000000e+00
2.870000000000000000e+02 -1.724911469999999891e+00 3.957820900000000308e-01 2.859936650999999941e+00
1.010000000000000000e+03 -2.056319809999999748e+00 4.600314999999999821e-01 5.599674449999999304e+00
1.886000000000000000e+03 -2.360284669999999974e+00 5.109844000000000053e-01 8.319211300000000975e+00
3.042000000000000000e+03 -2.658159600000000289e+00 5.743139999999999912e-01 1.173937057000000017e+01
4.109000000000000000e+03 -2.721948999999999952e+00 4.850720000000000032e-01 1.584071454999999951e+01
5.423000000000000000e+03 -2.608394999999999797e+00 3.760599999999999499e-01 1.993365289999999845e+01
6.667000000000000000e+03 -2.478424999999999656e+00 2.799352700000000138e-01 2.403806110000000018e+01
7.843000000000000000e+03 -2.322628000000000359e+00 1.870440000000000158e-01 2.813475900000000252e+01
8.940000000000000000e+03 -2.147677000000000280e+00 1.251989999999999492e-01 3.224497999999999820e+01
9.994000000000000000e+03 -1.972600000000000131e+00 9.205300000000005145e-02 3.635834499999999991e+01
1.095700000000000000e+04 -1.790259999999999962e+00 1.041639999999999233e-01 4.046664199999999312e+01
1.184300000000000000e+04 -1.601629999999999887e+00 1.563299999999998580e-01 4.458933499999999839e+01
1.268800000000000000e+04 -1.407930000000000126e+00 2.604699999999999793e-01 4.871712999999999738e+01
1.345300000000000000e+04 -1.211339999999999861e+00 3.986400000000001054e-01 5.284004000000000190e+01
1.412000000000000000e+04 -1.046180000000000110e+00 5.308700000000001751e-01 5.629122999999999877e+01
1.459000000000000000e+04 -8.760499999999999954e-01 6.399500000000002409e-01 5.904742999999999853e+01
1.495500000000000000e+04 -4.416469999999999563e-01 7.396099999999998786e-01 6.178990000000000293e+01
1.518600000000000000e+04 -2.240699999999999914e-01 7.850000000000001421e-01 6.317138999999999527e+01
1.370000000000000000e+02 1.558489999999999931e+00 -3.636220000000000008e-01 1.500000000000000000e+00
3.970000000000000000e+02 1.725257599999999947e+00 -4.053360999999999770e-01 2.860094211999999914e+00
1.218000000000000000e+03 1.819427000000000127e+00 -4.382943999999999729e-01 5.600393179999999305e+00
2.088000000000000000e+03 1.846462599999999954e+00 -4.605940000000000034e-01 8.320959930000000782e+00
3.242000000000000000e+03 1.781525399999999815e+00 -4.659739999999999993e-01 1.174244950000000109e+01
4.428000000000000000e+03 1.833065299999999898e+00 -4.609769999999999701e-01 1.584350180000000030e+01
5.729000000000000000e+03 1.773085000000000022e+00 -4.379800000000000360e-01 1.993445690000000070e+01
6.960000000000000000e+03 1.712830000000000075e+00 -4.241570000000000062e-01 2.403610210000000080e+01
8.118000000000000000e+03 1.641727999999999854e+00 -4.021449999999999747e-01 2.812899820000000162e+01
9.204000000000000000e+03 1.570985000000000076e+00 -3.563759999999999151e-01 3.223457099999999542e+01
1.023900000000000000e+04 1.507980000000000098e+00 -2.941800000000001081e-01 3.634351099999999946e+01
1.118100000000000000e+04 1.452530000000000099e+00 -2.002300000000001301e-01 4.044690399999999642e+01
1.205600000000000000e+04 1.399859999999999882e+00 -8.002000000000020208e-02 4.456524299999999528e+01
1.287800000000000000e+04 1.350870000000000015e+00 7.278000000000006686e-02 4.869001500000000249e+01
1.364000000000000000e+04 1.303930000000000033e+00 2.546100000000000030e-01 5.281049000000000149e+01
1.425500000000000000e+04 1.265795999999999921e+00 4.205600000000000449e-01 5.626024999999999920e+01
1.468800000000000000e+04 1.210013000000000005e+00 5.566800000000000637e-01 5.901704000000000150e+01
1.503200000000000000e+04 9.776480000000000725e-01 6.865399999999999281e-01 6.176834000000000202e+01
1.522200000000000000e+04 8.614299999999999180e-01 7.461000000000002075e-01 6.315446000000000026e+01
