1.000000000000000000e+00 0.000000000000000000e+00 0.000000000000000000e+00 0.000000000000000000e+00 0.000000000000000000e+00
2.870000000000000000e+02 -2.638799999999999740e-04 6.023400000000000368e-04 7.900799999999999978e-05 6.623399999999999774e-04
1.010000000000000000e+03 2.641699999999999864e-04 3.313400000000000199e-03 6.535900000000000086e-04 3.387600000000000160e-03
1.886000000000000000e+03 4.079400000000000387e-03 7.929099999999999690e-03 1.841600000000000095e-03 9.105099999999999652e-03
3.042000000000000000e+03 1.417200000000000057e-02 4.299399999999999750e-02 4.831199999999999904e-03 4.552699999999999803e-02
4.109000000000000000e+03 3.186800000000000049e-02 8.639099999999999557e-02 8.255000000000000185e-03 9.245100000000000540e-02
5.423000000000000000e+03 5.451799999999999702e-02 1.518500000000000127e-01 1.227100000000000066e-02 1.618100000000000094e-01
6.667000000000000000e+03 8.310099999999999432e-02 2.392600000000000005e-01 1.720100000000000101e-02 2.538699999999999846e-01
7.843000000000000000e+03 1.179499999999999993e-01 3.499900000000000233e-01 2.374599999999999975e-02 3.700899999999999745e-01
8.940000000000000000e+03 1.611799999999999899e-01 5.055699999999999639e-01 3.311800000000000160e-02 5.316699999999999759e-01
9.994000000000000000e+03 2.111500000000000044e-01 6.979600000000000248e-01 4.501900000000000346e-02 7.305899999999999617e-01
1.095700000000000000e+04 2.675000000000000155e-01 9.441500000000000448e-01 6.100400000000000267e-02 9.832100000000000284e-01
1.184300000000000000e+04 3.292200000000000126e-01 1.237700000000000022e+00 8.061699999999999422e-02 1.283300000000000107e+00
1.268800000000000000e+04 3.950500000000000123e-01 1.585800000000000098e+00 1.045399999999999940e-01 1.637599999999999945e+00
1.345300000000000000e+04 4.633499999999999841e-01 1.979200000000000070e+00 1.328199999999999936e-01 2.036999999999999922e+00
1.412000000000000000e+04 5.213999999999999746e-01 2.335399999999999920e+00 1.596299999999999941e-01 2.398299999999999876e+00
1.459000000000000000e+04 5.678600000000000314e-01 2.630799999999999805e+00 1.819600000000000106e-01 2.697499999999999787e+00
1.495500000000000000e+04 6.143999999999999462e-01 2.920799999999999841e+00 1.995000000000000107e-01 2.991400000000000059e+00
1.518600000000000000e+04 6.380599999999999605e-01 3.065599999999999881e+00 2.084999999999999909e-01 3.138300000000000090e+00
1.370000000000000000e+02 0.000000000000000000e+00 0.000000000000000000e+00 0.000000000000000000e+00 0.000000000000000000e+00
3.970000000000000000e+02 2.193999999999999932e-04 9.307500000000000452e-04 -6.175699999999999842e-05 9.582599999999999495e-04
1.218000000000000000e+03 8.987900000000000056e-04 5.054900000000000192e-03 -2.319300000000000105e-04 5.139399999999999698e-03
2.088000000000000000e+03 3.375099999999999802e-03 1.340700000000000051e-02 -4.749700000000000146e-04 1.383299999999999981e-02
3.242000000000000000e+03 1.100100000000000036e-02 3.583599999999999980e-02 -9.332400000000000027e-04 3.749799999999999661e-02
4.428000000000000000e+03 2.796600000000000127e-02 7.008799999999999752e-02 -1.682200000000000015e-03 7.548100000000000642e-02
5.729000000000000000e+03 4.812099999999999711e-02 1.290199999999999958e-01 -1.700399999999999915e-03 1.377099999999999991e-01
6.960000000000000000e+03 7.838000000000000522e-02 2.066699999999999926e-01 -8.620299999999999577e-04 2.210300000000000042e-01
8.118000000000000000e+03 1.131500000000000006e-01 3.114199999999999746e-01 1.323299999999999910e-03 3.313400000000000234e-01
9.204000000000000000e+03 1.569699999999999984e-01 4.601100000000000190e-01 6.084799999999999584e-03 4.861900000000000110e-01
1.023900000000000000e+04 2.060800000000000132e-01 6.494999999999999662e-01 1.397299999999999931e-02 6.815600000000000547e-01
1.118100000000000000e+04 2.638099999999999890e-01 8.900200000000000333e-01 2.596800000000000150e-02 9.286499999999999755e-01
1.205600000000000000e+04 3.259500000000000175e-01 1.179599999999999982e+00 4.247800000000000187e-02 1.224499999999999922e+00
1.287800000000000000e+04 3.927100000000000035e-01 1.525099999999999900e+00 6.479300000000000337e-02 1.576200000000000045e+00
1.364000000000000000e+04 4.618900000000000228e-01 1.917899999999999938e+00 9.221999999999999642e-02 1.974900000000000100e+00
1.425500000000000000e+04 5.208000000000000407e-01 2.275300000000000100e+00 1.189500000000000002e-01 2.337200000000000166e+00
1.468800000000000000e+04 5.679600000000000204e-01 2.575499999999999901e+00 1.431399999999999895e-01 2.641199999999999992e+00
1.503200000000000000e+04 6.146700000000000497e-01 2.881800000000000139e+00 1.723099999999999909e-01 2.951600000000000001e+00
1.522200000000000000e+04 6.380599999999999605e-01 3.034699999999999953e+00 1.873100000000000043e-01 3.106700000000000017e+00
