1.000000000000000000e+00 -1.558489999999999931e+00 3.605740000000000056e-01 1.500000000000000000e+00
2.870000000000000000e+02 -1.725313920000000056e+00 3.958593100000000198e-01 2.860079017999999973e+00
1.010000000000000000e+03 -2.056375879999999601e+00 4.599112000000000200e-01 5.600653659999999867e+00
1.886000000000000000e+03 -2.356370500000000145e+00 5.094703999999999899e-01 8.321841799999999623e+00
3.042000000000000000e+03 -2.649088000000000331e+00 5.684230000000000116e-01 1.174483159999999948e+01
4.109000000000000000e+03 -2.703492000000000228e+00 4.719720000000000026e-01 1.584825539999999933e+01
5.423000000000000000e+03 -2.578342999999999829e+00 3.546500000000000208e-01 1.994227099999999808e+01
6.667000000000000000e+03 -2.434838999999999753e+00 2.474052700000000105e-01 2.404720100000000116e+01
7.843000000000000000e+03 -2.264060000000000183e+00 1.402839999999999920e-01 2.814374500000000268e+01
8.940000000000000000e+03 -2.072990000000000332e+00 5.855900000000002770e-02 3.225311599999999856e+01
9.994000000000000000e+03 -1.880870000000000264e+00 7.530000000000036664e-04 3.636501599999999712e+01
1.095700000000000000e+04 -1.680879999999999930e+00 -1.917599999999997085e-02 4.047099999999999653e+01
1.184300000000000000e+04 -1.474089999999999900e+00 -5.570000000000074891e-03 4.459061200000000014e+01
1.268800000000000000e+04 -1.261989999999999945e+00 5.247000000000001663e-02 4.871452999999999633e+01
1.345300000000000000e+04 -1.046920000000000073e+00 1.383400000000001295e-01 5.283281000000000205e+01
1.412000000000000000e+04 -8.662499999999999645e-01 2.229700000000001125e-01 5.627961999999999421e+01
1.459000000000000000e+04 -6.837200000000001054e-01 2.930500000000000327e-01 5.903193999999999875e+01
1.495500000000000000e+04 -2.370069999999999677e-01 3.555099999999997706e-01 6.176948000000000150e+01
1.518600000000000000e+04 -1.324999999999998401e-02 3.824000000000000732e-01 6.314847999999999928e+01
1.370000000000000000e+02 1.558489999999999931e+00 -3.636220000000000008e-01 1.500000000000000000e+00
3.970000000000000000e+02 1.725269399999999953e+00 -4.054063199999999867e-01 2.859938230000000026e+00
1.218000000000000000e+03 1.818858690000000111e+00 -4.385684999999999722e-01 5.599768019999999957e+00
2.088000000000000000e+03 1.846754900000000088e+00 -4.617660000000000098e-01 8.319524910000000162e+00
3.242000000000000000e+03 1.786509999999999820e+00 -4.700349999999999806e-01 1.173906645000000104e+01
4.428000000000000000e+03 1.851536999999999988e+00 -4.701969999999999761e-01 1.583831729999999993e+01
5.729000000000000000e+03 1.803361999999999910e+00 -4.545600000000000196e-01 1.992829899999999910e+01
6.960000000000000000e+03 1.757010000000000183e+00 -4.506069999999999798e-01 2.402913719000000015e+01
8.118000000000000000e+03 1.701160000000000005e+00 -4.413949999999999818e-01 2.812132230000000277e+01
9.204000000000000000e+03 1.646410000000000151e+00 -4.137759999999999772e-01 3.222608329999999910e+01
1.023900000000000000e+04 1.600750000000000117e+00 -3.748300000000001075e-01 3.633397000000000077e+01
1.118100000000000000e+04 1.562720000000000109e+00 -3.111900000000000777e-01 4.043596499999999594e+01
1.205600000000000000e+04 1.528149999999999897e+00 -2.280200000000001115e-01 4.455247399999999658e+01
1.287800000000000000e+04 1.497389999999999999e+00 -1.201200000000000045e-01 4.867478599999999744e+01
1.364000000000000000e+04 1.468720000000000026e+00 9.809999999999874376e-03 5.279221200000000636e+01
1.425500000000000000e+04 1.445886000000000005e+00 1.281600000000002737e-01 5.623893999999999949e+01
1.468800000000000000e+04 1.402333000000000052e+00 2.241800000000000459e-01 5.899312000000000467e+01
1.503200000000000000e+04 1.182258000000000031e+00 3.124400000000000510e-01 6.174228999999999701e+01
1.522200000000000000e+04 1.072249999999999925e+00 3.514000000000003787e-01 6.312729999999999819e+01
