1.000000000000000000e+00 0.000000000000000000e+00 0.000000000000000000e+00 0.000000000000000000e+00 0.000000000000000000e+00
2.870000000000000000e+02 -2.076000000000000046e-04 6.512799999999999579e-04 6.232200000000000402e-05 6.863999999999999876e-04
1.010000000000000000e+03 3.331000000000000193e-04 3.687999999999999872e-03 5.386399999999999522e-04 3.742000000000000100e-03
1.886000000000000000e+03 3.827000000000000107e-03 9.061899999999999469e-03 1.527499999999999995e-03 9.954799999999999760e-03
3.042000000000000000e+03 1.407399999999999970e-02 4.871099999999999736e-02 4.237799999999999900e-03 5.088000000000000161e-02
4.109000000000000000e+03 3.182399999999999812e-02 9.829899999999999749e-02 7.554299999999999904e-03 1.035999999999999976e-01
5.423000000000000000e+03 5.457499999999999851e-02 1.727700000000000069e-01 1.172199999999999978e-02 1.815599999999999992e-01
6.667000000000000000e+03 8.342600000000000016e-02 2.723599999999999910e-01 1.701000000000000081e-02 2.853600000000000025e-01
7.843000000000000000e+03 1.188400000000000012e-01 3.988300000000000178e-01 2.424600000000000019e-02 4.168700000000000183e-01
8.940000000000000000e+03 1.632200000000000040e-01 5.770600000000000174e-01 3.480699999999999766e-02 6.007099999999999662e-01
9.994000000000000000e+03 2.147499999999999964e-01 7.979699999999999571e-01 4.836399999999999727e-02 8.277799999999999603e-01
1.095700000000000000e+04 2.731100000000000194e-01 1.081599999999999895e+00 6.675200000000000577e-02 1.117599999999999927e+00
1.184300000000000000e+04 3.371399999999999952e-01 1.420700000000000074e+00 8.946700000000000486e-02 1.462900000000000089e+00
1.268800000000000000e+04 4.055300000000000016e-01 1.824000000000000066e+00 1.173099999999999976e-01 1.872200000000000086e+00
1.345300000000000000e+04 4.764700000000000046e-01 2.280699999999999950e+00 1.503599999999999937e-01 2.334799999999999986e+00
1.412000000000000000e+04 5.367199999999999749e-01 2.694900000000000073e+00 1.817699999999999871e-01 2.753899999999999793e+00
1.459000000000000000e+04 5.848900000000000210e-01 3.038600000000000190e+00 2.080200000000000105e-01 3.101300000000000168e+00
1.495500000000000000e+04 6.331799999999999651e-01 3.375199999999999978e+00 2.292299999999999893e-01 3.441699999999999982e+00
1.518600000000000000e+04 6.577699999999999658e-01 3.543200000000000127e+00 2.400799999999999879e-01 3.611699999999999910e+00
1.370000000000000000e+02 0.000000000000000000e+00 0.000000000000000000e+00 0.000000000000000000e+00 0.000000000000000000e+00
3.970000000000000000e+02 2.332299999999999879e-04 1.048000000000000103e-03 -3.867400000000000275e-05 1.074300000000000038e-03
1.218000000000000000e+03 1.049400000000000029e-03 5.675699999999999669e-03 -1.419400000000000132e-04 5.773600000000000260e-03
2.088000000000000000e+03 3.585500000000000145e-03 1.511900000000000049e-02 -2.649600000000000110e-04 1.554099999999999926e-02
3.242000000000000000e+03 1.113800000000000033e-02 4.050200000000000328e-02 -4.066699999999999807e-04 4.200700000000000267e-02
4.428000000000000000e+03 2.741800000000000140e-02 7.932000000000000162e-02 -8.642500000000000009e-04 8.393000000000000460e-02
5.729000000000000000e+03 4.736100000000000032e-02 1.461699999999999944e-01 -6.583900000000000169e-04 1.536500000000000088e-01
6.960000000000000000e+03 7.800500000000000489e-02 2.346000000000000030e-01 4.782499999999999967e-04 2.472300000000000053e-01
8.118000000000000000e+03 1.131999999999999951e-01 3.538399999999999879e-01 3.113499999999999948e-03 3.715200000000000169e-01
9.204000000000000000e+03 1.582000000000000073e-01 5.235100000000000309e-01 8.646100000000000313e-03 5.469600000000000017e-01
1.023900000000000000e+04 2.087199999999999889e-01 7.402600000000000291e-01 1.776200000000000001e-02 7.693200000000000038e-01
1.118100000000000000e+04 2.686399999999999899e-01 1.016399999999999970e+00 3.157599999999999990e-02 1.051700000000000079e+00
1.205600000000000000e+04 3.331600000000000117e-01 1.349900000000000100e+00 5.059500000000000108e-02 1.391299999999999981e+00
1.287800000000000000e+04 4.026100000000000234e-01 1.749000000000000110e+00 7.632200000000000095e-02 1.796399999999999997e+00
1.364000000000000000e+04 4.746400000000000063e-01 2.204200000000000159e+00 1.079999999999999988e-01 2.257299999999999862e+00
1.425500000000000000e+04 5.359500000000000375e-01 2.619400000000000173e+00 1.389199999999999879e-01 2.677299999999999791e+00
1.468800000000000000e+04 5.849999999999999645e-01 2.968599999999999905e+00 1.668699999999999906e-01 3.030299999999999994e+00
1.503200000000000000e+04 6.334999999999999520e-01 3.325800000000000090e+00 2.003000000000000058e-01 3.391500000000000181e+00
1.522200000000000000e+04 6.577699999999999658e-01 3.504100000000000215e+00 2.175100000000000089e-01 3.571899999999999853e+00
