0.000000000000000000e+00 0.000000000000000000e+00 0.000000000000000000e+00 0.000000000000000000e+00 0.000000000000000000e+00 0.000000000000000000e+00 0.000000000000000000e+00 0.000000000000000000e+00 0.000000000000000000e+00 0.000000000000000000e+00
5.724900000000000431e-04 5.940700000000000364e-04 3.645599999999999926e-04 5.247500000000000428e-04 6.023899999999999567e-04 3.626300000000000161e-04 5.250699999999999855e-04 6.022999999999999491e-04 3.626300000000000161e-04 5.250899999999999752e-04
3.768500000000000148e-03 3.250900000000000144e-03 2.935399999999999902e-03 3.431200000000000135e-03 3.313799999999999992e-03 2.922600000000000024e-03 3.433400000000000080e-03 3.313200000000000086e-03 2.922500000000000184e-03 3.433499999999999920e-03
1.041000000000000085e-02 7.741800000000000070e-03 9.077500000000000499e-03 9.435699999999999990e-03 7.930200000000000096e-03 9.041900000000000284e-03 9.442000000000000740e-03 7.928199999999999831e-03 9.041900000000000284e-03 9.442400000000000099e-03
5.380100000000000160e-02 4.206499999999999823e-02 4.449000000000000177e-02 4.884800000000000253e-02 4.299900000000000250e-02 4.431600000000000122e-02 4.887999999999999984e-02 4.299000000000000044e-02 4.431600000000000122e-02 4.888100000000000084e-02
1.097100000000000020e-01 8.444400000000000517e-02 9.171700000000000685e-02 9.941600000000000437e-02 8.640200000000000657e-02 9.135200000000000264e-02 9.948200000000000098e-02 8.638300000000000145e-02 9.135200000000000264e-02 9.948400000000000298e-02
1.913199999999999901e-01 1.484199999999999964e-01 1.582899999999999863e-01 1.731300000000000061e-01 1.518700000000000050e-01 1.576299999999999923e-01 1.732400000000000051e-01 1.518400000000000027e-01 1.576299999999999923e-01 1.732499999999999873e-01
3.004600000000000048e-01 2.338099999999999901e-01 2.469999999999999973e-01 2.715799999999999881e-01 2.393000000000000127e-01 2.459600000000000120e-01 2.717600000000000016e-01 2.392400000000000082e-01 2.459600000000000120e-01 2.717700000000000116e-01
4.391300000000000203e-01 3.419200000000000017e-01 3.593700000000000228e-01 3.964300000000000046e-01 3.500400000000000178e-01 3.578200000000000269e-01 3.966999999999999971e-01 3.499599999999999933e-01 3.578200000000000269e-01 3.967200000000000171e-01
6.343800000000000550e-01 4.937099999999999822e-01 5.170700000000000296e-01 5.717400000000000260e-01 5.056399999999999784e-01 5.147699999999999498e-01 5.721500000000000474e-01 5.055199999999999694e-01 5.147800000000000153e-01 5.721699999999999564e-01
8.763699999999999823e-01 6.813000000000000167e-01 7.121300000000000407e-01 7.885999999999999677e-01 6.980600000000000138e-01 7.088999999999999746e-01 7.891700000000000381e-01 6.978900000000000103e-01 7.088999999999999746e-01 7.892000000000000126e-01
1.187300000000000022e+00 9.211300000000000043e-01 9.626299999999999857e-01 1.066500000000000004e+00 9.442800000000000082e-01 9.581499999999999462e-01 1.067299999999999915e+00 9.440499999999999448e-01 9.581499999999999462e-01 1.067399999999999904e+00
1.559399999999999897e+00 1.206900000000000084e+00 1.262000000000000011e+00 1.398300000000000098e+00 1.237900000000000000e+00 1.256000000000000005e+00 1.399399999999999977e+00 1.237600000000000033e+00 1.256000000000000005e+00 1.399499999999999966e+00
2.001799999999999802e+00 1.545600000000000085e+00 1.617899999999999894e+00 1.792200000000000015e+00 1.586100000000000065e+00 1.610100000000000087e+00 1.793600000000000083e+00 1.585599999999999898e+00 1.610100000000000087e+00 1.793700000000000072e+00
2.502899999999999903e+00 1.927999999999999936e+00 2.020799999999999930e+00 2.237400000000000055e+00 1.979500000000000037e+00 2.010800000000000143e+00 2.239199999999999857e+00 1.978900000000000103e+00 2.010800000000000143e+00 2.239300000000000068e+00
2.957199999999999829e+00 2.274199999999999999e+00 2.386200000000000099e+00 2.640800000000000036e+00 2.335799999999999876e+00 2.374200000000000088e+00 2.642900000000000027e+00 2.335199999999999942e+00 2.374200000000000088e+00 2.643100000000000005e+00
3.333800000000000097e+00 2.561199999999999921e+00 2.689299999999999802e+00 2.974899999999999878e+00 2.631200000000000205e+00 2.675699999999999967e+00 2.977399999999999824e+00 2.630500000000000060e+00 2.675600000000000200e+00 2.977500000000000036e+00
3.701600000000000001e+00 2.843100000000000183e+00 2.986499999999999932e+00 3.301800000000000068e+00 2.921300000000000008e+00 2.971299999999999830e+00 3.304499999999999993e+00 2.920500000000000096e+00 2.971200000000000063e+00 3.304699999999999971e+00
3.885099999999999998e+00 2.983999999999999986e+00 3.134900000000000020e+00 3.464999999999999858e+00 3.066199999999999815e+00 3.118900000000000006e+00 3.467799999999999994e+00 3.065300000000000136e+00 3.118900000000000006e+00 3.467999999999999972e+00
0.000000000000000000e+00 0.000000000000000000e+00 0.000000000000000000e+00 0.000000000000000000e+00 0.000000000000000000e+00 0.000000000000000000e+00 0.000000000000000000e+00 0.000000000000000000e+00 0.000000000000000000e+00 0.000000000000000000e+00
1.104100000000000003e-03 9.114299999999999659e-04 8.456499999999999824e-04 1.000199999999999917e-03 9.308699999999999830e-04 8.418399999999999495e-04 1.000900000000000097e-03 9.306699999999999782e-04 8.418399999999999495e-04 1.000900000000000097e-03
5.878300000000000365e-03 4.952500000000000305e-03 4.368799999999999940e-03 5.324899999999999599e-03 5.055500000000000098e-03 4.348399999999999661e-03 5.328399999999999630e-03 5.054499999999999965e-03 4.348499999999999935e-03 5.328600000000000177e-03
1.607799999999999854e-02 1.312499999999999951e-02 1.248900000000000010e-02 1.456700000000000009e-02 1.340900000000000078e-02 1.243400000000000061e-02 1.457699999999999968e-02 1.340599999999999951e-02 1.243400000000000061e-02 1.457800000000000068e-02
4.395700000000000301e-02 3.506700000000000095e-02 3.548699999999999771e-02 3.986599999999999866e-02 3.583999999999999686e-02 3.533800000000000135e-02 3.989299999999999791e-02 3.583200000000000274e-02 3.533800000000000135e-02 3.989399999999999891e-02
8.731600000000000472e-02 6.856299999999999895e-02 7.252599999999999325e-02 7.924799999999999900e-02 7.009700000000000653e-02 7.223000000000000254e-02 7.930099999999999649e-02 7.008200000000000540e-02 7.223000000000000254e-02 7.930299999999999849e-02
1.605100000000000138e-01 1.261799999999999866e-01 1.325900000000000134e-01 1.454900000000000082e-01 1.290399999999999880e-01 1.320399999999999907e-01 1.455899999999999972e-01 1.290100000000000136e-01 1.320399999999999907e-01 1.455899999999999972e-01
2.574100000000000277e-01 2.020299999999999874e-01 2.119000000000000050e-01 2.329299999999999982e-01 2.066999999999999948e-01 2.109900000000000109e-01 2.330899999999999916e-01 2.066500000000000004e-01 2.109900000000000109e-01 2.331000000000000016e-01
3.876100000000000101e-01 3.043600000000000194e-01 3.181200000000000139e-01 3.503899999999999793e-01 3.114600000000000146e-01 3.167400000000000215e-01 3.506299999999999972e-01 3.113900000000000001e-01 3.167400000000000215e-01 3.506500000000000172e-01
5.727799999999999558e-01 4.495299999999999851e-01 4.683899999999999730e-01 5.170900000000000496e-01 4.601799999999999780e-01 4.663100000000000023e-01 5.174600000000000311e-01 4.600699999999999790e-01 4.663100000000000023e-01 5.174800000000000511e-01
8.093599999999999683e-01 6.343100000000000405e-01 6.598199999999999621e-01 7.295500000000000318e-01 6.495900000000000007e-01 6.568399999999999794e-01 7.300699999999999967e-01 6.494400000000000173e-01 6.568399999999999794e-01 7.300999999999999712e-01
1.111299999999999955e+00 8.687899999999999512e-01 9.040899999999999492e-01 1.000099999999999989e+00 8.901400000000000423e-01 8.999200000000000532e-01 1.000799999999999912e+00 8.899200000000000443e-01 8.999099999999999877e-01 1.000899999999999901e+00
1.476399999999999935e+00 1.150900000000000034e+00 1.199000000000000066e+00 1.326400000000000023e+00 1.179699999999999971e+00 1.193400000000000016e+00 1.327399999999999913e+00 1.179400000000000004e+00 1.193300000000000027e+00 1.327499999999999902e+00
1.913699999999999957e+00 1.487200000000000077e+00 1.552000000000000046e+00 1.716499999999999915e+00 1.525300000000000100e+00 1.544599999999999973e+00 1.717799999999999994e+00 1.524899999999999922e+00 1.544599999999999973e+00 1.717899999999999983e+00
2.412799999999999834e+00 1.869199999999999973e+00 1.954299999999999926e+00 2.160600000000000076e+00 1.918199999999999905e+00 1.944800000000000084e+00 2.162300000000000111e+00 1.917599999999999971e+00 1.944800000000000084e+00 2.162500000000000089e+00
2.868199999999999861e+00 2.216699999999999893e+00 2.321099999999999941e+00 2.565300000000000136e+00 2.275700000000000056e+00 2.309499999999999886e+00 2.567299999999999915e+00 2.275100000000000122e+00 2.309499999999999886e+00 2.567499999999999893e+00
3.251300000000000079e+00 2.508399999999999963e+00 2.629300000000000193e+00 2.905199999999999783e+00 2.575899999999999856e+00 2.616099999999999870e+00 2.907500000000000195e+00 2.575200000000000156e+00 2.616099999999999870e+00 2.907700000000000173e+00
3.643400000000000194e+00 2.805899999999999839e+00 2.944199999999999928e+00 3.252699999999999925e+00 2.882299999999999862e+00 2.929300000000000015e+00 3.255300000000000082e+00 2.881400000000000183e+00 2.929300000000000015e+00 3.255599999999999827e+00
3.839100000000000179e+00 2.954400000000000137e+00 3.101399999999999935e+00 3.426099999999999923e+00 3.035200000000000120e+00 3.085700000000000109e+00 3.428900000000000059e+00 3.034299999999999997e+00 3.085599999999999898e+00 3.429100000000000037e+00
