1.000000000000000000e+00 -1.558489999999999931e+00 3.605740000000000056e-01 1.500000000000000000e+00
2.870000000000000000e+02 -1.724911709999999987e+00 3.957817500000000432e-01 2.859936712999999742e+00
1.010000000000000000e+03 -2.056320259999999678e+00 4.600292000000000270e-01 5.599674869999999416e+00
1.886000000000000000e+03 -2.360284270000000184e+00 5.109777000000000902e-01 8.319212440000001152e+00
3.042000000000000000e+03 -2.658161400000000008e+00 5.742810000000000414e-01 1.173937244999999940e+01
4.109000000000000000e+03 -2.721954999999999902e+00 4.850039999999999907e-01 1.584071619000000020e+01
5.423000000000000000e+03 -2.608406000000000002e+00 3.759399999999999964e-01 1.993365299999999962e+01
6.667000000000000000e+03 -2.478442999999999952e+00 2.797452699999999903e-01 2.403805850000000177e+01
7.843000000000000000e+03 -2.322656999999999972e+00 1.867540000000000033e-01 2.813475200000000243e+01
8.940000000000000000e+03 -2.147722000000000353e+00 1.247690000000000188e-01 3.224496500000000054e+01
9.994000000000000000e+03 -1.972660000000000080e+00 9.145300000000000651e-02 3.635831900000000161e+01
1.095700000000000000e+04 -1.790359999999999951e+00 1.032640000000000224e-01 4.046660099999999716e+01
1.184300000000000000e+04 -1.601750000000000007e+00 1.551299999999999901e-01 4.458927299999999860e+01
1.268800000000000000e+04 -1.408079999999999998e+00 2.589699999999999225e-01 4.871705000000000041e+01
1.345300000000000000e+04 -1.211529999999999996e+00 3.967400000000000926e-01 5.283993000000000251e+01
1.412000000000000000e+04 -1.046389999999999931e+00 5.285700000000002063e-01 5.629108000000000089e+01
1.459000000000000000e+04 -8.762900000000000134e-01 6.373500000000000831e-01 5.904724999999999824e+01
1.495500000000000000e+04 -4.419169999999999487e-01 7.367099999999999760e-01 6.178970999999999947e+01
1.518600000000000000e+04 -2.243499999999999939e-01 7.820000000000000284e-01 6.317118999999999573e+01
1.370000000000000000e+02 1.558489999999999931e+00 -3.636220000000000008e-01 1.500000000000000000e+00
3.970000000000000000e+02 1.725257510000000050e+00 -4.053367999999999971e-01 2.860094118999999768e+00
1.218000000000000000e+03 1.819426200000000104e+00 -4.382980999999999683e-01 5.600392819999999716e+00
2.088000000000000000e+03 1.846461099999999966e+00 -4.606049999999999867e-01 8.320959099999999609e+00
3.242000000000000000e+03 1.781522999999999968e+00 -4.660019999999999718e-01 1.174244739999999965e+01
4.428000000000000000e+03 1.833062399999999981e+00 -4.610319999999999974e-01 1.584349869999999960e+01
5.729000000000000000e+03 1.773078999999999850e+00 -4.380800000000000249e-01 1.993445290000000014e+01
6.960000000000000000e+03 1.712816000000000116e+00 -4.243270000000000097e-01 2.403609670000000165e+01
8.118000000000000000e+03 1.641703999999999830e+00 -4.024050000000000127e-01 2.812899050000000045e+01
9.204000000000000000e+03 1.570944000000000118e+00 -3.567659999999999165e-01 3.223455899999999730e+01
1.023900000000000000e+04 1.507920000000000149e+00 -2.947300000000000475e-01 3.634349199999999769e+01
1.118100000000000000e+04 1.452440000000000175e+00 -2.010300000000000420e-01 4.044687399999999400e+01
1.205600000000000000e+04 1.399739999999999984e+00 -8.112000000000008093e-02 4.456519699999999773e+01
1.287800000000000000e+04 1.350719999999999921e+00 7.137999999999999901e-02 4.868994699999999654e+01
1.364000000000000000e+04 1.303739999999999899e+00 2.527099999999999902e-01 5.281040000000000134e+01
1.425500000000000000e+04 1.265576000000000034e+00 4.183600000000002872e-01 5.626012000000000057e+01
1.468800000000000000e+04 1.209762999999999922e+00 5.541799999999996729e-01 5.901689000000000362e+01
1.503200000000000000e+04 9.773780000000000800e-01 6.836400000000000254e-01 6.176816000000000173e+01
1.522200000000000000e+04 8.611499999999999710e-01 7.431000000000000938e-01 6.315426000000000073e+01
