1.000000000000000000e+00 0.000000000000000000e+00 0.000000000000000000e+00 0.000000000000000000e+00 0.000000000000000000e+00
2.870000000000000000e+02 4.161699999999999948e-04 3.623200000000000140e-04 -1.930699999999999929e-04 5.845899999999999578e-04
1.010000000000000000e+03 -2.022599999999999913e-05 2.920499999999999919e-03 -1.203700000000000039e-03 3.158900000000000076e-03
1.886000000000000000e+03 -4.117199999999999679e-03 9.036300000000000582e-03 -3.156299999999999904e-03 1.042000000000000044e-02
3.042000000000000000e+03 -5.831700000000000425e-03 4.428800000000000098e-02 -5.842499999999999603e-03 4.505100000000000077e-02
4.109000000000000000e+03 -9.380100000000000590e-03 9.129400000000000015e-02 -6.863900000000000036e-03 9.203100000000000169e-02
5.423000000000000000e+03 -1.324600000000000083e-02 1.575300000000000034e-01 -5.635499999999999884e-03 1.581799999999999873e-01
6.667000000000000000e+03 -1.618400000000000047e-02 2.457900000000000085e-01 -2.720900000000000055e-03 2.463400000000000034e-01
7.843000000000000000e+03 -1.709000000000000102e-02 3.575699999999999990e-01 2.616400000000000062e-03 3.579899999999999749e-01
8.940000000000000000e+03 -1.386399999999999959e-02 5.144100000000000339e-01 1.136900000000000063e-02 5.147199999999999553e-01
9.994000000000000000e+03 -7.447299999999999580e-03 7.083800000000000097e-01 2.317699999999999969e-02 7.087999999999999856e-01
1.095700000000000000e+04 2.389000000000000064e-03 9.574399999999999578e-01 3.968399999999999705e-02 9.582600000000000007e-01
1.184300000000000000e+04 1.500100000000000044e-02 1.254999999999999893e+00 6.040199999999999736e-02 1.256599999999999939e+00
1.268800000000000000e+04 2.988400000000000084e-02 1.608800000000000008e+00 8.595300000000000162e-02 1.611399999999999944e+00
1.345300000000000000e+04 4.614100000000000146e-02 2.009199999999999875e+00 1.163399999999999990e-01 2.013100000000000112e+00
1.412000000000000000e+04 6.019100000000000145e-02 2.372300000000000075e+00 1.451800000000000035e-01 2.377499999999999947e+00
1.459000000000000000e+04 7.139500000000000013e-02 2.673500000000000210e+00 1.697200000000000097e-01 2.679800000000000182e+00
1.495500000000000000e+04 8.278399999999999648e-02 2.968799999999999883e+00 1.928799999999999959e-01 2.976199999999999957e+00
1.518600000000000000e+04 8.873499999999999444e-02 3.116299999999999848e+00 2.046900000000000108e-01 3.124299999999999855e+00
1.370000000000000000e+02 0.000000000000000000e+00 0.000000000000000000e+00 0.000000000000000000e+00 0.000000000000000000e+00
3.970000000000000000e+02 2.128700000000000134e-04 8.412400000000000433e-04 2.535200000000000257e-04 9.040300000000000029e-04
1.218000000000000000e+03 2.186599999999999915e-03 4.345199999999999584e-03 1.052699999999999947e-03 4.976999999999999653e-03
2.088000000000000000e+03 2.937599999999999847e-03 1.242500000000000028e-02 2.482199999999999945e-03 1.300699999999999946e-02
3.242000000000000000e+03 3.493200000000000233e-04 3.531499999999999917e-02 6.026499999999999739e-03 3.582699999999999774e-02
4.428000000000000000e+03 -1.232399999999999989e-02 7.218299999999999716e-02 8.971399999999999167e-03 7.377499999999999336e-02
5.729000000000000000e+03 -1.839599999999999916e-02 1.319500000000000117e-01 1.092399999999999968e-02 1.336700000000000110e-01
6.960000000000000000e+03 -2.078899999999999845e-02 2.108500000000000096e-01 1.325299999999999916e-02 2.122900000000000065e-01
8.118000000000000000e+03 -2.217099999999999974e-02 3.165200000000000236e-01 1.646200000000000094e-02 3.177200000000000024e-01
9.204000000000000000e+03 -1.807699999999999932e-02 4.659800000000000053e-01 2.190599999999999839e-02 4.668499999999999872e-01
1.023900000000000000e+04 -1.287699999999999956e-02 6.563600000000000545e-01 3.021300000000000027e-02 6.571799999999999864e-01
1.118100000000000000e+04 -1.509399999999999934e-03 8.992499999999999938e-01 4.234999999999999876e-02 9.002499999999999947e-01
1.205600000000000000e+04 1.147899999999999962e-02 1.192399999999999904e+00 5.874299999999999661e-02 1.193899999999999961e+00
1.287800000000000000e+04 2.735500000000000084e-02 1.543400000000000105e+00 8.075400000000000633e-02 1.545700000000000074e+00
1.364000000000000000e+04 4.457099999999999951e-02 1.943200000000000038e+00 1.077300000000000063e-01 1.946700000000000097e+00
1.425500000000000000e+04 5.954199999999999771e-02 2.307700000000000085e+00 1.340200000000000002e-01 2.312300000000000022e+00
1.468800000000000000e+04 7.151499999999999524e-02 2.613900000000000112e+00 1.575199999999999934e-01 2.619699999999999918e+00
1.503200000000000000e+04 8.307399999999999507e-02 2.926899999999999835e+00 1.837999999999999912e-01 2.933800000000000185e+00
1.522200000000000000e+04 8.873499999999999444e-02 3.083099999999999952e+00 1.973499999999999976e-01 3.090700000000000003e+00
