1.308000000000000007e+01 1.308000000000000007e+01 1.308000000000000007e+01 1.308000000000000007e+01 1.308000000000000007e+01 1.308000000000000007e+01 1.308000000000000007e+01 1.308000000000000007e+01 1.308000000000000007e+01 1.308000000000000007e+01
1.307199999999999918e+01 1.307199999999999918e+01 1.307300000000000040e+01 1.307300000000000040e+01 1.307199999999999918e+01 1.307300000000000040e+01 1.307300000000000040e+01 1.307199999999999918e+01 1.307300000000000040e+01 1.307300000000000040e+01
1.305000000000000071e+01 1.305000000000000071e+01 1.305300000000000082e+01 1.305300000000000082e+01 1.305000000000000071e+01 1.305300000000000082e+01 1.305300000000000082e+01 1.305000000000000071e+01 1.305300000000000082e+01 1.305300000000000082e+01
1.300799999999999912e+01 1.300600000000000023e+01 1.301099999999999923e+01 1.301500000000000057e+01 1.300500000000000078e+01 1.301099999999999923e+01 1.301500000000000057e+01 1.300500000000000078e+01 1.301099999999999923e+01 1.301500000000000057e+01
1.318099999999999916e+01 1.318599999999999994e+01 1.317699999999999960e+01 1.317200000000000060e+01 1.318699999999999939e+01 1.317699999999999960e+01 1.317200000000000060e+01 1.318699999999999939e+01 1.317699999999999960e+01 1.317200000000000060e+01
1.174200000000000088e+01 1.172899999999999920e+01 1.168699999999999939e+01 1.171799999999999997e+01 1.173300000000000054e+01 1.168599999999999994e+01 1.171799999999999997e+01 1.173300000000000054e+01 1.168599999999999994e+01 1.171799999999999997e+01
1.053200000000000003e+01 1.051800000000000068e+01 1.046499999999999986e+01 1.049499999999999922e+01 1.052500000000000036e+01 1.046299999999999919e+01 1.049499999999999922e+01 1.052500000000000036e+01 1.046299999999999919e+01 1.049600000000000044e+01
9.538000000000000256e+00 9.526999999999999247e+00 9.455999999999999517e+00 9.484999999999999432e+00 9.535999999999999588e+00 9.454000000000000625e+00 9.484999999999999432e+00 9.535999999999999588e+00 9.454000000000000625e+00 9.484999999999999432e+00
8.451000000000000512e+00 8.441000000000000725e+00 8.348000000000000753e+00 8.381000000000000227e+00 8.454000000000000625e+00 8.345000000000000639e+00 8.381999999999999673e+00 8.454000000000000625e+00 8.346000000000000085e+00 8.381999999999999673e+00
7.376000000000000334e+00 7.362000000000000099e+00 7.240999999999999659e+00 7.283000000000000362e+00 7.378999999999999559e+00 7.237000000000000099e+00 7.283000000000000362e+00 7.378999999999999559e+00 7.238000000000000433e+00 7.283000000000000362e+00
6.330000000000000071e+00 6.312000000000000277e+00 6.160999999999999588e+00 6.216000000000000192e+00 6.331999999999999851e+00 6.157000000000000028e+00 6.216000000000000192e+00 6.331999999999999851e+00 6.157000000000000028e+00 6.216000000000000192e+00
5.363999999999999879e+00 5.336000000000000298e+00 5.149000000000000021e+00 5.216000000000000192e+00 5.363000000000000433e+00 5.144000000000000128e+00 5.216999999999999638e+00 5.363000000000000433e+00 5.144000000000000128e+00 5.216999999999999638e+00
4.506000000000000227e+00 4.469999999999999751e+00 4.245000000000000107e+00 4.323000000000000398e+00 4.503999999999999559e+00 4.238000000000000433e+00 4.325000000000000178e+00 4.501999999999999780e+00 4.238000000000000433e+00 4.325000000000000178e+00
3.899999999999999911e+00 3.850999999999999979e+00 3.587000000000000188e+00 3.676000000000000156e+00 3.891999999999999904e+00 3.579000000000000181e+00 3.678999999999999826e+00 3.891999999999999904e+00 3.579000000000000181e+00 3.678999999999999826e+00
3.293000000000000149e+00 3.232000000000000206e+00 2.934000000000000163e+00 3.032000000000000028e+00 3.279999999999999805e+00 2.924999999999999822e+00 3.032000000000000028e+00 3.279999999999999805e+00 2.924999999999999822e+00 3.032000000000000028e+00
2.750999999999999890e+00 2.677000000000000046e+00 2.358000000000000096e+00 2.459000000000000075e+00 2.732000000000000206e+00 2.347999999999999865e+00 2.462000000000000188e+00 2.732000000000000206e+00 2.347999999999999865e+00 2.463999999999999968e+00
2.310999999999999943e+00 2.228000000000000203e+00 1.901999999999999913e+00 2.005999999999999783e+00 2.286000000000000032e+00 1.891000000000000014e+00 2.003000000000000114e+00 2.286000000000000032e+00 1.887999999999999901e+00 2.005999999999999783e+00
2.173999999999999932e+00 2.080999999999999961e+00 1.745999999999999996e+00 1.850999999999999979e+00 2.145000000000000018e+00 1.737999999999999989e+00 1.850999999999999979e+00 2.145000000000000018e+00 1.733999999999999986e+00 1.850999999999999979e+00
2.079000000000000181e+00 1.989000000000000101e+00 1.645999999999999908e+00 1.752000000000000002e+00 2.052000000000000046e+00 1.635999999999999899e+00 1.752000000000000002e+00 2.052000000000000046e+00 1.631000000000000005e+00 1.756999999999999895e+00
