1.000000000000000000e+00 0.000000000000000000e+00 0.000000000000000000e+00 0.000000000000000000e+00 0.000000000000000000e+00
2.870000000000000000e+02 4.104900000000000085e-04 3.511200000000000128e-04 -1.919000000000000024e-04 5.732499999999999749e-04
1.010000000000000000e+03 -3.593500000000000069e-05 2.845900000000000166e-03 -1.195899999999999958e-03 3.087200000000000014e-03
1.886000000000000000e+03 -4.127099999999999866e-03 8.830599999999999214e-03 -3.135199999999999879e-03 1.023899999999999984e-02
3.042000000000000000e+03 -5.944099999999999905e-03 4.327600000000000197e-02 -5.818199999999999934e-03 4.406800000000000300e-02
4.109000000000000000e+03 -9.675400000000000666e-03 8.917100000000000026e-02 -6.864799999999999895e-03 8.995599999999999430e-02
5.423000000000000000e+03 -1.379900000000000050e-02 1.537300000000000055e-01 -5.699300000000000026e-03 1.544599999999999862e-01
6.667000000000000000e+03 -1.709300000000000055e-02 2.397299999999999986e-01 -2.882800000000000033e-03 2.403500000000000081e-01
7.843000000000000000e+03 -1.848100000000000090e-02 3.485599999999999810e-01 2.297099999999999836e-03 3.490599999999999814e-01
8.940000000000000000e+03 -1.593500000000000125e-02 5.011100000000000554e-01 1.079899999999999957e-02 5.014800000000000368e-01
9.994000000000000000e+03 -1.036100000000000042e-02 6.896400000000000308e-01 2.227000000000000160e-02 6.900800000000000267e-01
1.095700000000000000e+04 -1.540399999999999929e-03 9.314999999999999947e-01 3.829799999999999871e-02 9.322899999999999521e-01
1.184300000000000000e+04 9.903000000000000344e-03 1.220299999999999940e+00 5.840900000000000258e-02 1.221799999999999997e+00
1.268800000000000000e+04 2.348700000000000093e-02 1.563399999999999901e+00 8.319699999999999318e-02 1.565800000000000081e+00
1.345300000000000000e+04 3.835800000000000320e-02 1.951400000000000023e+00 1.126599999999999963e-01 1.955000000000000071e+00
1.412000000000000000e+04 5.121400000000000258e-02 2.303199999999999914e+00 1.406300000000000050e-01 2.307999999999999829e+00
1.459000000000000000e+04 6.145899999999999974e-02 2.594899999999999984e+00 1.644299999999999928e-01 2.600800000000000001e+00
1.495500000000000000e+04 7.187999999999999945e-02 2.880999999999999783e+00 1.869500000000000051e-01 2.887999999999999901e+00
1.518600000000000000e+04 7.733299999999999896e-02 3.024000000000000021e+00 1.984499999999999875e-01 3.031499999999999861e+00
1.370000000000000000e+02 0.000000000000000000e+00 0.000000000000000000e+00 0.000000000000000000e+00 0.000000000000000000e+00
3.970000000000000000e+02 2.100899999999999892e-04 8.191200000000000044e-04 2.514999999999999875e-04 8.822399999999999557e-04
1.218000000000000000e+03 2.165199999999999937e-03 4.226699999999999902e-03 1.045399999999999932e-03 4.862700000000000182e-03
2.088000000000000000e+03 2.889800000000000094e-03 1.210499999999999944e-02 2.465300000000000130e-03 1.268700000000000036e-02
3.242000000000000000e+03 2.395099999999999887e-04 3.445000000000000145e-02 5.984200000000000283e-03 3.496699999999999808e-02
4.428000000000000000e+03 -1.253800000000000053e-02 7.047100000000000586e-02 8.911000000000000518e-03 7.212999999999999967e-02
5.729000000000000000e+03 -1.880099999999999827e-02 1.287500000000000033e-01 1.084599999999999974e-02 1.305699999999999916e-01
6.960000000000000000e+03 -2.158600000000000102e-02 2.056099999999999872e-01 1.314300000000000017e-02 2.071600000000000108e-01
8.118000000000000000e+03 -2.342999999999999944e-02 3.085200000000000164e-01 1.628800000000000039e-02 3.098400000000000043e-01
9.204000000000000000e+03 -2.001299999999999954e-02 4.539799999999999947e-01 2.160600000000000021e-02 4.549300000000000010e-01
1.023900000000000000e+04 -1.563300000000000106e-02 6.391000000000000014e-01 2.969799999999999870e-02 6.399799999999999933e-01
1.118100000000000000e+04 -5.310200000000000163e-03 8.751299999999999635e-01 4.150199999999999723e-02 8.761299999999999644e-01
1.205600000000000000e+04 6.501999999999999967e-03 1.159799999999999942e+00 5.742300000000000182e-02 1.161299999999999999e+00
1.287800000000000000e+04 2.105500000000000080e-02 1.500399999999999956e+00 7.877800000000000080e-02 1.502599999999999936e+00
1.364000000000000000e+04 3.685299999999999687e-02 1.888099999999999890e+00 1.049199999999999994e-01 1.891299999999999981e+00
1.425500000000000000e+04 5.059400000000000008e-02 2.241200000000000081e+00 1.303900000000000059e-01 2.245600000000000041e+00
1.468800000000000000e+04 6.157599999999999879e-02 2.537900000000000045e+00 1.531299999999999883e-01 2.543299999999999894e+00
1.503200000000000000e+04 7.215799999999999992e-02 2.840899999999999981e+00 1.785200000000000120e-01 2.847399999999999931e+00
1.522200000000000000e+04 7.733299999999999896e-02 2.992199999999999971e+00 1.916100000000000025e-01 2.999299999999999855e+00
