0.000000000000000000e+00 0.000000000000000000e+00 0.000000000000000000e+00 0.000000000000000000e+00 0.000000000000000000e+00 0.000000000000000000e+00 0.000000000000000000e+00 0.000000000000000000e+00 0.000000000000000000e+00 0.000000000000000000e+00
6.512799999999999579e-04 3.511200000000000128e-04 5.270200000000000058e-04 6.020100000000000451e-04 3.627200000000000237e-04 5.250499999999999959e-04 6.023299999999999878e-04 3.626400000000000109e-04 5.250600000000000449e-04 6.023400000000000368e-04
3.687999999999999872e-03 2.845900000000000166e-03 3.446999999999999977e-03 3.311000000000000141e-03 2.923100000000000091e-03 3.433199999999999967e-03 3.313299999999999926e-03 2.922699999999999864e-03 3.433299999999999807e-03 3.313400000000000199e-03
9.061899999999999469e-03 8.830599999999999214e-03 9.480600000000000485e-03 7.921600000000000863e-03 9.043600000000000597e-03 9.441599999999999646e-03 7.928799999999999737e-03 9.042200000000000237e-03 9.441800000000000193e-03 7.929099999999999690e-03
4.871099999999999736e-02 4.327600000000000197e-02 4.906900000000000150e-02 4.295700000000000213e-02 4.432400000000000229e-02 4.887699999999999684e-02 4.299200000000000244e-02 4.431700000000000222e-02 4.887799999999999784e-02 4.299399999999999750e-02
9.829899999999999749e-02 8.917100000000000026e-02 9.987899999999999556e-02 8.631400000000000183e-02 9.136900000000000577e-02 9.947699999999999598e-02 8.638800000000000645e-02 9.135500000000000564e-02 9.947899999999999798e-02 8.639099999999999557e-02
1.727700000000000069e-01 1.537300000000000055e-01 1.739499999999999935e-01 1.517199999999999938e-01 1.576599999999999946e-01 1.732299999999999951e-01 1.518500000000000127e-01 1.576400000000000023e-01 1.732400000000000051e-01 1.518500000000000127e-01
2.723599999999999910e-01 2.397299999999999986e-01 2.728900000000000214e-01 2.390500000000000125e-01 2.460100000000000064e-01 2.717499999999999916e-01 2.392600000000000005e-01 2.459699999999999942e-01 2.717499999999999916e-01 2.392600000000000005e-01
3.988300000000000178e-01 3.485599999999999810e-01 3.983800000000000119e-01 3.496699999999999808e-01 3.578899999999999859e-01 3.966799999999999771e-01 3.499800000000000133e-01 3.578299999999999814e-01 3.966899999999999871e-01 3.499900000000000233e-01
5.770600000000000174e-01 5.011100000000000554e-01 5.746200000000000196e-01 5.050999999999999934e-01 5.148800000000000043e-01 5.721100000000000074e-01 5.055500000000000549e-01 5.147899999999999698e-01 5.721300000000000274e-01 5.055699999999999639e-01
7.979699999999999571e-01 6.896400000000000308e-01 7.926600000000000312e-01 6.973000000000000309e-01 7.090499999999999581e-01 7.891299999999999981e-01 6.979400000000000048e-01 7.089199999999999946e-01 7.891500000000000181e-01 6.979600000000000248e-01
1.081599999999999895e+00 9.314999999999999947e-01 1.072200000000000042e+00 9.432300000000000129e-01 9.583599999999999897e-01 1.067299999999999915e+00 9.441100000000000048e-01 9.581899999999999862e-01 1.067299999999999915e+00 9.441500000000000448e-01
1.420700000000000074e+00 1.220299999999999940e+00 1.405899999999999928e+00 1.236499999999999932e+00 1.256299999999999972e+00 1.399299999999999988e+00 1.237700000000000022e+00 1.256000000000000005e+00 1.399399999999999977e+00 1.237700000000000022e+00
1.824000000000000066e+00 1.563399999999999901e+00 1.802100000000000035e+00 1.584200000000000053e+00 1.610400000000000054e+00 1.793500000000000094e+00 1.585800000000000098e+00 1.610100000000000087e+00 1.793500000000000094e+00 1.585800000000000098e+00
2.280699999999999950e+00 1.951400000000000023e+00 2.250100000000000211e+00 1.977100000000000080e+00 2.011299999999999866e+00 2.239100000000000090e+00 1.979100000000000081e+00 2.010899999999999910e+00 2.239100000000000090e+00 1.979200000000000070e+00
2.694900000000000073e+00 2.303199999999999914e+00 2.655899999999999928e+00 2.333000000000000185e+00 2.374800000000000022e+00 2.642799999999999816e+00 2.335399999999999920e+00 2.374299999999999855e+00 2.642799999999999816e+00 2.335399999999999920e+00
3.038600000000000190e+00 2.594899999999999984e+00 2.992100000000000204e+00 2.628000000000000114e+00 2.676299999999999901e+00 2.977199999999999847e+00 2.630700000000000038e+00 2.675800000000000178e+00 2.977300000000000058e+00 2.630799999999999805e+00
3.375199999999999978e+00 2.880999999999999783e+00 3.321000000000000174e+00 2.917699999999999960e+00 2.971999999999999975e+00 3.304300000000000015e+00 2.920700000000000074e+00 2.971400000000000041e+00 3.304399999999999782e+00 2.920799999999999841e+00
3.543200000000000127e+00 3.024000000000000021e+00 3.485199999999999854e+00 3.062399999999999789e+00 3.119699999999999918e+00 3.467600000000000016e+00 3.065599999999999881e+00 3.119000000000000217e+00 3.467699999999999783e+00 3.065599999999999881e+00
0.000000000000000000e+00 0.000000000000000000e+00 0.000000000000000000e+00 0.000000000000000000e+00 0.000000000000000000e+00 0.000000000000000000e+00 0.000000000000000000e+00 0.000000000000000000e+00 0.000000000000000000e+00 0.000000000000000000e+00
1.048000000000000103e-03 8.191200000000000044e-04 1.005000000000000034e-03 9.299900000000000050e-04 8.420199999999999647e-04 1.000900000000000097e-03 9.307200000000000065e-04 8.418699999999999881e-04 1.000900000000000097e-03 9.307500000000000452e-04
5.675699999999999669e-03 4.226699999999999902e-03 5.350099999999999995e-03 5.050899999999999661e-03 4.349399999999999794e-03 5.328099999999999677e-03 5.054699999999999645e-03 4.348600000000000208e-03 5.328300000000000224e-03 5.054900000000000192e-03
1.511900000000000049e-02 1.210499999999999944e-02 1.463599999999999970e-02 1.339599999999999992e-02 1.243599999999999914e-02 1.457600000000000041e-02 1.340700000000000051e-02 1.243400000000000061e-02 1.457699999999999968e-02 1.340700000000000051e-02
4.050200000000000328e-02 3.445000000000000145e-02 4.005299999999999833e-02 3.580499999999999655e-02 3.534500000000000142e-02 3.989100000000000285e-02 3.583499999999999880e-02 3.534000000000000336e-02 3.989199999999999691e-02 3.583599999999999980e-02
7.932000000000000162e-02 7.047100000000000586e-02 7.961899999999999533e-02 7.002800000000000691e-02 7.224400000000000266e-02 7.929700000000000637e-02 7.008599999999999552e-02 7.223300000000000554e-02 7.929899999999999449e-02 7.008799999999999752e-02
1.461699999999999944e-01 1.287500000000000033e-01 1.461800000000000044e-01 1.289099999999999968e-01 1.320600000000000107e-01 1.455799999999999872e-01 1.290199999999999958e-01 1.320399999999999907e-01 1.455799999999999872e-01 1.290199999999999958e-01
2.346000000000000030e-01 2.056099999999999872e-01 2.340599999999999903e-01 2.064900000000000069e-01 2.110400000000000054e-01 2.330800000000000094e-01 2.066600000000000104e-01 2.109999999999999931e-01 2.330800000000000094e-01 2.066699999999999926e-01
3.538399999999999879e-01 3.085200000000000164e-01 3.521199999999999886e-01 3.111400000000000277e-01 3.168099999999999805e-01 3.506199999999999872e-01 3.114100000000000201e-01 3.167499999999999760e-01 3.506299999999999972e-01 3.114199999999999746e-01
5.235100000000000309e-01 4.539799999999999947e-01 5.196899999999999853e-01 4.596899999999999875e-01 4.664099999999999913e-01 5.174299999999999455e-01 4.601000000000000090e-01 4.663300000000000223e-01 5.174499999999999655e-01 4.601100000000000190e-01
7.402600000000000291e-01 6.391000000000000014e-01 7.332800000000000429e-01 6.489000000000000323e-01 6.569800000000000084e-01 7.300299999999999567e-01 6.494799999999999462e-01 6.568599999999999994e-01 7.300499999999999767e-01 6.494999999999999662e-01
1.016399999999999970e+00 8.751299999999999635e-01 1.005300000000000082e+00 8.891700000000000159e-01 9.001099999999999657e-01 1.000799999999999912e+00 8.899899999999999478e-01 8.999500000000000277e-01 1.000799999999999912e+00 8.900200000000000333e-01
1.349900000000000100e+00 1.159799999999999942e+00 1.333499999999999908e+00 1.178399999999999892e+00 1.193599999999999994e+00 1.327299999999999924e+00 1.179499999999999993e+00 1.193400000000000016e+00 1.327399999999999913e+00 1.179599999999999982e+00
1.749000000000000110e+00 1.500399999999999956e+00 1.725899999999999990e+00 1.523600000000000065e+00 1.544899999999999940e+00 1.717700000000000005e+00 1.525099999999999900e+00 1.544599999999999973e+00 1.717799999999999994e+00 1.525099999999999900e+00
2.204200000000000159e+00 1.888099999999999890e+00 2.172699999999999854e+00 1.915899999999999936e+00 1.945200000000000040e+00 2.162199999999999900e+00 1.917799999999999949e+00 1.944800000000000084e+00 2.162300000000000111e+00 1.917899999999999938e+00
2.619400000000000173e+00 2.241200000000000081e+00 2.579800000000000093e+00 2.273000000000000131e+00 2.310099999999999820e+00 2.567200000000000149e+00 2.275300000000000100e+00 2.309600000000000097e+00 2.567200000000000149e+00 2.275300000000000100e+00
2.968599999999999905e+00 2.537900000000000045e+00 2.921800000000000175e+00 2.572799999999999976e+00 2.616699999999999804e+00 2.907399999999999984e+00 2.575400000000000134e+00 2.616200000000000081e+00 2.907500000000000195e+00 2.575499999999999901e+00
3.325800000000000090e+00 2.840899999999999981e+00 3.271500000000000075e+00 2.878800000000000026e+00 2.930000000000000160e+00 3.255199999999999871e+00 2.881699999999999928e+00 2.929399999999999782e+00 3.255199999999999871e+00 2.881800000000000139e+00
3.504100000000000215e+00 2.992199999999999971e+00 3.446000000000000174e+00 3.031499999999999861e+00 3.086399999999999810e+00 3.428700000000000081e+00 3.034600000000000186e+00 3.085799999999999876e+00 3.428799999999999848e+00 3.034699999999999953e+00
