1.000000000000000000e+00 0.000000000000000000e+00 0.000000000000000000e+00 0.000000000000000000e+00 0.000000000000000000e+00
2.870000000000000000e+02 1.399000000000000124e-04 5.270200000000000058e-04 -6.370500000000000078e-05 5.489800000000000192e-04
1.010000000000000000e+03 3.228099999999999806e-04 3.446999999999999977e-03 -3.279600000000000245e-04 3.477599999999999962e-03
1.886000000000000000e+03 1.630299999999999892e-04 9.480600000000000485e-03 -7.952499999999999500e-04 9.515300000000000841e-03
3.042000000000000000e+03 5.111300000000000045e-03 4.906900000000000150e-02 -6.401199999999999902e-04 4.933799999999999991e-02
4.109000000000000000e+03 1.344200000000000082e-02 9.987899999999999556e-02 7.052500000000000392e-04 1.007799999999999946e-01
5.423000000000000000e+03 2.452700000000000019e-02 1.739499999999999935e-01 3.652799999999999884e-03 1.757100000000000051e-01
6.667000000000000000e+03 3.962100000000000344e-02 2.728900000000000214e-01 8.076800000000000299e-03 2.758700000000000041e-01
7.843000000000000000e+03 5.954999999999999877e-02 3.983800000000000119e-01 1.480199999999999919e-02 4.030799999999999939e-01
8.940000000000000000e+03 8.675399999999999778e-02 5.746200000000000196e-01 2.506699999999999900e-02 5.816700000000000204e-01
9.994000000000000000e+03 1.197899999999999937e-01 7.926600000000000312e-01 3.849299999999999944e-02 8.025900000000000256e-01
1.095700000000000000e+04 1.586400000000000032e-01 1.072200000000000042e+00 5.687799999999999800e-02 1.085299999999999931e+00
1.184300000000000000e+04 2.023600000000000121e-01 1.405899999999999928e+00 7.968300000000000383e-02 1.422600000000000087e+00
1.268800000000000000e+04 2.499899999999999900e-01 1.802100000000000035e+00 1.076199999999999934e-01 1.822500000000000009e+00
1.345300000000000000e+04 2.999899999999999789e-01 2.250100000000000211e+00 1.407100000000000017e-01 2.274300000000000210e+00
1.412000000000000000e+04 3.427100000000000146e-01 2.655899999999999928e+00 1.720599999999999907e-01 2.683399999999999785e+00
1.459000000000000000e+04 3.768900000000000028e-01 2.992100000000000204e+00 1.983999999999999930e-01 3.022299999999999986e+00
1.495500000000000000e+04 4.112600000000000144e-01 3.321000000000000174e+00 2.209899999999999920e-01 3.353699999999999903e+00
1.518600000000000000e+04 4.288100000000000245e-01 3.485199999999999854e+00 2.325500000000000067e-01 3.519200000000000106e+00
1.370000000000000000e+02 0.000000000000000000e+00 0.000000000000000000e+00 0.000000000000000000e+00 0.000000000000000000e+00
3.970000000000000000e+02 2.081100000000000116e-04 1.005000000000000034e-03 9.474999999999999915e-05 1.030700000000000062e-03
1.218000000000000000e+03 1.471499999999999935e-03 5.350099999999999995e-03 3.952299999999999954e-04 5.562799999999999689e-03
2.088000000000000000e+03 3.090900000000000158e-03 1.463599999999999970e-02 9.646900000000000353e-04 1.498999999999999985e-02
3.242000000000000000e+03 6.029699999999999817e-03 4.005299999999999833e-02 2.461399999999999873e-03 4.057899999999999702e-02
4.428000000000000000e+03 9.511699999999999669e-03 7.961899999999999533e-02 3.519800000000000012e-03 8.026200000000000001e-02
5.729000000000000000e+03 1.788100000000000106e-02 1.461800000000000044e-01 4.479799999999999928e-03 1.473399999999999987e-01
6.960000000000000000e+03 3.428500000000000297e-02 2.340599999999999903e-01 6.132799999999999883e-03 2.366399999999999892e-01
8.118000000000000000e+03 5.386099999999999915e-02 3.521199999999999886e-01 9.042200000000000237e-03 3.563299999999999801e-01
9.204000000000000000e+03 8.178000000000000547e-02 5.196899999999999853e-01 1.463899999999999924e-02 5.262900000000000356e-01
1.023900000000000000e+04 1.136599999999999971e-01 7.332800000000000429e-01 2.362099999999999964e-02 7.424199999999999688e-01
1.118100000000000000e+04 1.541099999999999970e-01 1.005300000000000082e+00 3.707699999999999885e-02 1.017700000000000049e+00
1.205600000000000000e+04 1.983300000000000063e-01 1.333499999999999908e+00 5.550499999999999878e-02 1.349299999999999944e+00
1.287800000000000000e+04 2.470400000000000096e-01 1.725899999999999990e+00 8.039899999999999824e-02 1.745300000000000074e+00
1.364000000000000000e+04 2.981500000000000261e-01 2.172699999999999854e+00 1.110300000000000037e-01 2.195899999999999963e+00
1.425500000000000000e+04 3.419300000000000117e-01 2.579800000000000093e+00 1.409400000000000097e-01 2.606199999999999850e+00
1.468800000000000000e+04 3.770000000000000018e-01 2.921800000000000175e+00 1.678699999999999914e-01 2.950800000000000090e+00
1.503200000000000000e+04 4.115699999999999914e-01 3.271500000000000075e+00 1.993300000000000072e-01 3.303300000000000125e+00
1.522200000000000000e+04 4.288100000000000245e-01 3.446000000000000174e+00 2.155299999999999994e-01 3.479299999999999837e+00
