1.000000000000000000e+00 0.000000000000000000e+00 0.000000000000000000e+00 0.000000000000000000e+00 0.000000000000000000e+00
2.870000000000000000e+02 4.163300000000000204e-04 3.626500000000000058e-04 -1.931000000000000045e-04 5.849199999999999495e-04
1.010000000000000000e+03 -1.976399999999999915e-05 2.922699999999999864e-03 -1.203899999999999935e-03 3.161000000000000181e-03
1.886000000000000000e+03 -4.116899999999999726e-03 9.042299999999999643e-03 -3.156899999999999810e-03 1.042500000000000024e-02
3.042000000000000000e+03 -5.828500000000000347e-03 4.431800000000000322e-02 -5.843199999999999783e-03 4.507900000000000101e-02
4.109000000000000000e+03 -9.371700000000000169e-03 9.135600000000000664e-02 -6.863900000000000036e-03 9.209199999999999331e-02
5.423000000000000000e+03 -1.323000000000000044e-02 1.576400000000000023e-01 -5.633799999999999572e-03 1.582899999999999863e-01
6.667000000000000000e+03 -1.615799999999999875e-02 2.459699999999999942e-01 -2.716300000000000051e-03 2.465100000000000069e-01
7.843000000000000000e+03 -1.704999999999999918e-02 3.578399999999999914e-01 2.625600000000000069e-03 3.582500000000000129e-01
8.940000000000000000e+03 -1.380400000000000030e-02 5.148000000000000353e-01 1.138600000000000029e-02 5.151099999999999568e-01
9.994000000000000000e+03 -7.362800000000000074e-03 7.089299999999999491e-01 2.320399999999999893e-02 7.093500000000000361e-01
1.095700000000000000e+04 2.503399999999999809e-03 9.582000000000000517e-01 3.972400000000000236e-02 9.590199999999999836e-01
1.184300000000000000e+04 1.515000000000000027e-02 1.256099999999999994e+00 6.046100000000000085e-02 1.257600000000000051e+00
1.268800000000000000e+04 3.007100000000000051e-02 1.610200000000000076e+00 8.603399999999999936e-02 1.612700000000000022e+00
1.345300000000000000e+04 4.636900000000000049e-02 2.010899999999999910e+00 1.164499999999999980e-01 2.014800000000000146e+00
1.412000000000000000e+04 6.045500000000000179e-02 2.374400000000000066e+00 1.453200000000000047e-01 2.379599999999999937e+00
1.459000000000000000e+04 7.168700000000000072e-02 2.675800000000000178e+00 1.698800000000000032e-01 2.682100000000000151e+00
1.495500000000000000e+04 8.310499999999999832e-02 2.971400000000000041e+00 1.930600000000000094e-01 2.978899999999999881e+00
1.518600000000000000e+04 8.907099999999999740e-02 3.119099999999999984e+00 2.048800000000000066e-01 3.127099999999999991e+00
1.370000000000000000e+02 0.000000000000000000e+00 0.000000000000000000e+00 0.000000000000000000e+00 0.000000000000000000e+00
3.970000000000000000e+02 2.129499999999999991e-04 8.418800000000000372e-04 2.535799999999999946e-04 9.046599999999999477e-04
1.218000000000000000e+03 2.187199999999999821e-03 4.348699999999999614e-03 1.052999999999999900e-03 4.980300000000000005e-03
2.088000000000000000e+03 2.939000000000000206e-03 1.243499999999999987e-02 2.482700000000000011e-03 1.301599999999999979e-02
3.242000000000000000e+03 3.525000000000000030e-04 3.534000000000000336e-02 6.027799999999999825e-03 3.585200000000000192e-02
4.428000000000000000e+03 -1.231800000000000082e-02 7.223300000000000554e-02 8.973200000000000620e-03 7.382400000000000073e-02
5.729000000000000000e+03 -1.838400000000000103e-02 1.320399999999999907e-01 1.092599999999999995e-02 1.337700000000000000e-01
6.960000000000000000e+03 -2.076599999999999974e-02 2.109999999999999931e-01 1.325699999999999969e-02 2.124399999999999900e-01
8.118000000000000000e+03 -2.213499999999999843e-02 3.167599999999999860e-01 1.646699999999999900e-02 3.179600000000000204e-01
9.204000000000000000e+03 -1.802099999999999883e-02 4.663300000000000223e-01 2.191500000000000045e-02 4.672000000000000042e-01
1.023900000000000000e+04 -1.279699999999999935e-02 6.568699999999999539e-01 3.022899999999999893e-02 6.576899999999999968e-01
1.118100000000000000e+04 -1.398799999999999957e-03 8.999599999999999822e-01 4.237500000000000294e-02 9.009599999999999831e-01
1.205600000000000000e+04 1.162499999999999992e-02 1.193400000000000016e+00 5.878200000000000092e-02 1.194900000000000073e+00
1.287800000000000000e+04 2.753900000000000098e-02 1.544699999999999962e+00 8.081299999999999595e-02 1.546999999999999931e+00
1.364000000000000000e+04 4.479799999999999754e-02 1.944900000000000073e+00 1.078100000000000031e-01 1.948399999999999910e+00
1.425500000000000000e+04 5.980499999999999705e-02 2.309600000000000097e+00 1.341299999999999992e-01 2.314299999999999802e+00
1.468800000000000000e+04 7.180699999999999583e-02 2.616200000000000081e+00 1.576500000000000123e-01 2.621900000000000119e+00
1.503200000000000000e+04 8.339499999999999691e-02 2.929499999999999993e+00 1.839600000000000124e-01 2.936399999999999899e+00
1.522200000000000000e+04 8.907099999999999740e-02 3.085799999999999876e+00 1.975200000000000011e-01 3.093399999999999928e+00
