1.000000000000000000e+00 0.000000000000000000e+00 0.000000000000000000e+00 0.000000000000000000e+00 0.000000000000000000e+00
2.870000000000000000e+02 4.163200000000000255e-04 3.626300000000000161e-04 -1.931000000000000045e-04 5.848999999999999599e-04
1.010000000000000000e+03 -1.979199999999999956e-05 2.922600000000000024e-03 -1.203899999999999935e-03 3.160899999999999908e-03
1.886000000000000000e+03 -4.116899999999999726e-03 9.041900000000000284e-03 -3.156899999999999810e-03 1.042500000000000024e-02
3.042000000000000000e+03 -5.828700000000000027e-03 4.431600000000000122e-02 -5.843199999999999783e-03 4.507800000000000001e-02
4.109000000000000000e+03 -9.372200000000000669e-03 9.135200000000000264e-02 -6.863900000000000036e-03 9.208800000000000319e-02
5.423000000000000000e+03 -1.323099999999999971e-02 1.576299999999999923e-01 -5.633899999999999846e-03 1.582899999999999863e-01
6.667000000000000000e+03 -1.616000000000000075e-02 2.459600000000000120e-01 -2.716600000000000004e-03 2.464999999999999969e-01
7.843000000000000000e+03 -1.705200000000000118e-02 3.578200000000000269e-01 2.625000000000000163e-03 3.582400000000000029e-01
8.940000000000000000e+03 -1.380800000000000083e-02 5.147699999999999498e-01 1.138499999999999929e-02 5.150900000000000478e-01
9.994000000000000000e+03 -7.368099999999999823e-03 7.088999999999999746e-01 2.320200000000000040e-02 7.093199999999999505e-01
1.095700000000000000e+04 2.496299999999999908e-03 9.581499999999999462e-01 3.972200000000000036e-02 9.589800000000000546e-01
1.184300000000000000e+04 1.514099999999999994e-02 1.256000000000000005e+00 6.045799999999999785e-02 1.257500000000000062e+00
1.268800000000000000e+04 3.005999999999999991e-02 1.610100000000000087e+00 8.602999999999999536e-02 1.612700000000000022e+00
1.345300000000000000e+04 4.635600000000000137e-02 2.010800000000000143e+00 1.164400000000000018e-01 2.014699999999999935e+00
1.412000000000000000e+04 6.044000000000000067e-02 2.374200000000000088e+00 1.453099999999999947e-01 2.379500000000000171e+00
1.459000000000000000e+04 7.167099999999999860e-02 2.675699999999999967e+00 1.698699999999999932e-01 2.681999999999999940e+00
1.495500000000000000e+04 8.308699999999999419e-02 2.971299999999999830e+00 1.930499999999999994e-01 2.978699999999999903e+00
1.518600000000000000e+04 8.905299999999999327e-02 3.118900000000000006e+00 2.048699999999999966e-01 3.126900000000000013e+00
1.370000000000000000e+02 0.000000000000000000e+00 0.000000000000000000e+00 0.000000000000000000e+00 0.000000000000000000e+00
3.970000000000000000e+02 2.129400000000000043e-04 8.418399999999999495e-04 2.535799999999999946e-04 9.046199999999999684e-04
1.218000000000000000e+03 2.187199999999999821e-03 4.348399999999999661e-03 1.052900000000000060e-03 4.980100000000000325e-03
2.088000000000000000e+03 2.938899999999999933e-03 1.243400000000000061e-02 2.482700000000000011e-03 1.301599999999999979e-02
3.242000000000000000e+03 3.522900000000000033e-04 3.533800000000000135e-02 6.027700000000000419e-03 3.584999999999999992e-02
4.428000000000000000e+03 -1.231800000000000082e-02 7.223000000000000254e-02 8.973099999999999479e-03 7.382099999999999773e-02
5.729000000000000000e+03 -1.838499999999999857e-02 1.320399999999999907e-01 1.092599999999999995e-02 1.337599999999999900e-01
6.960000000000000000e+03 -2.076700000000000074e-02 2.109900000000000109e-01 1.325699999999999969e-02 2.124300000000000077e-01
8.118000000000000000e+03 -2.213700000000000043e-02 3.167400000000000215e-01 1.646699999999999900e-02 3.179400000000000004e-01
9.204000000000000000e+03 -1.802399999999999836e-02 4.663100000000000023e-01 2.191399999999999945e-02 4.671799999999999842e-01
1.023900000000000000e+04 -1.280199999999999914e-02 6.568399999999999794e-01 3.022800000000000140e-02 6.576600000000000223e-01
1.118100000000000000e+04 -1.405500000000000065e-03 8.999200000000000532e-01 4.237300000000000094e-02 9.009200000000000541e-01
1.205600000000000000e+04 1.161599999999999959e-02 1.193400000000000016e+00 5.877999999999999892e-02 1.194900000000000073e+00
1.287800000000000000e+04 2.752800000000000039e-02 1.544599999999999973e+00 8.081000000000000683e-02 1.546999999999999931e+00
1.364000000000000000e+04 4.478499999999999842e-02 1.944800000000000084e+00 1.078000000000000069e-01 1.948299999999999921e+00
1.425500000000000000e+04 5.979099999999999693e-02 2.309499999999999886e+00 1.341199999999999892e-01 2.314200000000000035e+00
1.468800000000000000e+04 7.179099999999999371e-02 2.616099999999999870e+00 1.576500000000000123e-01 2.621799999999999908e+00
1.503200000000000000e+04 8.337799999999999379e-02 2.929300000000000015e+00 1.839500000000000024e-01 2.936300000000000132e+00
1.522200000000000000e+04 8.905299999999999327e-02 3.085700000000000109e+00 1.975200000000000011e-01 3.093300000000000161e+00
