1.000000000000000000e+00 0.000000000000000000e+00 0.000000000000000000e+00 0.000000000000000000e+00 0.000000000000000000e+00
2.870000000000000000e+02 4.163699999999999997e-04 3.627200000000000237e-04 -1.931099999999999993e-04 5.849899999999999675e-04
1.010000000000000000e+03 -1.966699999999999991e-05 2.923100000000000091e-03 -1.203899999999999935e-03 3.161399999999999974e-03
1.886000000000000000e+03 -4.116899999999999726e-03 9.043600000000000597e-03 -3.157000000000000084e-03 1.042599999999999950e-02
3.042000000000000000e+03 -5.827800000000000168e-03 4.432400000000000229e-02 -5.843400000000000330e-03 4.508500000000000008e-02
4.109000000000000000e+03 -9.369900000000000451e-03 9.136900000000000577e-02 -6.863900000000000036e-03 9.210400000000000531e-02
5.423000000000000000e+03 -1.322699999999999917e-02 1.576599999999999946e-01 -5.633400000000000213e-03 1.583199999999999885e-01
6.667000000000000000e+03 -1.615300000000000069e-02 2.460100000000000064e-01 -2.715299999999999919e-03 2.465499999999999914e-01
7.843000000000000000e+03 -1.704100000000000059e-02 3.578899999999999859e-01 2.627599999999999901e-03 3.583100000000000174e-01
8.940000000000000000e+03 -1.379200000000000044e-02 5.148800000000000043e-01 1.138899999999999982e-02 5.151900000000000368e-01
9.994000000000000000e+03 -7.345100000000000240e-03 7.090499999999999581e-01 2.320900000000000046e-02 7.094599999999999795e-01
1.095700000000000000e+04 2.527300000000000119e-03 9.583599999999999897e-01 3.973299999999999749e-02 9.591899999999999871e-01
1.184300000000000000e+04 1.518100000000000005e-02 1.256299999999999972e+00 6.047299999999999898e-02 1.257800000000000029e+00
1.268800000000000000e+04 3.011099999999999888e-02 1.610400000000000054e+00 8.605100000000000249e-02 1.612999999999999989e+00
1.345300000000000000e+04 4.641699999999999993e-02 2.011299999999999866e+00 1.164700000000000041e-01 2.015200000000000102e+00
1.412000000000000000e+04 6.051100000000000229e-02 2.374800000000000022e+00 1.453500000000000070e-01 2.379999999999999893e+00
1.459000000000000000e+04 7.174999999999999434e-02 2.676299999999999901e+00 1.699199999999999877e-01 2.682599999999999874e+00
1.495500000000000000e+04 8.317299999999999693e-02 2.971999999999999975e+00 1.930900000000000116e-01 2.979400000000000048e+00
1.518600000000000000e+04 8.914300000000000002e-02 3.119699999999999918e+00 2.049199999999999910e-01 3.127699999999999925e+00
1.370000000000000000e+02 0.000000000000000000e+00 0.000000000000000000e+00 0.000000000000000000e+00 0.000000000000000000e+00
3.970000000000000000e+02 2.129699999999999887e-04 8.420199999999999647e-04 2.535899999999999895e-04 9.047999999999999836e-04
1.218000000000000000e+03 2.187399999999999935e-03 4.349399999999999794e-03 1.052999999999999900e-03 4.981000000000000184e-03
2.088000000000000000e+03 2.939300000000000159e-03 1.243599999999999914e-02 2.482799999999999851e-03 1.301800000000000006e-02
3.242000000000000000e+03 3.531499999999999917e-04 3.534500000000000142e-02 6.028000000000000372e-03 3.585699999999999998e-02
4.428000000000000000e+03 -1.231699999999999982e-02 7.224400000000000266e-02 8.973500000000000573e-03 7.383399999999999685e-02
5.729000000000000000e+03 -1.838199999999999903e-02 1.320600000000000107e-01 1.092599999999999995e-02 1.337800000000000100e-01
6.960000000000000000e+03 -2.076100000000000168e-02 2.110400000000000054e-01 1.325699999999999969e-02 2.124699999999999922e-01
8.118000000000000000e+03 -2.212700000000000083e-02 3.168099999999999805e-01 1.646800000000000000e-02 3.180000000000000049e-01
9.204000000000000000e+03 -1.800900000000000070e-02 4.664099999999999913e-01 2.191699999999999898e-02 4.672700000000000187e-01
1.023900000000000000e+04 -1.277999999999999969e-02 6.569800000000000084e-01 3.023199999999999846e-02 6.578000000000000513e-01
1.118100000000000000e+04 -1.375499999999999987e-03 9.001099999999999657e-01 4.238000000000000100e-02 9.011099999999999666e-01
1.205600000000000000e+04 1.165500000000000043e-02 1.193599999999999994e+00 5.879100000000000298e-02 1.195100000000000051e+00
1.287800000000000000e+04 2.757799999999999835e-02 1.544899999999999940e+00 8.082599999999999507e-02 1.547299999999999898e+00
1.364000000000000000e+04 4.484599999999999698e-02 1.945200000000000040e+00 1.078299999999999953e-01 1.948700000000000099e+00
1.425500000000000000e+04 5.986099999999999755e-02 2.310099999999999820e+00 1.341499999999999915e-01 2.314700000000000202e+00
1.468800000000000000e+04 7.186900000000000233e-02 2.616699999999999804e+00 1.576799999999999868e-01 2.622399999999999842e+00
1.503200000000000000e+04 8.346399999999999653e-02 2.930000000000000160e+00 1.839899999999999869e-01 2.936999999999999833e+00
1.522200000000000000e+04 8.914300000000000002e-02 3.086399999999999810e+00 1.975600000000000134e-01 3.093999999999999861e+00
