Station 1
	1.0 -1.55849 0.360574 1.5 
	239.0 -0.118813385881 1.59408622673 1.5 
	235.0 -0.808706 1.37903 1.5 
	219.0 0.213575456431 1.58423341124 1.5 
	218.0 0.36192751543 1.55699953432 1.5 
	217.0 0.507074105816 1.51599468889 1.5 
	137.0 1.55849 -0.363622 1.5 
	47.0 -0.648042 -1.46441 1.5 
	213.0 0.0632972 1.59722 1.5 
	141.0 1.42985952519 -0.71955319746 1.5 
	51.0 -1.22561705899 -1.03010859507 1.5 
	52.0 -1.10075842789 -1.16270796663 1.5 
	53.0 -0.961660914948 -1.28028087423 1.5 
	54.0 -0.810116254226 -1.38130765252 1.5 
	142.0 1.50472179449 -0.54539860093 1.5 
	152.0 1.587 0.201679 1.5 
	156.0 1.59037400069 -0.176761239088 1.5 
	184.0 0.810036802492 1.37827080242 1.5 
	183.0 0.961831597349 1.277102916 1.5 
	182.0 1.10112153887 1.15931205281 1.5 
	181.0 1.22609500359 1.02642812843 1.5 
	180.0 1.33513713232 0.88018777829 1.5 
	179.0 1.42682273881 0.722484517297 1.5 
	73.0 -0.063652 -1.60026 1.5 
	157.0 1.59995831201 0.012558757381 1.5 
	178.0 1.49996312043 0.55537063742 1.5 
	177.0 1.55364653314 0.381027081572 1.5 
	77.0 -0.50743100281 -1.51900816635 1.5 
	78.0 -0.362268200501 -1.55997038547 1.5 
	79.0 -0.21390991019 -1.58715324699 1.5 
	240.0 -0.299375301579 1.57022237563 1.5 
	241.0 -0.476059332956 1.52601569086 1.5 
	98.0 1.33485 -0.883589 1.5 
	173.0 0.647717 1.46151 1.5 
	14.0 -1.59996485141 -0.0149902568701 1.5 
	107.0 0.961463874929 -1.28042264537 1.5 
	9.0 -1.58712 -0.20381 1.5 
	108.0 1.10078795546 -1.16267208522 1.5 
	109.0 1.22584252234 -1.02986100565 1.5 
	279.0 -1.43013725482 0.71595440336 1.5 
	102.0 0.118739064898 -1.59711263472 1.5 
	266.0 -1.10073707216 1.15967579421 1.5 
	265.0 -0.961017244852 1.27773093988 1.5 
	280.0 -1.50482667617 0.54206056684 1.5 
	261.0 -1.33536 0.879769 1.5 
	13.0 -1.59034028252 0.174019644012 1.5 
	106.0 0.809646045387 -1.38155522917 1.5 
	267.0 -1.22611625741 1.02648590628 1.5 
	25.0 -1.33453 -0.884123 1.5 
	105.0 0.647298057405 -1.46473882568 1.5 
	104.0 0.476539746092 -1.52891054621 1.5 
	242.0 -0.646588344065 1.46204551793 1.5 
	103.0 0.299586594652 -1.57322736948 1.5 
	31.0 -1.42657372791 -0.72604663627 1.5 
	30.0 -1.49993994042 -0.558487066554 1.5 
	29.0 -1.55374806091 -0.383660988268 1.5 


Station 2
	2.0 -1.64172 0.378218 2.18 
	8.0 -1.68544242429 -0.00767105424157 2.18 
	91.0 0.307222636892 -1.66044427759 2.18 
	92.0 0.497143633205 -1.61367900984 2.18 
	134.0 1.64172 -0.384655 2.18 
	93.0 0.680373972623 -1.5452406939 2.18 
	257.0 -1.4147 0.912961 2.18 
	258.0 -1.03626575279 1.32619783086 2.18 
	135.0 1.51083013805 -0.750288402978 2.18 
	97.0 1.29900155487 -1.07710712632 2.18 
	136.0 1.58699070744 -0.571304144705 2.18 
	259.0 -1.17742853362 1.20271755223 2.18 
	260.0 -1.30410425237 1.06442847984 2.18 
	7.0 -1.67489179996 0.186558573302 2.18 
	95.0 1.01700592112 -1.34727046051 2.18 
	96.0 1.1658505057 -1.22037659161 2.18 
	277.0 -1.51083011116 0.743851420367 2.18 
	278.0 -1.58699013142 0.564866960428 2.18 
	6.0 -1.67371 -0.201841 2.18 
	94.0 0.854441221356 -1.45603538102 2.18 
	70.0 -0.526960232102 -1.60427955508 2.18 
	212.0 0.23289283119 1.66616855382 2.18 
	46.0 -0.819224992217 -1.47607773986 2.18 
	165.0 1.63939057643 0.387964629269 2.18 
	21.0 -1.42489 -0.903414 2.18 
	211.0 0.381435703546 1.63850006889 2.18 
	210.0 0.526959996829 1.59783991215 2.18 
	209.0 0.0824327 1.68021 2.18 
	166.0 1.58304201511 0.575261160657 2.18 
	167.0 1.50539043884 0.754779676878 2.18 
	168.0 1.40743491791 0.924077095716 2.18 
	169.0 1.29052922606 1.08088876679 2.18 
	170.0 1.1562336839 1.22309175567 2.18 
	171.0 1.00639152528 1.34880664968 2.18 
	172.0 0.842947409504 1.45623680622 2.18 
	72.0 -0.232892083715 -1.67259945095 2.18 
	71.0 -0.381436441231 -1.6449398975 2.18 
	164.0 0.668199 1.54411 2.18 
	45.0 -0.962165497189 -1.38707704358 2.18 
	90.0 0.113157312093 -1.68481891403 2.18 
	43.0 -1.21776213726 -1.16843482271 2.18 
	22.0 -1.64121999376 -0.386551575139 2.18 
	23.0 -1.58848893604 -0.566523042075 2.18 
	24.0 -1.51622605286 -0.739589936342 2.18 
	149.0 1.67371 0.195402 2.18 
	44.0 -1.09543378308 -1.28414971827 2.18 
	151.0 1.68544243392 0.00123273101998 2.18 
	69.0 -0.0824327 -1.68664 2.18 
	89.0 1.4147 -0.919398 2.18 
	150.0 1.67489165677 -0.192996215966 2.18 
	233.0 -0.579301817985 1.57952329002 2.18 
	232.0 -0.418488762708 1.62945583855 2.18 
	231.0 -0.253494680522 1.66309169288 2.18 
	230.0 -0.0859563312139 1.67994534307 2.18 
	229.0 -0.882056 1.43297 2.18 
	41.0 -0.668199 -1.55055 2.18 
	42.0 -1.32803052416 -1.04117291789 2.18 
	234.0 -0.73438291478 1.51391339393 2.18 


Station 3
	719.0 1.01480788841 -1.47220357593 4.23 
	722.0 1.43835335534 -1.10847242071 4.23 
	721.0 1.31073466545 -1.24492654821 4.23 
	720.0 1.16891810362 -1.36656633327 4.23 
	639.0 -0.660996 -1.60769 4.23 
	686.0 -0.514373853782 -1.65735617074 4.23 
	717.0 0.677665437339 -1.6322129196 4.23 
	15452.0 -0.146144666667 0.608256666667 4.23 
	15453.0 -0.103240388889 0.792918888889 4.23 
	15454.0 -0.0603361111111 0.977581111111 4.23 
	15455.0 -0.0174318333333 1.16224333333 4.23 
	15456.0 0.0254724444444 1.34690555556 4.23 
	15457.0 0.0683767222222 1.53156777778 4.23 
	15451.0 -0.189048944444 0.423594444444 4.23 
	613.0 -1.82244696392 -0.485617639996 4.23 
	645.0 -0.829982336078 -1.53375712373 4.23 
	644.0 -0.992026798963 -1.44566106122 4.23 
	643.0 -1.1458005052 -1.34379805089 4.23 
	642.0 -1.29011204161 -1.22892522984 4.23 
	641.0 -1.4237744974 -1.10182033441 4.23 
	640.0 -1.54540050126 -0.963170153053 4.23 
	614.0 -1.74645434194 -0.654031058655 4.23 
	15449.0 -0.2748575 0.05427 4.23 
	15448.0 -0.317761777778 -0.130392222222 4.23 
	15447.0 -0.360666055556 -0.315054444444 4.23 
	716.0 0.498600432418 -1.68558923334 4.23 
	715.0 0.315102661943 -1.72083967822 4.23 
	714.0 0.129037972759 -1.73792457987 4.23 
	713.0 1.55002 -0.95868 4.23 
	688.0 -0.211968152266 -1.7225691955 4.23 
	687.0 -0.364515301044 -1.69620871372 4.23 
	685.0 -0.0578269 -1.73695 4.23 
	15441.0 -0.618091722222 -1.42302777778 4.23 
	15442.0 -0.575187444444 -1.23836555556 4.23 
	611.0 -1.65352 -0.813738 4.23 
	612.0 -1.87954309038 -0.309901298875 4.23 
	15443.0 -0.532283166667 -1.05370333333 4.23 
	15444.0 -0.489378888889 -0.869041111111 4.23 
	15445.0 -0.446474611111 -0.684378888889 4.23 
	15446.0 -0.403570333333 -0.499716666667 4.23 
	718.0 0.850400090058 -1.56097727308 4.23 
	15450.0 -0.231953222222 0.238932222222 4.23 
	996.0 -1.76354088018 0.779450129923 4.23 
	15334.0 0.347929047059 0.00944705882353 4.23 
	895.0 0.111281 1.71623 4.23 
	15326.0 -0.0127429058823 -1.54290588235 4.23 
	15327.0 0.0323410882353 -1.34886176471 4.23 
	15328.0 0.0774250823529 -1.15481764706 4.23 
	15329.0 0.122509076471 -0.960773529412 4.23 
	15330.0 0.167593070588 -0.766729411765 4.23 
	592.0 -1.93145087012 0.0571761072652 4.23 
	15331.0 0.212677064706 -0.572685294118 4.23 
	15333.0 0.302845052941 -0.184597058823 4.23 
	15335.0 0.393013041176 0.203491176471 4.23 
	15336.0 0.438097035294 0.397535294118 4.23 
	15337.0 0.483181029412 0.591579411765 4.23 
	15338.0 0.528265023529 0.785623529412 4.23 
	15339.0 0.573349017647 0.979667647059 4.23 
	15332.0 0.257761058823 -0.378641176471 4.23 
	15340.0 0.618433011765 1.17371176471 4.23 
	591.0 -1.92367775633 0.243620097147 4.23 
	896.0 0.564130147694 1.61739839285 4.23 
	971.0 -1.55466581948 1.08908315511 4.23 
	970.0 -1.42564508204 1.22354888821 4.23 
	969.0 -1.28273503946 1.34315251936 4.23 
	968.0 -1.66772 0.940943 4.23 
	929.0 -0.965812932379 1.53435911915 4.23 
	928.0 -0.795824986772 1.60538079054 4.23 
	590.0 -1.91627 -0.12883 4.23 
	927.0 -0.619920584676 1.66016964091 4.23 
	925.0 -0.25683652205 1.72079760001 4.23 
	924.0 -0.0726852739597 1.72643466016 4.23 
	923.0 -1.12819 1.44731 4.23 
	583.0 -1.89265 0.427618 4.23 
	898.0 0.264545197799 1.69452763365 4.23 
	897.0 0.415878276424 1.66193804601 4.23 
	926.0 -0.439747848885 1.69867992293 4.23 
	15341.0 0.663517005882 1.36775588235 4.23 
	805.0 1.81239304258 -0.233652437719 4.23 
	831.0 1.32264579484 1.14375275048 4.23 
	827.0 1.72040169814 0.517472389925 4.23 
	828.0 1.6467504844 0.689130310129 4.23 
	806.0 1.82213716986 -0.0391771023043 4.23 
	997.0 -1.8390996924 0.607566977611 4.23 
	804.0 1.80879 0.155104 4.23 
	829.0 1.55496388424 0.851817193964 4.23 
	830.0 1.44641482436 1.00383806142 4.23 
	826.0 1.77472180331 0.338759525458 4.23 
	832.0 1.18527053817 1.27033480118 4.23 
	833.0 1.03596136298 1.38260833923 4.23 
	834.0 0.876606961385 1.48008527294 4.23 
	785.0 1.7245106416 -0.612005397406 4.23 
	825.0 0.708601 1.5618 4.23 
	783.0 1.77954 -0.425576 4.23 
	784.0 1.64756328893 -0.790515684235 4.23 


Station 4
	15814.0 0.626491026667 0.891344 6.96 
	1461.0 -2.22764222155 0.300332222456 6.96 
	1595.0 1.35029336921 -1.20647935607 6.96 
	1596.0 1.49550589054 -1.07983948885 6.96 
	1654.0 1.83914 -0.460113 6.96 
	15815.0 0.669385013333 1.075962 6.96 
	1655.0 1.71535091939 -0.786377094778 6.96 
	1656.0 1.78801981236 -0.627341178932 6.96 
	1675.0 1.85325 0.0657515 6.96 
	1475.0 -1.86924 -0.363837 6.96 
	1476.0 -2.1052960788 -0.0535201014722 6.96 
	1460.0 -2.18891 0.122676 6.96 
	1676.0 1.86718262818 -0.285930964887 6.96 
	15813.0 0.58359704 0.706726 6.96 
	1594.0 1.18920724824 -1.31220893432 6.96 
	1591.0 0.645301322929 -1.5003066232 6.96 
	1592.0 0.833513087188 -1.45879658603 6.96 
	15914.0 0.00906082 1.02838533333 6.96 
	15913.0 -0.03323832 0.846328 6.96 
	15912.0 -0.07553746 0.664270666667 6.96 
	1589.0 0.261021467694 -1.52403713352 6.96 
	15911.0 -0.1178366 0.482213333333 6.96 
	15910.0 -0.16013574 0.300156 6.96 
	15909.0 -0.20243488 0.118098666667 6.96 
	15908.0 -0.24473402 -0.0639586666667 6.96 
	1593.0 1.0157937139 -1.39623861974 6.96 
	1590.0 0.453755800615 -1.52173867302 6.96 
	15906.0 -0.3293323 -0.428073333333 6.96 
	15905.0 -0.37163144 -0.610130666667 6.96 
	15904.0 -0.41393058 -0.792188 6.96 
	15903.0 -0.45622972 -0.974245333333 6.96 
	1500.0 -1.46694061463 -0.741930463275 6.96 
	15902.0 -0.49852886 -1.15630266667 6.96 
	15812.0 0.540703053333 0.522108 6.96 
	1453.0 -2.21361 0.481501 6.96 
	15907.0 -0.28703316 -0.246016 6.96 
	1477.0 -1.9953348755 -0.214771526552 6.96 
	15806.0 0.283339133333 -0.5856 6.96 
	15810.0 0.45491508 0.152872 6.96 
	1763.0 0.560885123353 1.30748036326 6.96 
	1764.0 0.407013781735 1.34547852056 6.96 
	1765.0 0.250998585992 1.37335460933 6.96 
	1790.0 -1.51839 1.14626 6.96 
	1791.0 -0.0888880573478 1.40352178969 6.96 
	1498.0 -1.74092718533 -0.495913603443 6.96 
	1792.0 -0.271777617363 1.40383191112 6.96 
	1793.0 -0.4544482471 1.3948499367 6.96 
	1794.0 -0.636446893199 1.37679766813 6.96 
	1853.0 -1.91593809935 0.914501792733 6.96 
	1795.0 -0.817307618667 1.34962137299 6.96 
	1796.0 -0.996613830944 1.31358234921 6.96 
	1852.0 -1.79062607041 1.00360092533 6.96 
	1851.0 -1.65730871784 1.08024555213 6.96 
	1850.0 -2.02911 0.810458 6.96 
	1797.0 -1.17382607458 1.26837344454 6.96 
	1798.0 -1.34809365846 1.21290864815 6.96 
	1762.0 0.0936591 1.3925 6.96 
	15811.0 0.497809066667 0.33749 6.96 
	15915.0 0.05135996 1.21044266667 6.96 
	1703.0 1.06290122896 1.10237742212 6.96 
	15809.0 0.412021093333 -0.031746 6.96 
	15808.0 0.369127106667 -0.216364 6.96 
	15807.0 0.32623312 -0.400982 6.96 
	15805.0 0.240445146667 -0.770218 6.96 
	15804.0 0.19755116 -0.954836 6.96 
	15803.0 0.154657173333 -1.139454 6.96 
	15802.0 0.111763186667 -1.324072 6.96 
	1677.0 1.87267346722 -0.109626081061 6.96 
	1696.0 0.712279 1.26058 6.96 
	1697.0 1.80568921806 0.252182325797 6.96 
	1698.0 1.73145127206 0.429674473951 6.96 
	1497.0 -0.540828 -1.33836 6.96 
	1699.0 1.63341827364 0.595229600576 6.96 
	1700.0 1.51440990727 0.746428954718 6.96 
	1701.0 1.37757233726 0.881730659939 6.96 
	1878.0 -2.14422159225 0.658679377597 6.96 
	1702.0 1.22634628105 1.00077925151 6.96 
	1704.0 0.890831378125 1.18866970988 6.96 
	1499.0 -1.60647495887 -0.621749311233 6.96 
	1588.0 1.62104 -0.933667 6.96 
	1504.0 -0.86772773222 -1.16913428335 6.96 
	1561.0 -0.393282072195 -1.39701596376 6.96 
	1560.0 0.0688692 -1.50869 6.96 
	1503.0 -1.02384284171 -1.07146666039 6.96 
	1502.0 -1.17565019616 -0.967219845244 6.96 
	1501.0 -1.32341196515 -0.857312512401 6.96 
	1562.0 -0.242160343125 -1.44565809126 6.96 
	1505.0 -0.706855813709 -1.25873861169 6.96 
	1563.0 -0.0877230128624 -1.48249628546 6.96 


Station 5
	2502.0 0.783393337054 -1.25013958042 10.03 
	2500.0 0.405346478196 -1.23371900025 10.03 
	2501.0 0.593948971456 -1.25163785975 10.03 
	2336.0 -2.0619 0.231556 10.03 
	2337.0 -2.31338264234 0.364231772839 10.03 
	16349.0 0.03048659 0.7299374 10.03 
	2370.0 -0.991852844998 -0.550775572463 10.03 
	2369.0 -1.14009551266 -0.432601512527 10.03 
	2338.0 -2.18662989397 0.299812008296 10.03 
	2499.0 1.62751 -0.876103 10.03 
	2466.0 0.0676363451915 -1.15797981747 10.03 
	2503.0 0.971390503362 -1.22698657233 10.03 
	2834.0 -2.40058 0.600806 10.03 
	2317.0 -2.52599 0.518752 10.03 
	2371.0 -0.841735725846 -0.666553934743 10.03 
	16347.0 -0.05766843 0.3505142 10.03 
	2505.0 1.3294411103 -1.1067724236 10.03 
	2506.0 1.48934508936 -1.00545071155 10.03 
	16232.0 0.649645 0.654403636364 10.03 
	16346.0 -0.10174594 0.1608026 10.03 
	16345.0 -0.14582345 -0.028909 10.03 
	16344.0 -0.18990096 -0.2186206 10.03 
	16343.0 -0.23397847 -0.4083322 10.03 
	16342.0 -0.27805598 -0.5980438 10.03 
	16341.0 -0.32213349 -0.7877554 10.03 
	2463.0 0.219175 -1.19836 10.03 
	2504.0 1.15489674255 -1.1801575063 10.03 
	16348.0 -0.01359092 0.5402258 10.03 
	2464.0 -0.225410509879 -1.04654812437 10.03 
	2465.0 -0.0805529907366 -1.10665337733 10.03 
	2326.0 -2.44096 0.427004 10.03 
	2836.0 -2.25304068005 0.638648518835 10.03 
	2373.0 -0.530346284406 -0.882650965488 10.03 
	2372.0 -0.688486104381 -0.778145031451 10.03 
	2835.0 -2.10376295896 0.669028454467 10.03 
	16227.0 0.43441 -0.271978181818 10.03 
	2749.0 -1.4038682662 0.78689108697 10.03 
	16230.0 0.563551 0.283850909091 10.03 
	2576.0 1.71388357166 -0.759549713725 10.03 
	2634.0 1.22328563829 0.645805294596 10.03 
	2367.0 -1.43700436323 -0.196788412762 10.03 
	2633.0 1.38351673669 0.546031180018 10.03 
	2632.0 1.5290201126 0.425857609407 10.03 
	2631.0 1.65428862918 0.284776935768 10.03 
	2365.0 -1.74153934199 0.0289974470395 10.03 
	2366.0 -1.58750103346 -0.0815055866915 10.03 
	2742.0 -0.11122452738 0.921761662796 10.03 
	2630.0 1.75323150353 0.124198613789 10.03 
	2705.0 0.0745641 0.919649 10.03 
	2706.0 0.540123803054 0.872538191149 10.03 
	2575.0 1.82317 -0.491728 10.03 
	2707.0 0.385680661693 0.895036650112 10.03 
	2708.0 0.230393779213 0.910772785574 10.03 
	2604.0 1.84470144695 -0.198001947191 10.03 
	2603.0 1.84409182975 -0.345555916923 10.03 
	2602.0 1.81884 -0.0526169 10.03 
	2629.0 0.692692 0.83968 10.03 
	2743.0 -0.296930974857 0.916005494276 10.03 
	2741.0 -1.9539 0.696392 10.03 
	2745.0 -0.667266936707 0.885518868534 10.03 
	16228.0 0.477457 -0.0867018181818 10.03 
	16231.0 0.606598 0.469127272727 10.03 
	2368.0 -1.28813442053 -0.314171418985 10.03 
	2751.0 -1.77077804731 0.727898663024 10.03 
	2364.0 -1.89932408878 0.134062979792 10.03 
	16226.0 0.391363 -0.457254545455 10.03 
	16229.0 0.520504 0.0985745454545 10.03 
	16225.0 0.348316 -0.642530909091 10.03 
	16224.0 0.305269 -0.827807272727 10.03 
	2744.0 -0.482279397916 0.902980482647 10.03 
	16223.0 0.262222 -1.01308363636 10.03 
	2363.0 -0.366211 -0.977467 10.03 
	2636.0 0.874813396696 0.789661640174 10.03 
	2750.0 -1.58743883903 0.758114524615 10.03 
	2635.0 1.05307187224 0.727493717057 10.03 
	2748.0 -1.22011793719 0.814498267884 10.03 
	2747.0 -1.03617936914 0.840817490317 10.03 
	2746.0 -0.851894360409 0.864583364392 10.03 
	2577.0 1.77839770788 -0.62969836008 10.03 


Station 6
	3826.0 0.822886026364 0.539084696374 13.79 
	4078.0 -2.4636549801 0.495440388547 13.79 
	3824.0 1.15310319994 0.414212138661 13.79 
	3825.0 0.990402540287 0.483039598023 13.79 
	4077.0 -2.32368655002 0.506599971468 13.79 
	3823.0 1.3084977944 0.330223106305 13.79 
	3822.0 1.45398485123 0.230115961514 13.79 
	3643.0 0.288017 -1.08773 13.79 
	3775.0 1.80677 -0.522074 13.79 
	3694.0 1.49951956981 -0.93186551139 13.79 
	3692.0 1.17358287059 -1.07612855398 13.79 
	3691.0 0.998926975503 -1.11439288594 13.79 
	3690.0 0.821117965284 -1.13344942486 13.79 
	3689.0 0.64229070217 -1.13481272874 13.79 
	3688.0 0.464172768295 -1.11874845248 13.79 
	3687.0 1.63915 -0.82051 13.79 
	3797.0 1.77835 -0.181004 13.79 
	3798.0 1.81810069237 -0.349327800155 13.79 
	3819.0 0.651335 0.581392 13.79 
	3820.0 1.69668157133 -0.0246956959005 13.79 
	3646.0 0.140847825547 -1.04881033752 13.79 
	3776.0 1.74460750318 -0.683478274573 13.79 
	3645.0 -0.00413753683448 -1.00254758336 13.79 
	3644.0 -0.145321044532 -0.945658772054 13.79 
	3821.0 1.58557629273 0.112408061181 13.79 
	3693.0 1.34202717083 -1.01628728179 13.79 
	3522.0 -0.452819004157 -0.791727858166 13.79 
	3944.0 -2.18381 0.518852 13.79 
	16709.0 -0.199658375 -0.49616525 13.79 
	3947.0 -0.508060977553 0.664690896747 13.79 
	3948.0 -0.694731035891 0.65504816751 13.79 
	3949.0 -0.88121103707 0.642213822332 13.79 
	16710.0 -0.1576355625 -0.303107375 13.79 
	3512.0 -2.04395200514 0.275731827989 13.79 
	16711.0 -0.11561275 -0.1100495 13.79 
	3901.0 0.503420465938 0.61301118021 13.79 
	3902.0 0.353760913212 0.635078282909 13.79 
	3946.0 -0.321209646389 0.669659519871 13.79 
	3513.0 -1.87390609447 0.186998550416 13.79 
	3951.0 -1.2536987052 0.61045005519 13.79 
	3952.0 -1.43972884395 0.592207400018 13.79 
	3953.0 -1.62572799954 0.573650098731 13.79 
	16712.0 -0.0735899375 0.083008375 13.79 
	3955.0 -1.99772095649 0.536484420672 13.79 
	3954.0 -1.81171201553 0.554941604807 13.79 
	3514.0 -1.70961670072 0.0879520023298 13.79 
	3515.0 -1.55035591041 -0.0190055405509 13.79 
	16713.0 -0.031567125 0.27606625 13.79 
	3950.0 -1.0675298367 0.627210550904 13.79 
	16708.0 -0.2416811875 -0.689223125 13.79 
	3511.0 -0.283704 -0.882281 13.79 
	3945.0 -0.134296083282 0.669263290789 13.79 
	16616.0 0.328385666667 -0.902272 13.79 
	16617.0 0.368754333333 -0.716814 13.79 
	3456.0 -2.71016 0.461125 13.79 
	3521.0 -0.616867228993 -0.692291102128 13.79 
	16618.0 0.409123 -0.531356 13.79 
	16619.0 0.449491666667 -0.345898 13.79 
	16620.0 0.489860333333 -0.16044 13.79 
	16621.0 0.530229 0.025018 13.79 
	16622.0 0.570597666667 0.210476 13.79 
	16623.0 0.610966333333 0.395934 13.79 
	3520.0 -0.775898401741 -0.584988750448 13.79 
	3467.0 -2.61057 0.44702 13.79 
	3519.0 -0.932044485734 -0.473515340803 13.79 
	3478.0 -2.22032 0.351131 13.79 
	3900.0 0.0524785 0.662182 13.79 
	3479.0 -2.47837349645 0.423905602353 13.79 
	3518.0 -1.08625840584 -0.359381075262 13.79 
	3480.0 -2.34770532188 0.393323663125 13.79 
	3903.0 0.203382955568 0.651494887231 13.79 
	4076.0 -2.60325 0.480626 13.79 
	3517.0 -1.23972451198 -0.244241015273 13.79 
	3516.0 -1.39410502174 -0.130332276718 13.79 
	16714.0 0.0104556875 0.469124125 13.79 


Station 7
	4956.0 0.295044 -1.11263 17.88 
	5133.0 1.66230274323 -0.106475562772 17.88 
	5134.0 1.54227609523 0.0214840083405 17.88 
	5135.0 1.40452624314 0.130275398044 17.88 
	5136.0 1.25507626287 0.222409237189 17.88 
	4957.0 -0.142213929315 -0.978134709245 17.88 
	5138.0 0.933557647494 0.362871536498 17.88 
	5139.0 0.765448008839 0.413608824826 17.88 
	4824.0 -0.282188 -0.91713 17.88 
	4825.0 -2.03110645394 0.141567223363 17.88 
	5132.0 0.59423 0.452787 17.88 
	4826.0 -1.86311238802 0.0615752000639 17.88 
	5264.0 -2.1747 0.365058 17.88 
	5265.0 -0.204964633305 0.525629015197 17.88 
	5266.0 -0.402667198518 0.523200037741 17.88 
	5267.0 -0.600231108506 0.515334525092 17.88 
	5268.0 -0.797552143293 0.502741867313 17.88 
	5269.0 -0.994643155411 0.486923268358 17.88 
	5270.0 -1.19155950839 0.469056305216 17.88 
	5271.0 -1.38828463589 0.449192851348 17.88 
	5272.0 -1.58491101844 0.428368756987 17.88 
	4827.0 -1.7001600752 -0.0283003589793 17.88 
	4832.0 -0.923823002454 -0.541076378727 17.88 
	4833.0 -0.768156203497 -0.643080833879 17.88 
	4834.0 -0.610214675447 -0.741517483303 17.88 
	5088.0 1.79951 -0.560448 17.88 
	16960.0 0.55683175 0.257109875 17.88 
	16959.0 0.5194335 0.06143275 17.88 
	16958.0 0.48203525 -0.134244375 17.88 
	16957.0 0.444637 -0.3299215 17.88 
	16956.0 0.40723875 -0.525598625 17.88 
	16955.0 0.3698405 -0.72127575 17.88 
	16954.0 0.33244225 -0.916952875 17.88 
	5089.0 1.74311874297 -0.709307969426 17.88 
	4769.0 -2.69926 0.299366 17.88 
	4780.0 -2.59849 0.289871 17.88 
	4835.0 -0.448341398821 -0.833318466884 17.88 
	5110.0 1.75528 -0.255074 17.88 
	4791.0 -2.20453 0.208993 17.88 
	5111.0 1.80251091141 -0.404124755661 17.88 
	4792.0 -2.46529160894 0.272420241394 17.88 
	4793.0 -2.33341999317 0.246834389922 17.88 
	5220.0 -0.00730177 0.521147 17.88 
	5221.0 0.445184294491 0.479929754522 17.88 
	5222.0 0.294920159623 0.499458056413 17.88 
	5223.0 0.144005447983 0.512937968766 17.88 
	5273.0 -1.78149034468 0.407105012596 17.88 
	5274.0 -1.97805910755 0.385744516051 17.88 
	5137.0 1.09743783927 0.299751603284 17.88 
	17037.0 -0.17910566375 -0.377776125 17.88 
	17035.0 -0.24782722125 -0.737345375 17.88 
	17036.0 -0.2134664425 -0.55756075 17.88 
	5007.0 1.5041776287 -0.944289060615 17.88 
	17038.0 -0.144744885 -0.1979915 17.88 
	17039.0 -0.11038410625 -0.018206875 17.88 
	17040.0 -0.0760233275 0.16157775 17.88 
	17041.0 -0.04166254875 0.341362375 17.88 
	4831.0 -1.07793334321 -0.436732626344 17.88 
	4830.0 -1.23145185445 -0.331518313636 17.88 
	5390.0 -2.59265 0.320414 17.88 
	5391.0 -2.31410843982 0.350871076577 17.88 
	5392.0 -2.45359058827 0.337426115466 17.88 
	4829.0 -1.38573486353 -0.227430353319 17.88 
	4959.0 0.146603273561 -1.0767605119 17.88 
	5000.0 1.64455 -0.834439 17.88 
	5001.0 0.471236348533 -1.14111842435 17.88 
	5006.0 1.34659299325 -1.02781954055 17.88 
	5002.0 0.649229958435 -1.15425125297 17.88 
	4958.0 0.000536442396472 -1.03237059287 17.88 
	5005.0 1.17869787457 -1.08815262755 17.88 
	4828.0 -1.54161611129 -0.125753880329 17.88 
	5004.0 1.00479247027 -1.1281349928 17.88 
	5003.0 0.827637538102 -1.14976810764 17.88 


Station 8
	17271.0 0.48051725 -0.09814125 21.98 
	17269.0 0.4206495 -0.4524775 21.98 
	17270.0 0.450583375 -0.275309375 21.98 
	17268.0 0.390715625 -0.629645625 21.98 
	17272.0 0.510451125 0.079026875 21.98 
	17348.0 -0.0897219428571 0.132823 21.98 
	17344.0 -0.212027314286 -0.591057 21.98 
	17345.0 -0.181450971429 -0.410087 21.98 
	17346.0 -0.150874628571 -0.229117 21.98 
	17347.0 -0.120298285714 -0.048147 21.98 
	17266.0 0.330847875 -0.983981875 21.98 
	17343.0 -0.242603657143 -0.772027 21.98 
	17267.0 0.36078175 -0.80681375 21.98 
	6523.0 -1.87703350043 0.194860853643 21.98 
	6397.0 0.905010014296 0.165708942948 21.98 
	6396.0 1.08014914934 0.0974528034298 21.98 
	6514.0 -0.241437170305 0.316106552711 21.98 
	6398.0 0.724583080463 0.218446770787 21.98 
	6469.0 -0.0591456 0.313793 21.98 
	6271.0 1.57744 -0.849232 21.98 
	6110.0 -1.40456512444 -0.286758109104 21.98 
	6111.0 -1.24327674927 -0.382618842165 21.98 
	6112.0 -1.08335262783 -0.480741690472 21.98 
	6113.0 -0.923881555646 -0.579600590813 21.98 
	6114.0 -0.763923019614 -0.677667688107 21.98 
	6230.0 0.152446776828 -1.12386778603 21.98 
	6115.0 -0.60282056274 -0.773841493405 21.98 
	6634.0 -2.47216 0.129187 21.98 
	6395.0 1.24781279505 0.0124678746109 21.98 
	6522.0 -1.69574688879 0.214175074588 21.98 
	6520.0 -1.33298347233 0.250961636449 21.98 
	6519.0 -1.15144308612 0.267718177759 21.98 
	6116.0 -0.439595172901 -0.866354002723 21.98 
	6227.0 0.300914 -1.16115 21.98 
	6470.0 0.391583897606 0.280035406607 21.98 
	6471.0 0.241779158529 0.296668570952 21.98 
	6472.0 0.0914515427811 0.307506951809 21.98 
	6229.0 0.00719557634608 -1.07571094688 21.98 
	6228.0 -0.134534332197 -1.01786850201 21.98 
	6518.0 -0.969753682427 0.282769097474 21.98 
	6517.0 -0.787903704216 0.295731918751 21.98 
	6516.0 -0.605895722234 0.306236257616 21.98 
	6515.0 -0.423722508931 0.31326382507 21.98 
	6521.0 -1.5144075464 0.232986736956 21.98 
	6394.0 1.40475837685 -0.0908960313994 21.98 
	6513.0 -2.05831 0.175452 21.98 
	6348.0 1.71821 -0.617512 21.98 
	6274.0 0.879951424489 -1.1670473625 21.98 
	6075.0 -2.21187696779 0.0657842894071 21.98 
	6074.0 -2.34354164986 0.0891934799881 21.98 
	6273.0 0.687208638191 -1.18941072517 21.98 
	6109.0 -1.56785060672 -0.194348939944 21.98 
	6275.0 1.06887648624 -1.12277605944 21.98 
	6073.0 -2.08272 0.0310026 21.98 
	6349.0 1.66679711987 -0.744592755365 21.98 
	6062.0 -2.47655 0.103168 21.98 
	6051.0 -2.57731 0.10825 21.98 
	6277.0 1.4230042511 -0.966376556973 21.98 
	6276.0 1.25120027181 -1.05642673702 21.98 
	6636.0 -2.33448336168 0.146800649483 21.98 
	6635.0 -2.19639824048 0.161140944968 21.98 
	6370.0 1.65935 -0.36446 21.98 
	6272.0 0.493236030625 -1.18686502066 21.98 
	6106.0 -0.27318 -0.952997 21.98 
	6371.0 1.71151194513 -0.485948070599 21.98 
	6107.0 -1.90621125904 -0.0325376402067 21.98 
	6108.0 -1.73484413614 -0.108849517964 21.98 
	6392.0 0.540385 0.256195 21.98 
	6393.0 1.5453783359 -0.215424289582 21.98 


Station 9
	17542.0 0.350165333333 -0.35173 26.08 
	17541.0 0.3230455 -0.535385 26.08 
	7663.0 -0.195473 0.0679223 26.08 
	7664.0 0.255222188347 0.0366733473553 26.08 
	17602.0 -0.2237178 -0.12335016 26.08 
	7481.0 1.3464476079 -0.967981701507 26.08 
	7480.0 1.17112489916 -1.0365994097 26.08 
	17601.0 -0.2519626 -0.31462262 26.08 
	7710.0 -0.776940760095 0.0585232636353 26.08 
	7434.0 0.0930668104104 -1.04965194514 26.08 
	7433.0 -0.0525383815195 -1.00234082408 26.08 
	17539.0 0.268805833333 -0.902695 26.08 
	7432.0 -0.195793710266 -0.94834065874 26.08 
	7284.0 -2.35147 -0.101284 26.08 
	7431.0 0.241686 -1.08635 26.08 
	17540.0 0.295925666667 -0.71904 26.08 
	7475.0 1.50851 -0.872585 26.08 
	7476.0 0.4273894227 -1.11722015195 26.08 
	7477.0 0.615449903313 -1.12714580492 26.08 
	7478.0 0.803418405419 -1.11591435106 26.08 
	7479.0 0.989262860938 -1.08547891915 26.08 
	17543.0 0.377285166667 -0.168075 26.08 
	7665.0 0.105459486013 0.0529326779082 26.08 
	17599.0 -0.3084522 -0.69716754 26.08 
	7330.0 -1.57575696347 -0.265237627004 26.08 
	7586.0 0.404405 0.01558 26.08 
	7334.0 -0.868507410689 -0.622738474596 26.08 
	7331.0 -1.39500268464 -0.346489346034 26.08 
	7335.0 -0.693195087931 -0.715212899006 26.08 
	7811.0 -2.07378456972 -0.0474670545567 26.08 
	7336.0 -0.516251884025 -0.804520297674 26.08 
	7273.0 -2.45213 -0.0985631 26.08 
	7715.0 -1.74347611919 -0.0157673367458 26.08 
	7714.0 -1.55037114068 0.00167914326241 26.08 
	7713.0 -1.35719542919 0.0183230992106 26.08 
	7810.0 -2.34796 -0.0775145 26.08 
	7712.0 -1.16391979928 0.0337607311466 26.08 
	7711.0 -0.97051659963 0.0475002200704 26.08 
	7574.0 1.56009 -0.52332 26.08 
	7707.0 -1.93649 -0.0341933 26.08 
	7553.0 1.58836979562 -0.799000939023 26.08 
	7552.0 1.63475 -0.702061 26.08 
	7708.0 -0.389351915995 0.0697129587511 26.08 
	7332.0 -1.21789519959 -0.435466448114 26.08 
	7295.0 -1.95271 -0.144024 26.08 
	7812.0 -2.2110669757 -0.0608650624971 26.08 
	7296.0 -2.21764578338 -0.106523894305 26.08 
	7297.0 -2.08443646891 -0.119928076862 26.08 
	17600.0 -0.2802074 -0.50589508 26.08 
	7329.0 -1.76166952248 -0.196644888654 26.08 
	7592.0 0.586132709488 -0.0203675620733 26.08 
	7709.0 -0.583206958859 0.066284414524 26.08 
	7591.0 0.765060951802 -0.0682930761533 26.08 
	7590.0 0.939833602111 -0.129686832752 26.08 
	7589.0 1.10944740289 -0.204139521774 26.08 
	7588.0 1.27235130916 -0.292267415845 26.08 
	7333.0 -1.04287864334 -0.528498223127 26.08 
	7587.0 1.42522108936 -0.396751211862 26.08 
	7328.0 -0.336697 -0.88844 26.08 
	7666.0 -0.0449223209322 0.0621754097992 26.08 


Station 10
	8421.0 -1.93991209247 -0.333851072915 30.17 
	17780.0 -0.3909048 -0.7755464 30.17 
	17781.0 -0.3703966 -0.6125208 30.17 
	17738.0 0.2446842 -0.5354874 30.17 
	17739.0 0.2687786 -0.3439532 30.17 
	17782.0 -0.3498884 -0.4494952 30.17 
	8687.0 1.45852 -0.647895 30.17 
	17783.0 -0.3293802 -0.2864696 30.17 
	8698.0 0.292873 -0.152419 30.17 
	8699.0 1.31802407981 -0.530010259552 30.17 
	8666.0 1.49562200893 -0.903131329623 30.17 
	8665.0 1.53895 -0.810074 30.17 
	8588.0 1.41778 -0.971779 30.17 
	8909.0 -2.06813002668 -0.28381785905 30.17 
	8589.0 0.353115337514 -1.13761896594 30.17 
	8590.0 0.535287859019 -1.15221862874 30.17 
	8591.0 0.718042221552 -1.15327234923 30.17 
	8907.0 -2.20475 -0.303516 30.17 
	8908.0 -1.93117328932 -0.266438778955 30.17 
	17737.0 0.2205898 -0.7270216 30.17 
	8408.0 -2.20777 -0.327468 30.17 
	8594.0 1.25520903024 -1.0543639272 30.17 
	8593.0 1.08006957887 -1.10628991725 30.17 
	8592.0 0.900192729526 -1.13843820987 30.17 
	8419.0 -1.80714 -0.35206 30.17 
	17736.0 0.1964954 -0.9185558 30.17 
	8453.0 -1.62242347669 -0.395459963354 30.17 
	8452.0 -0.411413 -0.938572 30.17 
	8455.0 -1.26797542075 -0.53035407399 30.17 
	8778.0 -0.15808002407 -0.122289640969 30.17 
	8777.0 -0.00733094802797 -0.125831747986 30.17 
	8776.0 0.143236092836 -0.133815217606 30.17 
	8775.0 -0.308872 -0.123444 30.17 
	8819.0 -1.7942 -0.249191 30.17 
	8820.0 -0.495192494436 -0.129042125168 30.17 
	8821.0 -0.681324084801 -0.139156726189 30.17 
	8822.0 -0.867262674065 -0.152376172758 30.17 
	8823.0 -1.0529926407 -0.16826408864 30.17 
	8824.0 -1.23851722678 -0.18639991652 30.17 
	8825.0 -1.42388931387 -0.206036730049 30.17 
	8826.0 -1.6091144838 -0.227014557539 30.17 
	8397.0 -2.30843 -0.326084 30.17 
	8454.0 -1.44251107844 -0.455796517585 30.17 
	8545.0 -0.268743066162 -0.992058174507 30.17 
	8544.0 0.172401 -1.11009 30.17 
	8547.0 0.0234131403004 -1.07826907292 30.17 
	8456.0 -1.09676646827 -0.612319027987 30.17 
	8457.0 -0.927354179619 -0.697949547747 30.17 
	8700.0 1.16192451551 -0.433392817179 30.17 
	8701.0 0.997357124101 -0.351921467246 30.17 
	8458.0 -0.757538197128 -0.782772590178 30.17 
	8546.0 -0.123850539709 -1.03918304939 30.17 
	8420.0 -2.073719891 -0.326675286425 30.17 
	8702.0 0.826863132196 -0.283687189101 30.17 
	8703.0 0.652150866929 -0.227082818827 30.17 
	8459.0 -0.585793504345 -0.863610616089 30.17 
	8704.0 0.474122935028 -0.181937896789 30.17 


Station 11
	9616.0 -0.173499736604 -1.11622277789 34.27 
	9840.0 -0.242063351476 -0.33884229798 34.27 
	9540.0 -0.633797242069 -0.958569215046 34.27 
	9538.0 -0.970337904163 -0.81898626931 34.27 
	9537.0 -1.13904056569 -0.750245249543 34.27 
	9536.0 -1.30986410973 -0.686989750095 34.27 
	9662.0 0.822416896381 -1.21486497441 34.27 
	9663.0 0.995995309018 -1.18997238724 34.27 
	9664.0 1.16621862741 -1.14799455447 34.27 
	9535.0 -1.48430087082 -0.634626834029 34.27 
	9534.0 -0.463578 -1.02346 34.27 
	9539.0 -0.802467763556 -0.889746342768 34.27 
	9839.0 -0.0912363311849 -0.337906949641 34.27 
	9660.0 0.471985463394 -1.22252074201 34.27 
	9661.0 0.647350066252 -1.22517356085 34.27 
	9615.0 -0.319473709265 -1.07277118166 34.27 
	9614.0 0.123543 -1.18333 34.27 
	9735.0 1.44187 -0.945693 34.27 
	9749.0 1.35742 -0.789988 34.27 
	17903.0 0.140783 -1.0179142 34.27 
	9761.0 1.21604340505 -0.682739102587 34.27 
	9762.0 1.06073300093 -0.596541932281 34.27 
	9763.0 0.898157573837 -0.524892047177 34.27 
	9764.0 0.730617909242 -0.465729977971 34.27 
	9765.0 0.559507329836 -0.417865322403 34.27 
	9766.0 0.385734951293 -0.380828050145 34.27 
	9658.0 1.32725 -1.07943 34.27 
	9659.0 0.297232969775 -1.20780017177 34.27 
	9617.0 -0.0257411752114 -1.1531322606 34.27 
	9837.0 -0.392801 -0.344371 34.27 
	9838.0 0.0595110466193 -0.343130069208 34.27 
	9760.0 0.209743 -0.356251 34.27 
	17904.0 0.158023 -0.8524984 34.27 
	17948.0 -0.4281895 -0.6839155 34.27 
	9886.0 -1.29223727809 -0.43486040486 34.27 
	9501.0 -1.66233 -0.596256 34.27 
	17949.0 -0.41049525 -0.51414325 34.27 
	9885.0 -1.11283489776 -0.412104714453 34.27 
	9884.0 -0.93323735312 -0.390943663533 34.27 
	9490.0 -2.06235 -0.571133 34.27 
	9887.0 -1.47147662848 -0.458869757444 34.27 
	9883.0 -0.753393532939 -0.372003238802 34.27 
	9882.0 -0.573249450745 -0.356176676167 34.27 
	17906.0 0.192503 -0.5216668 34.27 
	9502.0 -1.9285376802 -0.571223991524 34.27 
	9881.0 -1.6506 -0.483728 34.27 
	9503.0 -1.7949808833 -0.578896781873 34.27 
	9479.0 -2.16281 -0.570006 34.27 
	9963.0 -1.92357093626 -0.523546227004 34.27 
	9962.0 -1.78709583688 -0.503566475413 34.27 
	9961.0 -2.0597 -0.545649 34.27 
	17905.0 0.175263 -0.6870826 34.27 
	17947.0 -0.44588375 -0.85368775 34.27 


Station 12
	10747.0 0.334447706446 -0.609346029299 38.37 
	10746.0 0.530562011417 -0.647620562083 38.37 
	10745.0 0.723434041489 -0.699815058568 38.37 
	10744.0 0.91161235168 -0.766983376496 38.37 
	10743.0 1.09258456447 -0.851579095663 38.37 
	10860.0 -0.815928004053 -0.629633515477 38.37 
	10720.0 1.34692 -1.10952 38.37 
	10656.0 1.05182818061 -1.27682156733 38.37 
	10655.0 0.858759612933 -1.3100593657 38.37 
	10654.0 0.663397254225 -1.32515710079 38.37 
	10653.0 0.467430973756 -1.32536274358 38.37 
	10652.0 0.271935952828 -1.3119228581 38.37 
	10742.0 0.136119 -0.584924 38.37 
	10731.0 1.25888 -0.961825 38.37 
	18039.0 0.10680105 -0.936267 38.37 
	10859.0 -0.641807953122 -0.608888929256 38.37 
	10861.0 -0.989708240037 -0.653068794106 38.37 
	10862.0 -1.1632908828 -0.677922201034 38.37 
	10863.0 -1.33661132426 -0.704547597327 38.37 
	10858.0 -1.50981 -0.731954 38.37 
	10924.0 -1.91785 -0.802616 38.37 
	10925.0 -1.64598520673 -0.754601636272 38.37 
	18038.0 0.092142075 -1.1119385 38.37 
	10926.0 -1.78208832187 -0.777677354712 38.37 
	10816.0 -0.165712104818 -0.5750013251 38.37 
	10815.0 -0.0146885569369 -0.576576574084 38.37 
	10814.0 -0.467312 -0.591589 38.37 
	18072.0 -0.482738 -0.776452666667 38.37 
	10651.0 1.23768 -1.21589 38.37 
	18040.0 0.121460025 -0.7605955 38.37 
	10817.0 -0.316645314585 -0.580840034524 38.37 
	18071.0 -0.498164 -0.961316333333 38.37 
	10546.0 -0.680098789493 -1.09253717503 38.37 
	10486.0 -2.02038 -0.828537 38.37 
	10610.0 -0.0721990930893 -1.26075952093 38.37 
	10545.0 -0.845800700767 -1.03644568593 38.37 
	10544.0 -1.01162751145 -0.980727211288 38.37 
	10543.0 -1.17870508514 -0.928902491133 38.37 
	10542.0 -1.34800093136 -0.884940730636 38.37 
	10541.0 -0.51359 -1.14618 38.37 
	10510.0 -1.65273437127 -0.836983326564 38.37 
	10509.0 -1.78631543312 -0.829999191359 38.37 
	10609.0 -0.220660635012 -1.22783497916 38.37 
	10508.0 -1.51986 -0.852433 38.37 
	10497.0 -1.9201 -0.829539 38.37 
	10607.0 0.0774831 -1.28761 38.37 
	10608.0 -0.367832223702 -1.18955246358 38.37 


Station 13
	11711.0 -0.51663 -0.865855 42.46 
	11623.0 1.25064 -1.30103 42.46 
	11634.0 1.1587 -1.16793 42.46 
	11812.0 -1.63864318664 -1.04946413733 42.46 
	11811.0 -1.50321174858 -1.02391466447 42.46 
	11810.0 -1.7739 -1.0759 42.46 
	11756.0 -0.687704832657 -0.886500418895 42.46 
	11755.0 -1.36774 -0.99858 42.46 
	11714.0 -0.366155894769 -0.85172350895 42.46 
	11759.0 -1.19819169531 -0.967799147514 42.46 
	11647.0 0.823494362844 -0.997587133021 42.46 
	11713.0 -0.215298669343 -0.842602456316 42.46 
	11712.0 -0.0641985944275 -0.839797314517 42.46 
	11650.0 0.274476629609 -0.864401113436 42.46 
	11645.0 0.0868357 -0.845089 42.46 
	11646.0 0.997228466253 -1.07093477321 42.46 
	11649.0 0.460427036998 -0.89607313053 42.46 
	11757.0 -0.858250656765 -0.911142151324 42.46 
	11758.0 -1.02840765524 -0.938351101001 42.46 
	11648.0 0.643835496493 -0.940145434671 42.46 
	18181.0 -0.536489333333 -1.176325 42.46 
	11561.0 0.783426849177 -1.46815655261 42.46 
	11562.0 0.966016902087 -1.44395834083 42.46 
	18149.0 0.06740495 -1.1488545 42.46 
	18150.0 0.077120325 -0.99697175 42.46 
	18182.0 -0.526559666667 -1.02109 42.46 
	11403.0 -1.87597 -1.10103 42.46 
	11414.0 -1.77528 -1.09755 42.46 
	11425.0 -1.37606 -1.12864 42.46 
	11426.0 -1.64168204307 -1.10024722958 42.46 
	11427.0 -1.5084729562 -1.11064066444 42.46 
	11458.0 -0.546419 -1.33156 42.46 
	11459.0 -1.20813357832 -1.16029836227 42.46 
	18148.0 0.057689575 -1.30073725 42.46 
	11461.0 -0.876428625479 -1.24257930169 42.46 
	11462.0 -0.711553539706 -1.28755237288 42.46 
	11513.0 0.0479742 -1.45262 42.46 
	11514.0 -0.399210920468 -1.36844052171 42.46 
	11515.0 -0.251168277929 -1.40179410111 42.46 
	11516.0 -0.102137512816 -1.43040856466 42.46 
	11560.0 0.599542032951 -1.47910973004 42.46 
	11558.0 0.231340548503 -1.47026246619 42.46 
	11559.0 0.415319741848 -1.47960888854 42.46 
	11460.0 -1.04175337577 -1.19929711805 42.46 
	11557.0 1.14401 -1.3975 42.46 


Station 14
	12327.0 -0.878920425023 -1.48379987754 46.56 
	12417.0 0.708648569921 -1.65297154278 46.56 
	12611.0 -1.17469 -1.2693 46.56 
	12369.0 0.0205766 -1.64348 46.56 
	12370.0 -0.427997792488 -1.57448146689 46.56 
	12371.0 -0.279104729543 -1.60155283304 46.56 
	12657.0 -1.47745982614 -1.33111499104 46.56 
	12416.0 0.536613635531 -1.65991860844 46.56 
	12415.0 0.364435472614 -1.66067877143 46.56 
	12326.0 -1.03032442961 -1.4540028604 46.56 
	12414.0 0.1923483485 -1.65515961192 46.56 
	12656.0 -1.32607491307 -1.30020749552 46.56 
	12612.0 -0.713139001902 -1.18436446658 46.56 
	12613.0 -0.867415823147 -1.21031251463 46.56 
	12614.0 -1.02123490781 -1.23885560733 46.56 
	12418.0 0.880128640651 -1.63767006901 46.56 
	12372.0 -0.129642421172 -1.62526734914 46.56 
	12325.0 -0.576515 -1.54541 46.56 
	12328.0 -0.727719838966 -1.51461549855 46.56 
	12413.0 1.04925 -1.60624 46.56 
	12655.0 -1.62882 -1.36214 46.56 
	18270.0 -0.567408 -1.353715 46.56 
	18248.0 0.0287295 -1.47187 46.56 
	12479.0 1.1535 -1.52303 46.56 
	18249.0 0.0368824 -1.30026 46.56 
	12270.0 -1.73025 -1.38603 46.56 
	12281.0 -1.62962 -1.37896 46.56 
	12292.0 -1.18215 -1.42644 46.56 
	12293.0 -1.4796640935 -1.3861267049 46.56 
	12294.0 -1.33049004027 -1.40314822252 46.56 
	12567.0 -0.558301 -1.16202 46.56 
	12568.0 -0.106173594318 -1.1266447115 46.56 
	12490.0 1.05888 -1.40369 46.56 
	12570.0 -0.408042121053 -1.14477146234 46.56 
	12505.0 0.395990397987 -1.17016656726 46.56 
	12504.0 0.568830132351 -1.20734247871 46.56 
	12569.0 -0.257298377188 -1.13251387486 46.56 
	12506.0 0.221168795492 -1.14383199149 46.56 
	12502.0 0.9038562795 -1.31918070331 46.56 
	12501.0 0.0450353 -1.12865 46.56 
	12503.0 0.738757927746 -1.25607884559 46.56 


Station 15
	18315.0 0.0262683 -1.74217333333 50.65 
	13211.0 0.395285037572 -1.91095841356 50.65 
	13209.0 0.952952 -1.85359 50.65 
	18316.0 0.0315635 -1.58421666667 50.65 
	13422.0 -1.32992909839 -1.62545647854 50.65 
	13421.0 -1.17715455619 -1.59159829657 50.65 
	13420.0 -1.48272 -1.65924 50.65 
	13210.0 0.208010165836 -1.90957273609 50.65 
	18337.0 -0.5719845 -1.639535 50.65 
	13100.0 -1.33133947635 -1.68280520495 50.65 
	13213.0 0.768999958189 -1.88781425172 50.65 
	13286.0 0.0368587 -1.42626 50.65 
	13287.0 0.787513761315 -1.5742209938 50.65 
	13288.0 0.605164997907 -1.51411091239 50.65 
	13289.0 0.418092382634 -1.4707157568 50.65 
	13290.0 0.22830167047 -1.44137347753 50.65 
	13132.0 -0.577607 -1.80725 50.65 
	13133.0 -0.878813966866 -1.74944042637 50.65 
	13134.0 -0.728164303038 -1.77810326527 50.65 
	13275.0 0.959471 -1.65913 50.65 
	13101.0 -1.18017069624 -1.69962373592 50.65 
	13264.0 1.05581 -1.7729 50.65 
	13099.0 -1.02981 -1.72267 50.65 
	13088.0 -1.4833 -1.67653 50.65 
	13343.0 -0.566362 -1.47182 50.65 
	13344.0 -0.114548744149 -1.42672189183 50.65 
	13345.0 -0.265715213927 -1.43558793306 50.65 
	13346.0 -0.416348308512 -1.45111967818 50.65 
	13168.0 -0.129599469159 -1.88352939656 50.65 
	13167.0 -0.279433654983 -1.86112397102 50.65 
	13389.0 -0.87218030183 -1.52657581286 50.65 
	13388.0 -0.719575924658 -1.49749118943 50.65 
	13387.0 -1.02429 -1.55815 50.65 
	13212.0 0.582449885825 -1.90422735568 50.65 
	13166.0 -0.428698786368 -1.83517844393 50.65 
	13077.0 -1.58371 -1.68441 50.65 
	13165.0 0.0209731 -1.90013 50.65 


Station 16
	13869.0 -0.57925 -2.06652 54.41 
	18399.0 -0.5762435 -1.921795 54.41 
	13845.0 -0.964883 -2.00025 54.41 
	13930.0 0.699034373652 -2.13474502696 54.41 
	13929.0 0.530094257789 -2.15138634823 54.41 
	13928.0 0.360514957837 -2.15944399037 54.41 
	13927.0 0.190751950653 -2.16023375038 54.41 
	13846.0 -1.1572765628 -1.9756890311 54.41 
	13870.0 -0.771829722128 -2.03199473522 54.41 
	13926.0 0.865653 -2.10289 54.41 
	13836.0 -1.35095 -1.96632 54.41 
	13893.0 -0.129858658797 -2.13877019651 54.41 
	14071.0 -0.76807490667 -1.81491623109 54.41 
	14070.0 -0.961919 -1.85758 54.41 
	13890.0 0.0211133 -2.1538 54.41 
	14095.0 -1.35058 -1.94853 54.41 
	14096.0 -1.15626132127 -1.90300412683 54.41 
	13891.0 -0.429842701379 -2.09302302016 54.41 
	14037.0 -0.423420112916 -1.75291521484 54.41 
	14036.0 -0.272839216908 -1.73412434025 54.41 
	13892.0 -0.280117098784 -2.11765717467 54.41 
	13827.0 -1.45157 -1.97489 54.41 
	18382.0 0.0271281 -1.86424 54.41 
	14035.0 -0.121559938803 -1.72229283702 54.41 
	13993.0 0.20369377752 -1.7308663875 54.41 
	14034.0 -0.573237 -1.77707 54.41 
	18381.0 0.0241207 -2.00902 54.41 
	13971.0 0.967711 -2.02515 54.41 
	13991.0 0.545952104715 -1.79178710057 54.41 
	13990.0 0.712015811002 -1.84340826221 54.41 
	13980.0 0.86952 -1.91672 54.41 
	13989.0 0.0301355 -1.71946 54.41 
	13992.0 0.375946895344 -1.75502539361 54.41 


Station 17
	14397.0 -1.22942 -2.21432 57.48 
	14562.0 -0.905866 -2.11683 57.48 
	14563.0 -0.744485553325 -2.0790439066 57.48 
	14434.0 -0.283147453325 -2.33941964398 57.48 
	14390.0 -1.33066 -2.22329 57.48 
	14576.0 -1.22922 -2.19594 57.48 
	18435.0 0.0228614 -2.174755 57.48 
	14537.0 -0.431788557929 -2.01706567202 57.48 
	14405.0 -1.06787047851 -2.22074985895 57.48 
	14535.0 -0.127940756602 -1.98055247615 57.48 
	14460.0 0.785156 -2.32213 57.48 
	14461.0 0.212770723729 -2.37837364374 57.48 
	14462.0 0.404804673655 -2.37253995133 57.48 
	14463.0 0.596219127763 -2.35616026807 57.48 
	14432.0 0.0207071 -2.37383 57.48 
	14577.0 -1.067543 -2.156385 57.48 
	14490.0 0.887108 -2.24729 57.48 
	14419.0 -0.745888173008 -2.26310620335 57.48 
	14497.0 0.787088 -2.14356 57.48 
	14418.0 -0.585017 -2.28999 57.48 
	14504.0 0.0250157 -1.97568 57.48 
	14505.0 0.605943323603 -2.06768378535 57.48 
	14506.0 0.415543574084 -2.01864904199 57.48 
	14507.0 0.221247365985 -1.98833612974 57.48 
	14433.0 -0.434214297551 -2.31551539859 57.48 
	14404.0 -0.907188 -2.23895 57.48 
	14534.0 -0.582361 -2.0446 57.48 
	14536.0 -0.280296651781 -1.99517333402 57.48 
	14435.0 -0.131574228384 -2.35983370937 57.48 
	18443.0 -0.583689 -2.167295 57.48 


Station 18
	18464.0 0.01817455 -2.404295 60.21 
	14886.0 0.170840690879 -2.25188429282 60.21 
	14885.0 0.32144556393 -2.27354594281 60.21 
	14846.0 0.216110266093 -2.56731740294 60.21 
	14912.0 -0.142143834552 -2.2510913278 60.21 
	14820.0 -0.142602217265 -2.55039448134 60.21 
	14845.0 0.610864 -2.52605 60.21 
	14913.0 -0.302185049898 -2.27120223398 60.21 
	14793.0 -0.96982 -2.4423 60.21 
	14819.0 -0.301776399132 -2.52803936308 60.21 
	14884.0 0.469432477832 -2.30883223713 60.21 
	14883.0 0.0189332 -2.24331 60.21 
	14800.0 -0.794476 -2.45347 60.21 
	14847.0 0.414478567335 -2.55562607709 60.21 
	14914.0 -0.460939879806 -2.2998143657 60.21 
	14911.0 -0.618519 -2.33436 60.21 
	14808.0 -0.619191 -2.47705 60.21 
	14786.0 -1.07603 -2.45023 60.21 
	14869.0 0.717352 -2.45868 60.21 
	14876.0 0.611634 -2.36261 60.21 
	14817.0 0.0174159 -2.56528 60.21 
	14818.0 -0.460474799332 -2.5024890113 60.21 
	14947.0 -0.969722 -2.42146 60.21 
	14939.0 -0.794118 -2.37732 60.21 


Station 19
	15148.0 0.50092 -2.62604 62.26 
	18479.0 0.0125728 -2.58968 62.26 
	15140.0 0.206342659384 -2.70070299971 62.26 
	15127.0 -0.356419832331 -2.6537556932 62.26 
	15182.0 -0.649529 -2.59697 62.26 
	15126.0 0.0124158 -2.70209 62.26 
	15122.0 -0.540621 -2.62747 62.26 
	15178.0 -0.595034 -2.58304 62.26 
	15167.0 -0.35828758908 -2.52549305147 62.26 
	15139.0 0.399033 -2.6793 62.26 
	15166.0 -0.17396203218 -2.49187614473 62.26 
	15114.0 -0.64956 -2.61905 62.26 
	15165.0 -0.54054 -2.56912 62.26 
	15157.0 0.209122406701 -2.4950284571 62.26 
	15110.0 -0.751379 -2.62429 62.26 
	15156.0 0.0127298 -2.47727 62.26 
	15152.0 0.399218 -2.54684 62.26 
	15118.0 -0.595089 -2.62206 62.26 
	15128.0 -0.172558015765 -2.68240602186 62.26 


Station 20
	15214.0 0.334225 -2.73146 62.94 
	15222.0 0.4342 -2.683 62.94 
	15226.0 0.334225 -2.60984 62.94 
	15215.0 0.172996004779 -2.74836289422 62.94 
	15230.0 0.010855 -2.55463 62.94 
	15240.0 -0.324471736731 -2.59993603484 62.94 
	15238.0 -0.489126 -2.64018 62.94 
	15239.0 -0.157941063207 -2.56852189529 62.94 
	15186.0 -0.6513 -2.683 62.94 
	15250.0 -0.520172 -2.64817 62.94 
	15254.0 -0.551325 -2.65619 62.94 
	15204.0 -0.156311540646 -2.7317075055 62.94 
	15203.0 -0.322495677156 -2.70592275013 62.94 
	15202.0 0.010855 -2.74954 62.94 
	15198.0 -0.489126 -2.68335 62.94 
	15194.0 -0.520172 -2.68063 62.94 
	15190.0 -0.551325 -2.67873 62.94 
	15231.0 0.174885279325 -2.56880607746 62.94 
	18484.0 0.0 -2.683 62.94 


