1.000000000000000000e+00 0.000000000000000000e+00 0.000000000000000000e+00 0.000000000000000000e+00 0.000000000000000000e+00
2.870000000000000000e+02 1.325900000000000028e-04 5.166800000000000472e-04 -6.180900000000000402e-05 5.369899999999999934e-04
1.010000000000000000e+03 3.087799999999999811e-04 3.374900000000000122e-03 -3.151300000000000000e-04 3.403600000000000115e-03
1.886000000000000000e+03 1.750499999999999994e-04 9.275600000000000164e-03 -7.603799999999999535e-04 9.308399999999999661e-03
3.042000000000000000e+03 5.052000000000000067e-03 4.805999999999999855e-02 -5.833799999999999880e-04 4.832800000000000290e-02
4.109000000000000000e+03 1.327000000000000055e-02 9.775999999999999968e-02 7.541899999999999602e-04 9.865999999999999770e-02
5.423000000000000000e+03 2.419100000000000070e-02 1.701799999999999979e-01 3.652600000000000204e-03 1.719299999999999995e-01
6.667000000000000000e+03 3.905000000000000138e-02 2.668800000000000061e-01 7.991399999999999199e-03 2.698400000000000243e-01
7.843000000000000000e+03 5.864300000000000068e-02 3.894599999999999729e-01 1.457100000000000062e-02 3.941200000000000259e-01
8.940000000000000000e+03 8.534700000000000619e-02 5.614599999999999591e-01 2.459799999999999834e-02 5.684399999999999453e-01
9.994000000000000000e+03 1.177499999999999936e-01 7.741200000000000303e-01 3.769700000000000134e-02 7.839300000000000157e-01
1.095700000000000000e+04 1.558299999999999963e-01 1.046499999999999986e+00 5.561300000000000271e-02 1.059500000000000108e+00
1.184300000000000000e+04 1.986600000000000033e-01 1.371499999999999941e+00 7.781599999999999628e-02 1.387999999999999901e+00
1.268800000000000000e+04 2.452799999999999980e-01 1.756999999999999895e+00 1.049999999999999961e-01 1.777099999999999902e+00
1.345300000000000000e+04 2.942299999999999915e-01 2.192699999999999871e+00 1.371600000000000041e-01 2.216600000000000126e+00
1.412000000000000000e+04 3.360299999999999954e-01 2.587200000000000166e+00 1.676199999999999912e-01 2.614300000000000068e+00
1.459000000000000000e+04 3.694999999999999951e-01 2.914000000000000146e+00 1.932099999999999929e-01 2.943700000000000205e+00
1.495500000000000000e+04 4.031299999999999883e-01 3.233699999999999797e+00 2.151500000000000079e-01 3.265800000000000036e+00
1.518600000000000000e+04 4.203000000000000069e-01 3.393299999999999983e+00 2.263600000000000056e-01 3.426699999999999857e+00
1.370000000000000000e+02 0.000000000000000000e+00 0.000000000000000000e+00 0.000000000000000000e+00 0.000000000000000000e+00
3.970000000000000000e+02 2.053699999999999937e-04 9.833299999999999246e-04 9.188099999999999664e-05 1.008699999999999961e-03
1.218000000000000000e+03 1.447300000000000106e-03 5.234700000000000117e-03 3.843000000000000170e-04 5.444700000000000234e-03
2.088000000000000000e+03 3.046000000000000096e-03 1.432199999999999966e-02 9.393000000000000091e-04 1.467199999999999928e-02
3.242000000000000000e+03 5.952500000000000326e-03 3.919999999999999873e-02 2.397799999999999845e-03 3.972200000000000036e-02
4.428000000000000000e+03 9.421799999999999273e-03 7.792699999999999627e-02 3.424200000000000074e-03 7.856899999999999995e-02
5.729000000000000000e+03 1.768899999999999986e-02 1.430200000000000082e-01 4.357699999999999942e-03 1.441800000000000026e-01
6.960000000000000000e+03 3.382700000000000290e-02 2.288900000000000101e-01 5.968900000000000074e-03 2.314499999999999891e-01
8.118000000000000000e+03 5.309099999999999930e-02 3.442299999999999804e-01 8.807300000000000545e-03 3.484099999999999975e-01
9.204000000000000000e+03 8.051099999999999923e-02 5.078500000000000236e-01 1.427199999999999996e-02 5.143900000000000139e-01
1.023900000000000000e+04 1.117800000000000044e-01 7.162500000000000533e-01 2.303300000000000139e-02 7.252899999999999903e-01
1.118100000000000000e+04 1.514300000000000090e-01 9.814899999999999736e-01 3.615199999999999664e-02 9.937599999999999767e-01
1.205600000000000000e+04 1.947399999999999964e-01 1.301199999999999912e+00 5.410500000000000032e-02 1.316799999999999971e+00
1.287800000000000000e+04 2.424399999999999888e-01 1.683200000000000029e+00 7.834299999999999597e-02 1.702399999999999913e+00
1.364000000000000000e+04 2.924499999999999877e-01 2.117900000000000116e+00 1.081499999999999961e-01 2.140800000000000036e+00
1.425500000000000000e+04 3.352899999999999769e-01 2.513799999999999812e+00 1.372299999999999909e-01 2.539800000000000058e+00
1.468800000000000000e+04 3.695999999999999841e-01 2.846299999999999830e+00 1.634200000000000097e-01 2.874800000000000022e+00
1.503200000000000000e+04 4.034200000000000008e-01 3.186100000000000154e+00 1.940099999999999880e-01 3.217400000000000038e+00
1.522200000000000000e+04 4.203000000000000069e-01 3.355599999999999916e+00 2.097700000000000120e-01 3.388300000000000090e+00
