1.000000000000000000e+00 0.000000000000000000e+00 0.000000000000000000e+00 0.000000000000000000e+00 0.000000000000000000e+00
2.870000000000000000e+02 -2.639200000000000075e-04 6.022999999999999491e-04 7.901999999999999899e-05 6.623199999999999877e-04
1.010000000000000000e+03 2.641100000000000175e-04 3.313200000000000086e-03 6.536800000000000162e-04 3.387300000000000207e-03
1.886000000000000000e+03 4.079600000000000067e-03 7.928199999999999831e-03 1.841799999999999991e-03 9.104499999999999746e-03
3.042000000000000000e+03 1.417200000000000057e-02 4.299000000000000044e-02 4.831600000000000131e-03 4.552300000000000096e-02
4.109000000000000000e+03 3.186800000000000049e-02 8.638300000000000145e-02 8.255500000000000685e-03 9.244299999999999740e-02
5.423000000000000000e+03 5.451700000000000296e-02 1.518400000000000027e-01 1.227100000000000066e-02 1.617899999999999894e-01
6.667000000000000000e+03 8.310099999999999432e-02 2.392400000000000082e-01 1.720100000000000101e-02 2.538500000000000201e-01
7.843000000000000000e+03 1.179499999999999993e-01 3.499599999999999933e-01 2.374499999999999875e-02 3.700600000000000001e-01
8.940000000000000000e+03 1.611799999999999899e-01 5.055199999999999694e-01 3.311599999999999960e-02 5.316199999999999815e-01
9.994000000000000000e+03 2.111399999999999944e-01 6.978900000000000103e-01 4.501600000000000046e-02 7.305199999999999472e-01
1.095700000000000000e+04 2.675000000000000155e-01 9.440499999999999448e-01 6.099899999999999767e-02 9.831100000000000394e-01
1.184300000000000000e+04 3.292100000000000026e-01 1.237600000000000033e+00 8.061100000000000210e-02 1.283099999999999907e+00
1.268800000000000000e+04 3.950400000000000023e-01 1.585599999999999898e+00 1.045299999999999979e-01 1.637499999999999956e+00
1.345300000000000000e+04 4.633399999999999741e-01 1.978900000000000103e+00 1.328000000000000014e-01 2.036799999999999944e+00
1.412000000000000000e+04 5.213799999999999546e-01 2.335199999999999942e+00 1.596200000000000119e-01 2.398000000000000131e+00
1.459000000000000000e+04 5.678499999999999659e-01 2.630500000000000060e+00 1.819399999999999906e-01 2.697200000000000042e+00
1.495500000000000000e+04 6.143899999999999917e-01 2.920500000000000096e+00 1.994700000000000084e-01 2.991000000000000103e+00
1.518600000000000000e+04 6.380500000000000060e-01 3.065300000000000136e+00 2.084799999999999986e-01 3.137900000000000134e+00
1.370000000000000000e+02 0.000000000000000000e+00 0.000000000000000000e+00 0.000000000000000000e+00 0.000000000000000000e+00
3.970000000000000000e+02 2.193899999999999984e-04 9.306699999999999782e-04 -6.177300000000000640e-05 9.581700000000000503e-04
1.218000000000000000e+03 8.986800000000000083e-04 5.054499999999999965e-03 -2.319900000000000065e-04 5.139000000000000339e-03
2.088000000000000000e+03 3.374900000000000122e-03 1.340599999999999951e-02 -4.751199999999999911e-04 1.383200000000000054e-02
3.242000000000000000e+03 1.099999999999999936e-02 3.583200000000000274e-02 -9.336200000000000228e-04 3.749500000000000055e-02
4.428000000000000000e+03 2.796699999999999880e-02 7.008200000000000540e-02 -1.682799999999999921e-03 7.547399999999999942e-02
5.729000000000000000e+03 4.812199999999999811e-02 1.290100000000000136e-01 -1.701199999999999934e-03 1.376999999999999891e-01
6.960000000000000000e+03 7.838000000000000522e-02 2.066500000000000004e-01 -8.630000000000000518e-04 2.210199999999999942e-01
8.118000000000000000e+03 1.131500000000000006e-01 3.113900000000000001e-01 1.322000000000000041e-03 3.313099999999999934e-01
9.204000000000000000e+03 1.569699999999999984e-01 4.600699999999999790e-01 6.082899999999999592e-03 4.861400000000000166e-01
1.023900000000000000e+04 2.060800000000000132e-01 6.494400000000000173e-01 1.396999999999999978e-02 6.814900000000000402e-01
1.118100000000000000e+04 2.637999999999999790e-01 8.899200000000000443e-01 2.596400000000000097e-02 9.285600000000000520e-01
1.205600000000000000e+04 3.259500000000000175e-01 1.179400000000000004e+00 4.247200000000000281e-02 1.224399999999999933e+00
1.287800000000000000e+04 3.926999999999999935e-01 1.524899999999999922e+00 6.478399999999999437e-02 1.576000000000000068e+00
1.364000000000000000e+04 4.618800000000000128e-01 1.917599999999999971e+00 9.220799999999999830e-02 1.974599999999999911e+00
1.425500000000000000e+04 5.207899999999999752e-01 2.275100000000000122e+00 1.189400000000000041e-01 2.336899999999999977e+00
1.468800000000000000e+04 5.679499999999999549e-01 2.575200000000000156e+00 1.431199999999999972e-01 2.640899999999999803e+00
1.503200000000000000e+04 6.146500000000000297e-01 2.881400000000000183e+00 1.722799999999999887e-01 2.951299999999999812e+00
1.522200000000000000e+04 6.380500000000000060e-01 3.034299999999999997e+00 1.872900000000000120e-01 3.106300000000000061e+00
