1.000000000000000000e+00 0.000000000000000000e+00 0.000000000000000000e+00 0.000000000000000000e+00 0.000000000000000000e+00
2.870000000000000000e+02 4.415299999999999824e-04 4.101199999999999833e-04 -1.985099999999999951e-04 6.344700000000000426e-04
1.010000000000000000e+03 4.652399999999999705e-05 3.241299999999999910e-03 -1.240000000000000000e-03 3.470700000000000174e-03
1.886000000000000000e+03 -4.086700000000000402e-03 9.930500000000000091e-03 -3.254700000000000128e-03 1.122100000000000007e-02
3.042000000000000000e+03 -5.350999999999999854e-03 4.880400000000000016e-02 -5.960100000000000293e-03 4.945700000000000096e-02
4.109000000000000000e+03 -8.122700000000000059e-03 1.006900000000000017e-01 -6.878999999999999698e-03 1.012500000000000067e-01
5.423000000000000000e+03 -1.090999999999999956e-02 1.742200000000000137e-01 -5.382800000000000085e-03 1.746399999999999897e-01
6.667000000000000000e+03 -1.235999999999999946e-02 2.723700000000000010e-01 -2.046399999999999868e-03 2.726600000000000135e-01
7.843000000000000000e+03 -1.125199999999999985e-02 3.969400000000000150e-01 3.966400000000000134e-03 3.971199999999999730e-01
8.940000000000000000e+03 -5.206599999999999596e-03 5.722399999999999709e-01 1.379000000000000017e-02 5.724299999999999944e-01
9.994000000000000000e+03 4.697200000000000333e-03 7.894700000000000051e-01 2.703399999999999900e-02 7.899500000000000410e-01
1.095700000000000000e+04 1.871499999999999900e-02 1.068999999999999950e+00 4.556000000000000327e-02 1.070200000000000040e+00
1.184300000000000000e+04 3.611299999999999927e-02 1.403699999999999948e+00 6.883200000000000429e-02 1.405899999999999928e+00
1.268800000000000000e+04 5.629499999999999782e-02 1.802300000000000013e+00 9.756900000000000295e-02 1.805800000000000072e+00
1.345300000000000000e+04 7.818100000000000049e-02 2.254100000000000215e+00 1.317800000000000082e-01 2.259300000000000086e+00
1.412000000000000000e+04 9.706800000000000150e-02 2.664299999999999891e+00 1.642699999999999994e-01 2.671199999999999797e+00
1.459000000000000000e+04 1.121499999999999997e-01 3.004700000000000149e+00 1.918900000000000050e-01 3.012900000000000134e+00
1.495500000000000000e+04 1.274500000000000077e-01 3.338000000000000078e+00 2.176599999999999924e-01 3.347500000000000142e+00
1.518600000000000000e+04 1.354100000000000026e-01 3.504300000000000193e+00 2.308099999999999874e-01 3.514499999999999957e+00
1.370000000000000000e+02 0.000000000000000000e+00 0.000000000000000000e+00 0.000000000000000000e+00 0.000000000000000000e+00
3.970000000000000000e+02 2.249999999999999938e-04 9.381399999999999592e-04 2.627500000000000170e-04 9.998800000000000830e-04
1.218000000000000000e+03 2.281500000000000108e-03 4.864199999999999947e-03 1.086500000000000009e-03 5.481399999999999988e-03
2.088000000000000000e+03 3.145300000000000179e-03 1.383099999999999954e-02 2.559899999999999936e-03 1.441300000000000046e-02
3.242000000000000000e+03 8.142099999999999988e-04 3.910199999999999787e-02 6.220800000000000288e-03 3.960199999999999831e-02
4.428000000000000000e+03 -1.144900000000000084e-02 7.964799999999999658e-02 9.250799999999999995e-03 8.099599999999999855e-02
5.729000000000000000e+03 -1.673499999999999988e-02 1.458699999999999997e-01 1.128200000000000036e-02 1.472600000000000020e-01
6.960000000000000000e+03 -1.748900000000000107e-02 2.335599999999999898e-01 1.375799999999999940e-02 2.346199999999999952e-01
8.118000000000000000e+03 -1.694999999999999979e-02 3.510800000000000032e-01 1.724399999999999891e-02 3.519100000000000006e-01
9.204000000000000000e+03 -1.003599999999999978e-02 5.177100000000000035e-01 2.323199999999999918e-02 5.183299999999999574e-01
1.023900000000000000e+04 -1.457699999999999925e-03 7.304899999999999727e-01 3.246000000000000274e-02 7.312100000000000266e-01
1.118100000000000000e+04 1.422700000000000006e-02 1.002399999999999958e+00 4.600900000000000128e-02 1.003600000000000048e+00
1.205600000000000000e+04 3.204900000000000110e-02 1.331499999999999906e+00 6.439400000000000679e-02 1.333399999999999919e+00
1.287800000000000000e+04 5.333299999999999846e-02 1.726099999999999968e+00 8.915599999999999914e-02 1.729200000000000070e+00
1.364000000000000000e+04 7.632600000000000495e-02 2.176600000000000090e+00 1.195900000000000019e-01 2.181200000000000028e+00
1.425500000000000000e+04 9.628899999999999959e-02 2.587899999999999867e+00 1.493200000000000083e-01 2.593999999999999861e+00
1.468800000000000000e+04 1.122699999999999948e-01 2.934000000000000163e+00 1.759499999999999953e-01 2.941399999999999793e+00
1.503200000000000000e+04 1.277800000000000047e-01 3.288100000000000023e+00 2.059199999999999919e-01 3.297000000000000153e+00
1.522200000000000000e+04 1.354100000000000026e-01 3.464900000000000091e+00 2.213700000000000112e-01 3.474600000000000133e+00
