1.000000000000000000e+00 0.000000000000000000e+00 0.000000000000000000e+00 0.000000000000000000e+00 0.000000000000000000e+00
2.870000000000000000e+02 -2.729799999999999783e-04 5.940700000000000364e-04 8.167200000000000002e-05 6.588699999999999852e-04
1.010000000000000000e+03 2.524900000000000169e-04 3.250900000000000144e-03 6.719500000000000429e-04 3.329200000000000041e-03
1.886000000000000000e+03 4.118100000000000406e-03 7.741800000000000070e-03 1.891799999999999905e-03 8.970699999999999855e-03
3.042000000000000000e+03 1.418400000000000043e-02 4.206499999999999823e-02 4.925900000000000417e-03 4.466500000000000331e-02
4.109000000000000000e+03 3.186400000000000343e-02 8.444400000000000517e-02 8.365600000000000813e-03 9.064300000000000135e-02
5.423000000000000000e+03 5.448599999999999971e-02 1.484199999999999964e-01 1.235499999999999966e-02 1.585799999999999987e-01
6.667000000000000000e+03 8.301100000000000145e-02 2.338099999999999901e-01 1.722500000000000073e-02 2.487099999999999866e-01
7.843000000000000000e+03 1.177499999999999936e-01 3.419200000000000017e-01 2.365300000000000041e-02 3.623999999999999999e-01
8.940000000000000000e+03 1.607599999999999862e-01 4.937099999999999822e-01 3.282500000000000001e-02 5.202599999999999447e-01
9.994000000000000000e+03 2.104300000000000059e-01 6.813000000000000167e-01 4.444599999999999940e-02 7.144399999999999640e-01
1.095700000000000000e+04 2.664099999999999802e-01 9.211300000000000043e-01 6.002199999999999896e-02 9.607599999999999474e-01
1.184300000000000000e+04 3.276999999999999913e-01 1.206900000000000084e+00 7.910599999999999576e-02 1.253100000000000103e+00
1.268800000000000000e+04 3.930400000000000005e-01 1.545600000000000085e+00 1.023499999999999965e-01 1.598100000000000076e+00
1.345300000000000000e+04 4.608300000000000174e-01 1.927999999999999936e+00 1.298100000000000087e-01 1.986499999999999932e+00
1.412000000000000000e+04 5.184600000000000319e-01 2.274199999999999999e+00 1.558299999999999963e-01 2.337800000000000100e+00
1.459000000000000000e+04 5.645999999999999908e-01 2.561199999999999921e+00 1.774699999999999889e-01 2.628699999999999815e+00
1.495500000000000000e+04 6.108000000000000096e-01 2.843100000000000183e+00 1.943900000000000072e-01 2.914499999999999869e+00
1.518600000000000000e+04 6.342900000000000205e-01 2.983999999999999986e+00 2.030700000000000005e-01 3.057399999999999896e+00
1.370000000000000000e+02 0.000000000000000000e+00 0.000000000000000000e+00 0.000000000000000000e+00 0.000000000000000000e+00
3.970000000000000000e+02 2.171300000000000031e-04 9.114299999999999659e-04 -6.546399999999999528e-05 9.392200000000000505e-04
1.218000000000000000e+03 8.742999999999999470e-04 4.952500000000000305e-03 -2.463599999999999926e-04 5.035099999999999819e-03
2.088000000000000000e+03 3.340099999999999927e-03 1.312499999999999951e-02 -5.086300000000000413e-04 1.355300000000000081e-02
3.242000000000000000e+03 1.097399999999999938e-02 3.506700000000000095e-02 -1.017700000000000072e-03 3.675799999999999901e-02
4.428000000000000000e+03 2.804200000000000095e-02 6.856299999999999895e-02 -1.813299999999999895e-03 7.409799999999999720e-02
5.729000000000000000e+03 4.822099999999999997e-02 1.261799999999999866e-01 -1.867699999999999916e-03 1.350999999999999979e-01
6.960000000000000000e+03 7.839899999999999647e-02 2.020299999999999874e-01 -1.077999999999999965e-03 2.167100000000000137e-01
8.118000000000000000e+03 1.130800000000000000e-01 3.043600000000000194e-01 1.033000000000000064e-03 3.246899999999999786e-01
9.204000000000000000e+03 1.566700000000000037e-01 4.495299999999999851e-01 5.665800000000000350e-03 4.760900000000000132e-01
1.023900000000000000e+04 2.055200000000000082e-01 6.343100000000000405e-01 1.334699999999999949e-02 6.669100000000000028e-01
1.118100000000000000e+04 2.628400000000000181e-01 8.687899999999999512e-01 2.503400000000000070e-02 9.080200000000000493e-01
1.205600000000000000e+04 3.245500000000000052e-01 1.150900000000000034e+00 4.111700000000000077e-02 1.196399999999999908e+00
1.287800000000000000e+04 3.907900000000000262e-01 1.487200000000000077e+00 6.284599999999999909e-02 1.538999999999999924e+00
1.364000000000000000e+04 4.594400000000000150e-01 1.869199999999999973e+00 8.954099999999999560e-02 1.927000000000000046e+00
1.425500000000000000e+04 5.179000000000000270e-01 2.216699999999999893e+00 1.155499999999999999e-01 2.279300000000000104e+00
1.468800000000000000e+04 5.646999999999999797e-01 2.508399999999999963e+00 1.390800000000000092e-01 2.574899999999999967e+00
1.503200000000000000e+04 6.110600000000000476e-01 2.805899999999999839e+00 1.675099999999999922e-01 2.876500000000000057e+00
1.522200000000000000e+04 6.342900000000000205e-01 2.954400000000000137e+00 1.821299999999999863e-01 3.027200000000000113e+00
