0.000000000000000000e+00 0.000000000000000000e+00 0.000000000000000000e+00 0.000000000000000000e+00 0.000000000000000000e+00 0.000000000000000000e+00 0.000000000000000000e+00 0.000000000000000000e+00 0.000000000000000000e+00 0.000000000000000000e+00
4.415299999999999824e-04 1.325900000000000028e-04 -2.624099999999999762e-04 4.161699999999999948e-04 1.385500000000000067e-04 -2.639200000000000075e-04 4.163200000000000255e-04 1.385299999999999900e-04 -2.639100000000000126e-04 4.163300000000000204e-04
4.652399999999999705e-05 3.087799999999999811e-04 2.660399999999999939e-04 -2.022599999999999913e-05 3.202300000000000155e-04 2.641200000000000123e-04 -1.980699999999999857e-05 3.201999999999999768e-04 2.641300000000000071e-04 -1.976399999999999915e-05
-4.086700000000000402e-03 1.750499999999999994e-04 4.073099999999999637e-03 -4.117199999999999679e-03 1.652900000000000116e-04 4.079499999999999793e-03 -4.116899999999999726e-03 1.653199999999999960e-04 4.079499999999999793e-03 -4.116899999999999726e-03
-5.350999999999999854e-03 5.052000000000000067e-03 1.417000000000000030e-02 -5.831700000000000425e-03 5.100600000000000273e-03 1.417200000000000057e-02 -5.828599999999999753e-03 5.100399999999999726e-03 1.417200000000000057e-02 -5.828500000000000347e-03
-8.122700000000000059e-03 1.327000000000000055e-02 3.186800000000000049e-02 -9.380100000000000590e-03 1.341099999999999931e-02 3.186800000000000049e-02 -9.372099999999999528e-03 1.341099999999999931e-02 3.186800000000000049e-02 -9.371700000000000169e-03
-1.090999999999999956e-02 2.419100000000000070e-02 5.452100000000000002e-02 -1.324600000000000083e-02 2.446600000000000164e-02 5.451700000000000296e-02 -1.323099999999999971e-02 2.446500000000000064e-02 5.451700000000000296e-02 -1.323000000000000044e-02
-1.235999999999999946e-02 3.905000000000000138e-02 8.311399999999999344e-02 -1.618400000000000047e-02 3.951699999999999657e-02 8.310099999999999432e-02 -1.616000000000000075e-02 3.951500000000000151e-02 8.310099999999999432e-02 -1.615799999999999875e-02
-1.125199999999999985e-02 5.864300000000000068e-02 1.179800000000000015e-01 -1.709000000000000102e-02 5.938500000000000029e-02 1.179499999999999993e-01 -1.705299999999999871e-02 5.938199999999999729e-02 1.179499999999999993e-01 -1.704999999999999918e-02
-5.206599999999999596e-03 8.534700000000000619e-02 1.612500000000000044e-01 -1.386399999999999959e-02 8.649700000000000444e-02 1.611799999999999899e-01 -1.380900000000000009e-02 8.649300000000000044e-02 1.611799999999999899e-01 -1.380400000000000030e-02
4.697200000000000333e-03 1.177499999999999936e-01 2.112600000000000033e-01 -7.447299999999999580e-03 1.194199999999999984e-01 2.111399999999999944e-01 -7.369800000000000136e-03 1.194100000000000023e-01 2.111399999999999944e-01 -7.362800000000000074e-03
1.871499999999999900e-02 1.558299999999999963e-01 2.676700000000000190e-01 2.389000000000000064e-03 1.581200000000000105e-01 2.675000000000000155e-01 2.493399999999999783e-03 1.581200000000000105e-01 2.675000000000000155e-01 2.503399999999999809e-03
3.611299999999999927e-02 1.986600000000000033e-01 3.294599999999999751e-01 1.500100000000000044e-02 2.016900000000000082e-01 3.292200000000000126e-01 1.513600000000000015e-02 2.016799999999999982e-01 3.292200000000000126e-01 1.515000000000000027e-02
5.629499999999999782e-02 2.452799999999999980e-01 3.953699999999999992e-01 2.988400000000000084e-02 2.491299999999999903e-01 3.950500000000000123e-01 3.005400000000000085e-02 2.491099999999999981e-01 3.950500000000000123e-01 3.007100000000000051e-02
7.818100000000000049e-02 2.942299999999999915e-01 4.637399999999999856e-01 4.614100000000000146e-02 2.989399999999999835e-01 4.633399999999999741e-01 4.634599999999999831e-02 2.989200000000000190e-01 4.633399999999999741e-01 4.636900000000000049e-02
9.706800000000000150e-02 3.360299999999999954e-01 5.218599999999999905e-01 6.019100000000000145e-02 3.414800000000000058e-01 5.213900000000000201e-01 6.042800000000000255e-02 3.414699999999999958e-01 5.213900000000000201e-01 6.045500000000000179e-02
1.121499999999999997e-01 3.694999999999999951e-01 5.683799999999999963e-01 7.139500000000000013e-02 3.755399999999999849e-01 5.678499999999999659e-01 7.165699999999999847e-02 3.755200000000000204e-01 5.678499999999999659e-01 7.168700000000000072e-02
1.274500000000000077e-01 4.031299999999999883e-01 6.149700000000000166e-01 8.278399999999999648e-02 4.097700000000000231e-01 6.143899999999999917e-01 8.307100000000000595e-02 4.097500000000000031e-01 6.143899999999999917e-01 8.310499999999999832e-02
1.354100000000000026e-01 4.203000000000000069e-01 6.386600000000000055e-01 8.873499999999999444e-02 4.272500000000000187e-01 6.380500000000000060e-01 8.903500000000000303e-02 4.272299999999999986e-01 6.380500000000000060e-01 8.907099999999999740e-02
0.000000000000000000e+00 0.000000000000000000e+00 0.000000000000000000e+00 0.000000000000000000e+00 0.000000000000000000e+00 0.000000000000000000e+00 0.000000000000000000e+00 0.000000000000000000e+00 0.000000000000000000e+00 0.000000000000000000e+00
2.249999999999999938e-04 2.053699999999999937e-04 2.197699999999999914e-04 2.128700000000000134e-04 2.076099999999999994e-04 2.193999999999999932e-04 2.129400000000000043e-04 2.076000000000000046e-04 2.193999999999999932e-04 2.129499999999999991e-04
2.281500000000000108e-03 1.447300000000000106e-03 9.027199999999999764e-04 2.186599999999999915e-03 1.467100000000000045e-03 8.986899999999999489e-04 2.187199999999999821e-03 1.466999999999999988e-03 8.987199999999999876e-04 2.187199999999999821e-03
3.145300000000000179e-03 3.046000000000000096e-03 3.380600000000000098e-03 2.937599999999999847e-03 3.082699999999999850e-03 3.374900000000000122e-03 2.938899999999999933e-03 3.082600000000000010e-03 3.374999999999999962e-03 2.939000000000000206e-03
8.142099999999999988e-04 5.952500000000000326e-03 1.100499999999999916e-02 3.493200000000000233e-04 6.015699999999999693e-03 1.099999999999999936e-02 3.522700000000000137e-04 6.015500000000000014e-03 1.099999999999999936e-02 3.525000000000000030e-04
-1.144900000000000084e-02 9.421799999999999273e-03 2.795399999999999968e-02 -1.232399999999999989e-02 9.495599999999999874e-03 2.796699999999999880e-02 -1.231800000000000082e-02 9.495299999999999921e-03 2.796600000000000127e-02 -1.231800000000000082e-02
-1.673499999999999988e-02 1.768899999999999986e-02 4.810400000000000093e-02 -1.839599999999999916e-02 1.784600000000000075e-02 4.812199999999999811e-02 -1.838499999999999857e-02 1.784499999999999975e-02 4.812199999999999811e-02 -1.838400000000000103e-02
-1.748900000000000107e-02 3.382700000000000290e-02 7.837500000000000022e-02 -2.078899999999999845e-02 3.420200000000000323e-02 7.838000000000000522e-02 -2.076700000000000074e-02 3.420000000000000123e-02 7.838000000000000522e-02 -2.076599999999999974e-02
-1.694999999999999979e-02 5.309099999999999930e-02 1.131599999999999967e-01 -2.217099999999999974e-02 5.372099999999999792e-02 1.131500000000000006e-01 -2.213800000000000143e-02 5.371800000000000186e-02 1.131500000000000006e-01 -2.213499999999999843e-02
-1.003599999999999978e-02 8.051099999999999923e-02 1.570100000000000107e-01 -1.807699999999999932e-02 8.154899999999999649e-02 1.569699999999999984e-01 -1.802600000000000036e-02 8.154500000000000637e-02 1.569699999999999984e-01 -1.802099999999999883e-02
-1.457699999999999925e-03 1.117800000000000044e-01 2.061699999999999922e-01 -1.287699999999999956e-02 1.133200000000000041e-01 2.060800000000000132e-01 -1.280399999999999941e-02 1.133099999999999941e-01 2.060800000000000132e-01 -1.279699999999999935e-02
1.422700000000000006e-02 1.514300000000000090e-01 2.639599999999999724e-01 -1.509399999999999934e-03 1.536200000000000065e-01 2.637999999999999790e-01 -1.408600000000000086e-03 1.536099999999999965e-01 2.637999999999999790e-01 -1.398799999999999957e-03
3.204900000000000110e-02 1.947399999999999964e-01 3.261800000000000255e-01 1.147899999999999962e-02 1.976700000000000124e-01 3.259500000000000175e-01 1.161099999999999979e-02 1.976600000000000024e-01 3.259500000000000175e-01 1.162499999999999992e-02
5.333299999999999846e-02 2.424399999999999888e-01 3.930100000000000260e-01 2.735500000000000084e-02 2.462000000000000022e-01 3.926999999999999935e-01 2.752100000000000032e-02 2.461800000000000099e-01 3.926999999999999935e-01 2.753900000000000098e-02
7.632600000000000495e-02 2.924499999999999877e-01 4.622800000000000242e-01 4.457099999999999951e-02 2.971099999999999852e-01 4.618800000000000128e-01 4.477500000000000230e-02 2.970900000000000207e-01 4.618900000000000228e-01 4.479799999999999754e-02
9.628899999999999959e-02 3.352899999999999769e-01 5.212599999999999456e-01 5.954199999999999771e-02 3.407100000000000128e-01 5.207899999999999752e-01 5.977799999999999780e-02 3.407000000000000028e-01 5.208000000000000407e-01 5.980499999999999705e-02
1.122699999999999948e-01 3.695999999999999841e-01 5.684799999999999853e-01 7.151499999999999524e-02 3.756399999999999739e-01 5.679499999999999549e-01 7.177699999999999358e-02 3.756300000000000194e-01 5.679499999999999549e-01 7.180699999999999583e-02
1.277800000000000047e-01 4.034200000000000008e-01 6.152400000000000091e-01 8.307399999999999507e-02 4.100699999999999901e-01 6.146599999999999842e-01 8.336100000000000454e-02 4.100500000000000256e-01 6.146599999999999842e-01 8.339499999999999691e-02
1.354100000000000026e-01 4.203000000000000069e-01 6.386600000000000055e-01 8.873499999999999444e-02 4.272500000000000187e-01 6.380500000000000060e-01 8.903500000000000303e-02 4.272299999999999986e-01 6.380500000000000060e-01 8.907099999999999740e-02
