1.000000000000000000e+00 0.000000000000000000e+00 0.000000000000000000e+00 0.000000000000000000e+00 0.000000000000000000e+00
2.870000000000000000e+02 4.163300000000000204e-04 3.626400000000000109e-04 -1.931000000000000045e-04 5.849199999999999495e-04
1.010000000000000000e+03 -1.977199999999999975e-05 2.922699999999999864e-03 -1.203899999999999935e-03 3.161000000000000181e-03
1.886000000000000000e+03 -4.116899999999999726e-03 9.042200000000000237e-03 -3.156899999999999810e-03 1.042500000000000024e-02
3.042000000000000000e+03 -5.828500000000000347e-03 4.431700000000000222e-02 -5.843199999999999783e-03 4.507900000000000101e-02
4.109000000000000000e+03 -9.371799999999999575e-03 9.135500000000000564e-02 -6.863900000000000036e-03 9.209100000000000619e-02
5.423000000000000000e+03 -1.323000000000000044e-02 1.576400000000000023e-01 -5.633799999999999572e-03 1.582899999999999863e-01
6.667000000000000000e+03 -1.615799999999999875e-02 2.459699999999999942e-01 -2.716300000000000051e-03 2.465100000000000069e-01
7.843000000000000000e+03 -1.704999999999999918e-02 3.578299999999999814e-01 2.625499999999999796e-03 3.582500000000000129e-01
8.940000000000000000e+03 -1.380499999999999956e-02 5.147899999999999698e-01 1.138499999999999929e-02 5.151000000000000023e-01
9.994000000000000000e+03 -7.364100000000000160e-03 7.089199999999999946e-01 2.320300000000000140e-02 7.093399999999999705e-01
1.095700000000000000e+04 2.501499999999999817e-03 9.581899999999999862e-01 3.972400000000000236e-02 9.590100000000000291e-01
1.184300000000000000e+04 1.514700000000000074e-02 1.256000000000000005e+00 6.045999999999999985e-02 1.257600000000000051e+00
1.268800000000000000e+04 3.006800000000000098e-02 1.610100000000000087e+00 8.603299999999999836e-02 1.612700000000000022e+00
1.345300000000000000e+04 4.636500000000000343e-02 2.010899999999999910e+00 1.164499999999999980e-01 2.014800000000000146e+00
1.412000000000000000e+04 6.044999999999999679e-02 2.374299999999999855e+00 1.453200000000000047e-01 2.379500000000000171e+00
1.459000000000000000e+04 7.168199999999999572e-02 2.675800000000000178e+00 1.698800000000000032e-01 2.682100000000000151e+00
1.495500000000000000e+04 8.309900000000000619e-02 2.971400000000000041e+00 1.930499999999999994e-01 2.978800000000000114e+00
1.518600000000000000e+04 8.906500000000000528e-02 3.119000000000000217e+00 2.048800000000000066e-01 3.126999999999999780e+00
1.370000000000000000e+02 0.000000000000000000e+00 0.000000000000000000e+00 0.000000000000000000e+00 0.000000000000000000e+00
3.970000000000000000e+02 2.129499999999999991e-04 8.418699999999999881e-04 2.535799999999999946e-04 9.046599999999999477e-04
1.218000000000000000e+03 2.187199999999999821e-03 4.348600000000000208e-03 1.052900000000000060e-03 4.980300000000000005e-03
2.088000000000000000e+03 2.939000000000000206e-03 1.243400000000000061e-02 2.482700000000000011e-03 1.301599999999999979e-02
3.242000000000000000e+03 3.524499999999999747e-04 3.534000000000000336e-02 6.027700000000000419e-03 3.585200000000000192e-02
4.428000000000000000e+03 -1.231800000000000082e-02 7.223300000000000554e-02 8.973099999999999479e-03 7.382299999999999973e-02
5.729000000000000000e+03 -1.838400000000000103e-02 1.320399999999999907e-01 1.092599999999999995e-02 1.337599999999999900e-01
6.960000000000000000e+03 -2.076599999999999974e-02 2.109999999999999931e-01 1.325699999999999969e-02 2.124300000000000077e-01
8.118000000000000000e+03 -2.213499999999999843e-02 3.167499999999999760e-01 1.646699999999999900e-02 3.179500000000000104e-01
9.204000000000000000e+03 -1.802199999999999983e-02 4.663300000000000223e-01 2.191500000000000045e-02 4.671899999999999942e-01
1.023900000000000000e+04 -1.279800000000000035e-02 6.568599999999999994e-01 3.022800000000000140e-02 6.576800000000000423e-01
1.118100000000000000e+04 -1.400599999999999892e-03 8.999500000000000277e-01 4.237400000000000194e-02 9.009500000000000286e-01
1.205600000000000000e+04 1.162200000000000039e-02 1.193400000000000016e+00 5.878200000000000092e-02 1.194900000000000073e+00
1.287800000000000000e+04 2.753600000000000145e-02 1.544599999999999973e+00 8.081199999999999495e-02 1.546999999999999931e+00
1.364000000000000000e+04 4.479400000000000048e-02 1.944800000000000084e+00 1.078100000000000031e-01 1.948299999999999921e+00
1.425500000000000000e+04 5.980099999999999999e-02 2.309600000000000097e+00 1.341299999999999992e-01 2.314299999999999802e+00
1.468800000000000000e+04 7.180200000000000471e-02 2.616200000000000081e+00 1.576500000000000123e-01 2.621900000000000119e+00
1.503200000000000000e+04 8.338900000000000479e-02 2.929399999999999782e+00 1.839600000000000124e-01 2.936399999999999899e+00
1.522200000000000000e+04 8.906500000000000528e-02 3.085799999999999876e+00 1.975200000000000011e-01 3.093300000000000161e+00
