1.000000000000000000e+00 -1.558489999999999931e+00 3.605740000000000056e-01 1.500000000000000000e+00
2.870000000000000000e+02 -1.724633670000000008e+00 3.956196500000000449e-01 2.859806899999999708e+00
1.010000000000000000e+03 -2.056659763999999946e+00 4.595207000000000042e-01 5.598796099999999498e+00
1.886000000000000000e+03 -2.364566900000000249e+00 5.105842999999999909e-01 8.316843099999999822e+00
3.042000000000000000e+03 -2.669088499999999975e+00 5.697510000000000074e-01 1.173415680000000094e+01
4.109000000000000000e+03 -2.744731699999999996e+00 4.769439999999999791e-01 1.583313609999999905e+01
5.423000000000000000e+03 -2.646090000000000053e+00 3.604499999999999926e-01 1.992436620000000147e+01
6.667000000000000000e+03 -2.534097999999999740e+00 2.541352699999999687e-01 2.402728370000000169e+01
7.843000000000000000e+03 -2.399059999999999970e+00 1.481639999999999902e-01 2.812262559999999922e+01
8.940000000000000000e+03 -2.247974000000000139e+00 6.782900000000002816e-02 3.223138600000000054e+01
9.994000000000000000e+03 -2.099372800000000261e+00 1.178299999999998793e-02 3.634320400000000006e+01
1.095700000000000000e+04 -1.945876600000000067e+00 -5.035999999999929422e-03 4.044972399999999624e+01
1.184300000000000000e+04 -1.788159999999999972e+00 1.292999999999988603e-02 4.457046099999999456e+01
1.268800000000000000e+04 -1.626969000000000110e+00 7.696999999999998288e-02 4.869603399999999738e+01
1.345300000000000000e+04 -1.463890999999999831e+00 1.702399999999999469e-01 5.281645000000000323e+01
1.412000000000000000e+04 -1.327185000000000059e+00 2.621700000000002362e-01 5.626531999999999556e+01
1.459000000000000000e+04 -1.179883000000000015e+00 3.382500000000003837e-01 5.901988000000000056e+01
1.495500000000000000e+04 -7.682919999999999749e-01 4.063099999999999490e-01 6.176306000000000296e+01
1.518600000000000000e+04 -5.622289999999999788e-01 4.361000000000001542e-01 6.314488000000000056e+01
1.370000000000000000e+02 1.558489999999999931e+00 -3.636220000000000008e-01 1.500000000000000000e+00
3.970000000000000000e+02 1.725262950000000073e+00 -4.054951199999999867e-01 2.860253579999999740e+00
1.218000000000000000e+03 1.820147200000000076e+00 -4.392743000000000064e-01 5.601052999999999393e+00
2.088000000000000000e+03 1.846319000000000043e+00 -4.627370000000000094e-01 8.322482700000000122e+00
3.242000000000000000e+03 1.775862499999999899e+00 -4.705280000000000018e-01 1.174602780000000024e+01
4.428000000000000000e+03 1.811251999999999862e+00 -4.680469999999999908e-01 1.584897319999999965e+01
5.729000000000000000e+03 1.736855999999999955e+00 -4.515300000000000424e-01 1.994092600000000104e+01
6.960000000000000000e+03 1.657864000000000004e+00 -4.462570000000000148e-01 2.404325700000000055e+01
8.118000000000000000e+03 1.565874999999999906e+00 -4.360350000000000059e-01 2.813646699999999967e+01
9.204000000000000000e+03 1.471419000000000032e+00 -4.075259999999999438e-01 3.224191499999999877e+01
1.023900000000000000e+04 1.381873000000000129e+00 -3.674100000000001254e-01 3.635022899999999879e+01
1.118100000000000000e+04 1.297521200000000041e+00 -3.011700000000000488e-01 4.045237499999999642e+01
1.205600000000000000e+04 1.213824999999999932e+00 -2.141200000000000880e-01 4.456878199999999879e+01
1.287800000000000000e+04 1.132228999999999930e+00 -1.004199999999999537e-01 4.869081299999999857e+01
1.364000000000000000e+04 1.051637999999999851e+00 3.700999999999998735e-02 5.280781000000000347e+01
1.425500000000000000e+04 9.849010000000000264e-01 1.626600000000002488e-01 5.625412999999999641e+01
1.468800000000000000e+04 9.061899999999999400e-01 2.651799999999999713e-01 5.900764999999999816e+01
1.503200000000000000e+04 6.509930000000000438e-01 3.604400000000000936e-01 6.175395999999999930e+01
1.522200000000000000e+04 5.232709999999999306e-01 4.028000000000000469e-01 6.313751999999999498e+01
