1.000000000000000000e+00 0.000000000000000000e+00 0.000000000000000000e+00 0.000000000000000000e+00 0.000000000000000000e+00
2.870000000000000000e+02 -2.624099999999999762e-04 6.036600000000000039e-04 7.857700000000000340e-05 6.629099999999999533e-04
1.010000000000000000e+03 2.660399999999999939e-04 3.323500000000000065e-03 6.506300000000000234e-04 3.396999999999999846e-03
1.886000000000000000e+03 4.073099999999999637e-03 7.959100000000000202e-03 1.833500000000000060e-03 9.126799999999999150e-03
3.042000000000000000e+03 1.417000000000000030e-02 4.314199999999999979e-02 4.815800000000000289e-03 4.566400000000000320e-02
4.109000000000000000e+03 3.186800000000000049e-02 8.670200000000000129e-02 8.236900000000000124e-03 9.274000000000000299e-02
5.423000000000000000e+03 5.452100000000000002e-02 1.524000000000000077e-01 1.225700000000000053e-02 1.623199999999999921e-01
6.667000000000000000e+03 8.311399999999999344e-02 2.401399999999999924e-01 1.719700000000000048e-02 2.546900000000000275e-01
7.843000000000000000e+03 1.179800000000000015e-01 3.512799999999999812e-01 2.375999999999999987e-02 3.713299999999999934e-01
8.940000000000000000e+03 1.612500000000000044e-01 5.074699999999999767e-01 3.316399999999999904e-02 5.334999999999999742e-01
9.994000000000000000e+03 2.112600000000000033e-01 7.006299999999999750e-01 4.510999999999999732e-02 7.331800000000000539e-01
1.095700000000000000e+04 2.676700000000000190e-01 9.478400000000000158e-01 6.116100000000000009e-02 9.868099999999999650e-01
1.184300000000000000e+04 3.294599999999999751e-01 1.242699999999999916e+00 8.086000000000000132e-02 1.288100000000000023e+00
1.268800000000000000e+04 3.953699999999999992e-01 1.592300000000000049e+00 1.048899999999999971e-01 1.643999999999999906e+00
1.345300000000000000e+04 4.637399999999999856e-01 1.987400000000000055e+00 1.333000000000000018e-01 2.045199999999999907e+00
1.412000000000000000e+04 5.218599999999999905e-01 2.345299999999999940e+00 1.602500000000000036e-01 2.407999999999999918e+00
1.459000000000000000e+04 5.683799999999999963e-01 2.642100000000000115e+00 1.826800000000000090e-01 2.708699999999999886e+00
1.495500000000000000e+04 6.149700000000000166e-01 2.933399999999999785e+00 2.003300000000000081e-01 3.003899999999999793e+00
1.518600000000000000e+04 6.386600000000000055e-01 3.078899999999999970e+00 2.093800000000000106e-01 3.151400000000000201e+00
1.370000000000000000e+02 0.000000000000000000e+00 0.000000000000000000e+00 0.000000000000000000e+00 0.000000000000000000e+00
3.970000000000000000e+02 2.197699999999999914e-04 9.338499999999999579e-04 -6.115799999999999958e-05 9.613000000000000017e-04
1.218000000000000000e+03 9.027199999999999764e-04 5.071299999999999940e-03 -2.295999999999999972e-04 5.156100000000000266e-03
2.088000000000000000e+03 3.380600000000000098e-03 1.345200000000000042e-02 -4.695300000000000125e-04 1.387799999999999971e-02
3.242000000000000000e+03 1.100499999999999916e-02 3.595899999999999791e-02 -9.196000000000000181e-04 3.761599999999999666e-02
4.428000000000000000e+03 2.795399999999999968e-02 7.033300000000000662e-02 -1.660999999999999933e-03 7.570200000000000540e-02
5.729000000000000000e+03 4.810400000000000093e-02 1.294800000000000118e-01 -1.673400000000000018e-03 1.381300000000000028e-01
6.960000000000000000e+03 7.837500000000000022e-02 2.074100000000000110e-01 -8.270900000000000517e-04 2.217300000000000104e-01
8.118000000000000000e+03 1.131599999999999967e-01 3.125600000000000045e-01 1.370300000000000077e-03 3.324099999999999833e-01
9.204000000000000000e+03 1.570100000000000107e-01 4.618099999999999983e-01 6.152499999999999983e-03 4.878100000000000214e-01
1.023900000000000000e+04 2.061699999999999922e-01 6.519500000000000295e-01 1.407399999999999970e-02 6.839100000000000179e-01
1.118100000000000000e+04 2.639599999999999724e-01 8.934299999999999464e-01 2.611899999999999986e-02 9.319699999999999651e-01
1.205600000000000000e+04 3.261800000000000255e-01 1.184199999999999919e+00 4.269900000000000084e-02 1.229000000000000092e+00
1.287800000000000000e+04 3.930100000000000260e-01 1.531199999999999894e+00 6.510799999999999921e-02 1.582200000000000051e+00
1.364000000000000000e+04 4.622800000000000242e-01 1.925699999999999967e+00 9.265500000000000125e-02 1.982599999999999918e+00
1.425500000000000000e+04 5.212599999999999456e-01 2.284800000000000164e+00 1.195100000000000051e-01 2.346600000000000019e+00
1.468800000000000000e+04 5.684799999999999853e-01 2.586300000000000043e+00 1.438000000000000111e-01 2.652000000000000135e+00
1.503200000000000000e+04 6.152400000000000091e-01 2.894099999999999895e+00 1.730899999999999939e-01 2.963799999999999990e+00
1.522200000000000000e+04 6.386600000000000055e-01 3.047699999999999854e+00 1.881599999999999939e-01 3.119600000000000151e+00
