1.000000000000000000e+00 -1.558489999999999931e+00 3.605740000000000056e-01 1.500000000000000000e+00
2.870000000000000000e+02 -1.725312409999999907e+00 3.958606600000000308e-01 2.860078576999999900e+00
1.010000000000000000e+03 -2.056373959999999723e+00 4.599214999999999831e-01 5.600650629999999630e+00
1.886000000000000000e+03 -2.356376900000000330e+00 5.095011000000000401e-01 8.321833500000000328e+00
3.042000000000000000e+03 -2.649090000000000167e+00 5.685750000000000526e-01 1.174481579999999958e+01
4.109000000000000000e+03 -2.703492000000000228e+00 4.722899999999999876e-01 1.584823689999999985e+01
5.423000000000000000e+03 -2.578339000000000159e+00 3.552100000000000257e-01 1.994225700000000145e+01
6.667000000000000000e+03 -2.434825999999999713e+00 2.483052699999999946e-01 2.404719700000000060e+01
7.843000000000000000e+03 -2.264029999999999987e+00 1.416039999999999799e-01 2.814376000000000033e+01
8.940000000000000000e+03 -2.072920000000000318e+00 6.049899999999996947e-02 3.225316399999999817e+01
9.994000000000000000e+03 -1.880750000000000144e+00 3.483000000000013863e-03 3.636511000000000138e+01
1.095700000000000000e+04 -1.680709999999999926e+00 -1.539599999999996527e-02 4.047116099999999506e+01
1.184300000000000000e+04 -1.473850000000000104e+00 -4.700000000001924860e-04 4.459085999999999927e+01
1.268800000000000000e+04 -1.261670000000000069e+00 5.906999999999995588e-02 4.871488999999999692e+01
1.345300000000000000e+04 -1.046519999999999895e+00 1.467400000000000926e-01 5.283330000000000126e+01
1.412000000000000000e+04 -8.657799999999999940e-01 2.330700000000001104e-01 5.628024999999999523e+01
1.459000000000000000e+04 -6.831900000000000750e-01 3.045500000000003205e-01 5.903267999999999915e+01
1.495500000000000000e+04 -2.364269999999999428e-01 3.683099999999996932e-01 6.177033000000000129e+01
1.518600000000000000e+04 -1.263999999999998458e-02 3.959000000000001407e-01 6.314938000000000073e+01
1.370000000000000000e+02 1.558489999999999931e+00 -3.636220000000000008e-01 1.500000000000000000e+00
3.970000000000000000e+02 1.725269769999999925e+00 -4.054031499999999899e-01 2.859938842000000037e+00
1.218000000000000000e+03 1.818862720000000044e+00 -4.385516999999999888e-01 5.599770399999999704e+00
2.088000000000000000e+03 1.846760600000000085e+00 -4.617199999999999638e-01 8.319530470000000122e+00
3.242000000000000000e+03 1.786514999999999853e+00 -4.699089999999999656e-01 1.173908040000000064e+01
4.428000000000000000e+03 1.851523999999999948e+00 -4.699470000000000036e-01 1.583833899999999950e+01
5.729000000000000000e+03 1.803343999999999836e+00 -4.540899999999999936e-01 1.992832659999999834e+01
6.960000000000000000e+03 1.757005000000000150e+00 -4.498469999999999969e-01 2.402917290999999977e+01
8.118000000000000000e+03 1.701169999999999849e+00 -4.402349999999999874e-01 2.812137030000000237e+01
9.204000000000000000e+03 1.646450000000000191e+00 -4.120459999999999678e-01 3.222615249999999776e+01
1.023900000000000000e+04 1.600840000000000041e+00 -3.723300000000000498e-01 3.633407400000000109e+01
1.118100000000000000e+04 1.562880000000000047e+00 -3.077000000000000846e-01 4.043611899999999792e+01
1.205600000000000000e+04 1.528379999999999850e+00 -2.233200000000001850e-01 4.455269899999999694e+01
1.287800000000000000e+04 1.497700000000000031e+00 -1.139200000000000212e-01 4.867510800000000160e+01
1.364000000000000000e+04 1.469119999999999981e+00 1.780999999999988148e-02 5.279265500000000344e+01
1.425500000000000000e+04 1.446355999999999975e+00 1.378600000000003156e-01 5.623950999999999567e+01
1.468800000000000000e+04 1.402862999999999971e+00 2.352799999999999336e-01 5.899380000000000024e+01
1.503200000000000000e+04 1.182838000000000056e+00 3.250399999999999956e-01 6.174309000000000225e+01
1.522200000000000000e+04 1.072859999999999925e+00 3.647000000000000242e-01 6.312816000000000116e+01
