1.000000000000000000e+00 0.000000000000000000e+00 0.000000000000000000e+00 0.000000000000000000e+00 0.000000000000000000e+00
2.870000000000000000e+02 1.385000000000000055e-04 5.250499999999999959e-04 -6.334200000000000442e-05 5.466899999999999581e-04
1.010000000000000000e+03 3.201400000000000079e-04 3.433199999999999967e-03 -3.254999999999999972e-04 3.463499999999999999e-03
1.886000000000000000e+03 1.653799999999999921e-04 9.441599999999999646e-03 -7.885599999999999988e-04 9.475900000000000642e-03
3.042000000000000000e+03 5.100200000000000046e-03 4.887699999999999684e-02 -6.291899999999999576e-04 4.914600000000000218e-02
4.109000000000000000e+03 1.341000000000000004e-02 9.947699999999999598e-02 7.147699999999999887e-04 1.003799999999999970e-01
5.423000000000000000e+03 2.446399999999999963e-02 1.732299999999999951e-01 3.652999999999999997e-03 1.749900000000000067e-01
6.667000000000000000e+03 3.951299999999999951e-02 2.717499999999999916e-01 8.060899999999999316e-03 2.747200000000000197e-01
7.843000000000000000e+03 5.937900000000000122e-02 3.966799999999999771e-01 1.475800000000000028e-02 4.013700000000000045e-01
8.940000000000000000e+03 8.648799999999999544e-02 5.721100000000000074e-01 2.497800000000000020e-02 5.791500000000000536e-01
9.994000000000000000e+03 1.194100000000000023e-01 7.891299999999999981e-01 3.834200000000000108e-02 7.990300000000000180e-01
1.095700000000000000e+04 1.580999999999999905e-01 1.067299999999999915e+00 5.663699999999999984e-02 1.080400000000000027e+00
1.184300000000000000e+04 2.016600000000000059e-01 1.399299999999999988e+00 7.932699999999999474e-02 1.415999999999999925e+00
1.268800000000000000e+04 2.490900000000000059e-01 1.793500000000000094e+00 1.071200000000000069e-01 1.813900000000000068e+00
1.345300000000000000e+04 2.988999999999999990e-01 2.239100000000000090e+00 1.400299999999999878e-01 2.263300000000000090e+00
1.412000000000000000e+04 3.414400000000000213e-01 2.642799999999999816e+00 1.712100000000000011e-01 2.670199999999999907e+00
1.459000000000000000e+04 3.754899999999999904e-01 2.977199999999999847e+00 1.973999999999999921e-01 3.007299999999999862e+00
1.495500000000000000e+04 4.097100000000000186e-01 3.304300000000000015e+00 2.198700000000000099e-01 3.336899999999999977e+00
1.518600000000000000e+04 4.271900000000000142e-01 3.467600000000000016e+00 2.313600000000000101e-01 3.501500000000000057e+00
1.370000000000000000e+02 0.000000000000000000e+00 0.000000000000000000e+00 0.000000000000000000e+00 0.000000000000000000e+00
3.970000000000000000e+02 2.075900000000000098e-04 1.000900000000000097e-03 9.420100000000000153e-05 1.026500000000000069e-03
1.218000000000000000e+03 1.466899999999999931e-03 5.328099999999999677e-03 3.931299999999999985e-04 5.540299999999999739e-03
2.088000000000000000e+03 3.082399999999999897e-03 1.457600000000000041e-02 9.598200000000000091e-04 1.493000000000000056e-02
3.242000000000000000e+03 6.015200000000000061e-03 3.989100000000000285e-02 2.449199999999999901e-03 4.041600000000000054e-02
4.428000000000000000e+03 9.494999999999999968e-03 7.929700000000000637e-02 3.501499999999999838e-03 7.993999999999999717e-02
5.729000000000000000e+03 1.784499999999999975e-02 1.455799999999999872e-01 4.456400000000000118e-03 1.467400000000000093e-01
6.960000000000000000e+03 3.419799999999999923e-02 2.330800000000000094e-01 6.101399999999999879e-03 2.356499999999999984e-01
8.118000000000000000e+03 5.371599999999999986e-02 3.506199999999999872e-01 8.997200000000000336e-03 3.548200000000000243e-01
9.204000000000000000e+03 8.154000000000000137e-02 5.174299999999999455e-01 1.456900000000000035e-02 5.240200000000000413e-01
1.023900000000000000e+04 1.132999999999999979e-01 7.300299999999999567e-01 2.350899999999999865e-02 7.391499999999999737e-01
1.118100000000000000e+04 1.535999999999999865e-01 1.000799999999999912e+00 3.690000000000000224e-02 1.013200000000000101e+00
1.205600000000000000e+04 1.976499999999999924e-01 1.327299999999999924e+00 5.523700000000000138e-02 1.343099999999999961e+00
1.287800000000000000e+04 2.461599999999999899e-01 1.717700000000000005e+00 8.000599999999999379e-02 1.737100000000000088e+00
1.364000000000000000e+04 2.970700000000000007e-01 2.162199999999999900e+00 1.104799999999999949e-01 2.185299999999999798e+00
1.425500000000000000e+04 3.406699999999999728e-01 2.567200000000000149e+00 1.402299999999999935e-01 2.593500000000000139e+00
1.468800000000000000e+04 3.755899999999999794e-01 2.907399999999999984e+00 1.670200000000000018e-01 2.936300000000000132e+00
1.503200000000000000e+04 4.100199999999999956e-01 3.255199999999999871e+00 1.983099999999999863e-01 3.286900000000000155e+00
1.522200000000000000e+04 4.271900000000000142e-01 3.428700000000000081e+00 2.144300000000000095e-01 3.461899999999999977e+00
