1.000000000000000000e+00 0.000000000000000000e+00 0.000000000000000000e+00 0.000000000000000000e+00 0.000000000000000000e+00
2.870000000000000000e+02 -2.639200000000000075e-04 6.023099999999999982e-04 7.901799999999999460e-05 6.623199999999999877e-04
1.010000000000000000e+03 2.641200000000000123e-04 3.313200000000000086e-03 6.536600000000000266e-04 3.387400000000000046e-03
1.886000000000000000e+03 4.079499999999999793e-03 7.928400000000000378e-03 1.841799999999999991e-03 9.104599999999999152e-03
3.042000000000000000e+03 1.417200000000000057e-02 4.299000000000000044e-02 4.831600000000000131e-03 4.552300000000000096e-02
4.109000000000000000e+03 3.186800000000000049e-02 8.638400000000000245e-02 8.255399999999999544e-03 9.244399999999999840e-02
5.423000000000000000e+03 5.451700000000000296e-02 1.518400000000000027e-01 1.227100000000000066e-02 1.617999999999999994e-01
6.667000000000000000e+03 8.310099999999999432e-02 2.392400000000000082e-01 1.720100000000000101e-02 2.538500000000000201e-01
7.843000000000000000e+03 1.179499999999999993e-01 3.499599999999999933e-01 2.374499999999999875e-02 3.700600000000000001e-01
8.940000000000000000e+03 1.611799999999999899e-01 5.055300000000000349e-01 3.311599999999999960e-02 5.316300000000000470e-01
9.994000000000000000e+03 2.111399999999999944e-01 6.978999999999999648e-01 4.501600000000000046e-02 7.305300000000000127e-01
1.095700000000000000e+04 2.675000000000000155e-01 9.440600000000000103e-01 6.099999999999999867e-02 9.831199999999999939e-01
1.184300000000000000e+04 3.292200000000000126e-01 1.237600000000000033e+00 8.061200000000000310e-02 1.283199999999999896e+00
1.268800000000000000e+04 3.950500000000000123e-01 1.585700000000000109e+00 1.045299999999999979e-01 1.637499999999999956e+00
1.345300000000000000e+04 4.633399999999999741e-01 1.979000000000000092e+00 1.328100000000000114e-01 2.036799999999999944e+00
1.412000000000000000e+04 5.213900000000000201e-01 2.335199999999999942e+00 1.596200000000000119e-01 2.398099999999999898e+00
1.459000000000000000e+04 5.678499999999999659e-01 2.630599999999999827e+00 1.819399999999999906e-01 2.697299999999999809e+00
1.495500000000000000e+04 6.143899999999999917e-01 2.920599999999999863e+00 1.994799999999999907e-01 2.991099999999999870e+00
1.518600000000000000e+04 6.380500000000000060e-01 3.065399999999999903e+00 2.084799999999999986e-01 3.137999999999999901e+00
1.370000000000000000e+02 0.000000000000000000e+00 0.000000000000000000e+00 0.000000000000000000e+00 0.000000000000000000e+00
3.970000000000000000e+02 2.193999999999999932e-04 9.306800000000000272e-04 -6.176999999999999982e-05 9.581900000000000400e-04
1.218000000000000000e+03 8.986899999999999489e-04 5.054499999999999965e-03 -2.319800000000000117e-04 5.139000000000000339e-03
2.088000000000000000e+03 3.374900000000000122e-03 1.340599999999999951e-02 -4.750900000000000067e-04 1.383200000000000054e-02
3.242000000000000000e+03 1.099999999999999936e-02 3.583299999999999680e-02 -9.335500000000000048e-04 3.749500000000000055e-02
4.428000000000000000e+03 2.796699999999999880e-02 7.008300000000000640e-02 -1.682700000000000081e-03 7.547500000000000042e-02
5.729000000000000000e+03 4.812199999999999811e-02 1.290100000000000136e-01 -1.701000000000000038e-03 1.376999999999999891e-01
6.960000000000000000e+03 7.838000000000000522e-02 2.066500000000000004e-01 -8.628099999999999875e-04 2.210199999999999942e-01
8.118000000000000000e+03 1.131500000000000006e-01 3.114000000000000101e-01 1.322299999999999994e-03 3.313200000000000034e-01
9.204000000000000000e+03 1.569699999999999984e-01 4.600799999999999890e-01 6.083299999999999819e-03 4.861500000000000266e-01
1.023900000000000000e+04 2.060800000000000132e-01 6.494499999999999718e-01 1.396999999999999978e-02 6.814999999999999947e-01
1.118100000000000000e+04 2.637999999999999790e-01 8.899399999999999533e-01 2.596499999999999850e-02 9.285799999999999610e-01
1.205600000000000000e+04 3.259500000000000175e-01 1.179499999999999993e+00 4.247399999999999787e-02 1.224399999999999933e+00
1.287800000000000000e+04 3.926999999999999935e-01 1.524999999999999911e+00 6.478599999999999637e-02 1.576100000000000056e+00
1.364000000000000000e+04 4.618800000000000128e-01 1.917699999999999960e+00 9.221200000000000230e-02 1.974699999999999900e+00
1.425500000000000000e+04 5.207899999999999752e-01 2.275100000000000122e+00 1.189400000000000041e-01 2.337000000000000188e+00
1.468800000000000000e+04 5.679499999999999549e-01 2.575200000000000156e+00 1.431199999999999972e-01 2.641000000000000014e+00
1.503200000000000000e+04 6.146599999999999842e-01 2.881499999999999950e+00 1.722899999999999987e-01 2.951400000000000023e+00
1.522200000000000000e+04 6.380500000000000060e-01 3.034400000000000208e+00 1.872999999999999943e-01 3.106399999999999828e+00
