1.000000000000000000e+00 -1.558489999999999931e+00 3.605740000000000056e-01 1.500000000000000000e+00
2.870000000000000000e+02 -1.724633679999999947e+00 3.956196200000000052e-01 2.859806899999999708e+00
1.010000000000000000e+03 -2.056659806999999951e+00 4.595204999999999984e-01 5.598796099999999498e+00
1.886000000000000000e+03 -2.364566900000000249e+00 5.105838000000000321e-01 8.316843200000000991e+00
3.042000000000000000e+03 -2.669088600000000255e+00 5.697490000000000610e-01 1.173415690000000033e+01
4.109000000000000000e+03 -2.744732100000000230e+00 4.769399999999999751e-01 1.583313609999999905e+01
5.423000000000000000e+03 -2.646091000000000193e+00 3.604399999999999826e-01 1.992436620000000147e+01
6.667000000000000000e+03 -2.534100000000000019e+00 2.541252700000000142e-01 2.402728350000000290e+01
7.843000000000000000e+03 -2.399063000000000390e+00 1.481440000000000257e-01 2.812262499999999932e+01
8.940000000000000000e+03 -2.247979000000000394e+00 6.779899999999994264e-02 3.223138399999999848e+01
9.994000000000000000e+03 -2.099379800000000351e+00 1.173299999999999343e-02 3.634320100000000053e+01
1.095700000000000000e+04 -1.945886599999999911e+00 -5.105999999999943917e-03 4.044971999999999923e+01
1.184300000000000000e+04 -1.788173999999999930e+00 1.282999999999989704e-02 4.457045499999999549e+01
1.268800000000000000e+04 -1.626986000000000043e+00 7.677000000000000490e-02 4.869602599999999626e+01
1.345300000000000000e+04 -1.463913999999999938e+00 1.700399999999999689e-01 5.281644000000000005e+01
1.412000000000000000e+04 -1.327212000000000058e+00 2.618700000000000472e-01 5.626529999999999632e+01
1.459000000000000000e+04 -1.179912999999999990e+00 3.379500000000001947e-01 5.901986000000000132e+01
1.495500000000000000e+04 -7.683259999999999534e-01 4.060099999999997600e-01 6.176303000000000054e+01
1.518600000000000000e+04 -5.622650000000000148e-01 4.357000000000001982e-01 6.314485999999999422e+01
1.370000000000000000e+02 1.558489999999999931e+00 -3.636220000000000008e-01 1.500000000000000000e+00
3.970000000000000000e+02 1.725262939999999912e+00 -4.054951600000000211e-01 2.860253579999999740e+00
1.218000000000000000e+03 1.820147200000000076e+00 -4.392746000000000151e-01 5.601052900000000001e+00
2.088000000000000000e+03 1.846318899999999985e+00 -4.627379999999999827e-01 8.322482700000000122e+00
3.242000000000000000e+03 1.775862269999999965e+00 -4.705300000000000038e-01 1.174602759999999968e+01
4.428000000000000000e+03 1.811251999999999862e+00 -4.680509999999999948e-01 1.584897299999999909e+01
5.729000000000000000e+03 1.736854999999999816e+00 -4.515300000000000424e-01 1.994092600000000104e+01
6.960000000000000000e+03 1.657863000000000087e+00 -4.462669999999999693e-01 2.404325599999999952e+01
8.118000000000000000e+03 1.565871999999999931e+00 -4.360549999999999704e-01 2.813646699999999967e+01
9.204000000000000000e+03 1.471414000000000000e+00 -4.075559999999999738e-01 3.224191400000000129e+01
1.023900000000000000e+04 1.381866000000000039e+00 -3.674600000000001199e-01 3.635022699999999674e+01
1.118100000000000000e+04 1.297511400000000092e+00 -3.012400000000000633e-01 4.045237199999999689e+01
1.205600000000000000e+04 1.213810999999999973e+00 -2.142200000000000770e-01 4.456877799999999468e+01
1.287800000000000000e+04 1.132210999999999856e+00 -1.006199999999999317e-01 4.869080699999999950e+01
1.364000000000000000e+04 1.051614999999999966e+00 3.681000000000000938e-02 5.280780000000000030e+01
1.425500000000000000e+04 9.848740000000000272e-01 1.624600000000002709e-01 5.625412000000000035e+01
1.468800000000000000e+04 9.061599999999999655e-01 2.649799999999999933e-01 5.900764000000000209e+01
1.503200000000000000e+04 6.509590000000000654e-01 3.601399999999999046e-01 6.175394000000000005e+01
1.522200000000000000e+04 5.232350000000000056e-01 4.025000000000003020e-01 6.313749999999999574e+01
