1.000000000000000000e+00 -1.558489999999999931e+00 3.605740000000000056e-01 1.500000000000000000e+00
2.870000000000000000e+02 -1.725322980000000062e+00 3.958510700000000271e-01 2.860081671999999742e+00
1.010000000000000000e+03 -2.056387509999999974e+00 4.598489000000000049e-01 5.600671949999999732e+00
1.886000000000000000e+03 -2.356331900000000257e+00 5.092838000000000642e-01 8.321891799999999506e+00
3.042000000000000000e+03 -2.649075999999999986e+00 5.674980000000000580e-01 1.174492590000000014e+01
4.109000000000000000e+03 -2.703495999999999899e+00 4.700320000000000054e-01 1.584836559999999928e+01
5.423000000000000000e+03 -2.578374000000000166e+00 3.512299999999999867e-01 1.994235499999999917e+01
6.667000000000000000e+03 -2.434928999999999899e+00 2.419752699999999923e-01 2.404722500000000096e+01
7.843000000000000000e+03 -2.264260000000000161e+00 1.322440000000000004e-01 2.814365300000000047e+01
8.940000000000000000e+03 -2.073410000000000419e+00 4.673899999999997501e-02 3.225282500000000141e+01
9.994000000000000000e+03 -1.881580000000000030e+00 -1.584699999999994446e-02 3.636444600000000094e+01
1.095700000000000000e+04 -1.681969999999999965e+00 -4.210599999999997678e-02 4.047002199999999306e+01
1.184300000000000000e+04 -1.475610000000000088e+00 -3.627000000000002444e-02 4.458910600000000102e+01
1.268800000000000000e+04 -1.264000000000000012e+00 1.236999999999999211e-02 4.871235000000000070e+01
1.345300000000000000e+04 -1.049429999999999863e+00 8.733999999999997321e-02 5.282981000000000193e+01
1.412000000000000000e+04 -8.691799999999999526e-01 1.619700000000001694e-01 5.627582999999999913e+01
1.459000000000000000e+04 -6.869700000000000806e-01 2.236500000000001265e-01 5.902747000000000099e+01
1.495500000000000000e+04 -2.405969999999999498e-01 2.780100000000000904e-01 6.176438999999999879e+01
1.518600000000000000e+04 -1.700999999999996959e-02 3.010000000000001563e-01 6.314306999999999448e+01
1.370000000000000000e+02 1.558489999999999931e+00 -3.636220000000000008e-01 1.500000000000000000e+00
3.970000000000000000e+02 1.725267129999999982e+00 -4.054255700000000129e-01 2.859934535999999916e+00
1.218000000000000000e+03 1.818834300000000015e+00 -4.386704999999999632e-01 5.599753639999999422e+00
2.088000000000000000e+03 1.846720099999999976e+00 -4.620469999999999855e-01 8.319491369999999719e+00
3.242000000000000000e+03 1.786483999999999961e+00 -4.708009999999999695e-01 1.173898229999999998e+01
4.428000000000000000e+03 1.851611999999999814e+00 -4.717169999999999974e-01 1.583818669999999962e+01
5.729000000000000000e+03 1.803460999999999981e+00 -4.573900000000000743e-01 1.992813230000000146e+01
6.960000000000000000e+03 1.757029000000000174e+00 -4.552269999999999928e-01 2.402892200000000145e+01
8.118000000000000000e+03 1.701089999999999991e+00 -4.484349999999999725e-01 2.812103300000000061e+01
9.204000000000000000e+03 1.646110000000000184e+00 -4.243259999999999810e-01 3.222566580000000158e+01
1.023900000000000000e+04 1.600190000000000001e+00 -3.899700000000000388e-01 3.633334700000000339e+01
1.118100000000000000e+04 1.561760000000000037e+00 -3.323400000000000798e-01 4.043503399999999459e+01
1.205600000000000000e+04 1.526749999999999829e+00 -2.566200000000000703e-01 4.455111699999999786e+01
1.287800000000000000e+04 1.495479999999999920e+00 -1.579199999999998383e-01 4.867284599999999983e+01
1.364000000000000000e+04 1.466280000000000028e+00 -3.869000000000011319e-02 5.278954099999999983e+01
1.425500000000000000e+04 1.442995999999999945e+00 6.976000000000004420e-02 5.623554999999999637e+01
1.468800000000000000e+04 1.399083000000000077e+00 1.573799999999998533e-01 5.898908000000000129e+01
1.503200000000000000e+04 1.178657999999999983e+00 2.368399999999999395e-01 6.173751000000000033e+01
1.522200000000000000e+04 1.068489999999999940e+00 2.714000000000003077e-01 6.312212999999999852e+01
