1.000000000000000000e+00 -1.558489999999999931e+00 3.605740000000000056e-01 1.500000000000000000e+00
2.870000000000000000e+02 -1.725313899999999956e+00 3.958593300000000093e-01 2.860079011999999921e+00
1.010000000000000000e+03 -2.056375849999999783e+00 4.599113000000000229e-01 5.600653619999999222e+00
1.886000000000000000e+03 -2.356370500000000145e+00 5.094708000000000014e-01 8.321841700000000230e+00
3.042000000000000000e+03 -2.649088000000000331e+00 5.684250000000000691e-01 1.174483140000000070e+01
4.109000000000000000e+03 -2.703492000000000228e+00 4.719760000000000066e-01 1.584825509999999937e+01
5.423000000000000000e+03 -2.578342999999999829e+00 3.546599999999999753e-01 1.994227099999999808e+01
6.667000000000000000e+03 -2.434838999999999753e+00 2.474252700000000027e-01 2.404720100000000116e+01
7.843000000000000000e+03 -2.264060000000000183e+00 1.403040000000000120e-01 2.814374500000000268e+01
8.940000000000000000e+03 -2.072990000000000332e+00 5.857900000000004770e-02 3.225311699999999604e+01
9.994000000000000000e+03 -1.880860000000000198e+00 7.930000000000436700e-04 3.636501799999999918e+01
1.095700000000000000e+04 -1.680879999999999930e+00 -1.912599999999997635e-02 4.047100199999999859e+01
1.184300000000000000e+04 -1.474089999999999900e+00 -5.470000000000085905e-03 4.459061499999999967e+01
1.268800000000000000e+04 -1.261989999999999945e+00 5.257000000000000561e-02 4.871453999999999951e+01
1.345300000000000000e+04 -1.046920000000000073e+00 1.384400000000001185e-01 5.283281000000000205e+01
1.412000000000000000e+04 -8.662499999999999645e-01 2.231700000000000905e-01 5.627962999999999738e+01
1.459000000000000000e+04 -6.837100000000000399e-01 2.931500000000002437e-01 5.903195000000000192e+01
1.495500000000000000e+04 -2.369970000000000132e-01 3.556099999999999817e-01 6.176948999999999756e+01
1.518600000000000000e+04 -1.324000000000002952e-02 3.826000000000000512e-01 6.314849999999999852e+01
1.370000000000000000e+02 1.558489999999999931e+00 -3.636220000000000008e-01 1.500000000000000000e+00
3.970000000000000000e+02 1.725269399999999953e+00 -4.054062800000000077e-01 2.859938237999999799e+00
1.218000000000000000e+03 1.818858749999999969e+00 -4.385682999999999665e-01 5.599768049999999775e+00
2.088000000000000000e+03 1.846754999999999924e+00 -4.617649999999999810e-01 8.319524980000000625e+00
3.242000000000000000e+03 1.786509999999999820e+00 -4.700329999999999786e-01 1.173906662999999995e+01
4.428000000000000000e+03 1.851535999999999849e+00 -4.701940000000000008e-01 1.583831759999999989e+01
5.729000000000000000e+03 1.803360999999999992e+00 -4.545500000000000096e-01 1.992829929999999905e+01
6.960000000000000000e+03 1.757010000000000183e+00 -4.505969999999999698e-01 2.402913765000000268e+01
8.118000000000000000e+03 1.701160000000000005e+00 -4.413849999999999718e-01 2.812132290000000268e+01
9.204000000000000000e+03 1.646410000000000151e+00 -4.137559999999999572e-01 3.222608419999999541e+01
1.023900000000000000e+04 1.600750000000000117e+00 -3.748000000000001330e-01 3.633397200000000282e+01
1.118100000000000000e+04 1.562730000000000175e+00 -3.111400000000000832e-01 4.043596699999999800e+01
1.205600000000000000e+04 1.528149999999999897e+00 -2.280200000000001115e-01 4.455247699999999611e+01
1.287800000000000000e+04 1.497389999999999999e+00 -1.200200000000000156e-01 4.867479000000000156e+01
1.364000000000000000e+04 1.468729999999999869e+00 9.909999999999863363e-03 5.279221700000000084e+01
1.425500000000000000e+04 1.445896000000000070e+00 1.283600000000002517e-01 5.623894999999999555e+01
1.468800000000000000e+04 1.402343000000000117e+00 2.243800000000000239e-01 5.899313000000000073e+01
1.503200000000000000e+04 1.182258000000000031e+00 3.126400000000000290e-01 6.174230000000000018e+01
1.522200000000000000e+04 1.072259999999999991e+00 3.516000000000003567e-01 6.312730999999999426e+01
