1.000000000000000000e+00 -1.558489999999999931e+00 3.605740000000000056e-01 1.500000000000000000e+00
2.870000000000000000e+02 -1.724911480000000052e+00 3.957820700000000413e-01 2.859936653999999745e+00
1.010000000000000000e+03 -2.056319829999999627e+00 4.600313999999999792e-01 5.599674470000000071e+00
1.886000000000000000e+03 -2.360284650000000095e+00 5.109839999999999938e-01 8.319211360000000610e+00
3.042000000000000000e+03 -2.658159600000000289e+00 5.743130000000000734e-01 1.173937068999999944e+01
4.109000000000000000e+03 -2.721950000000000092e+00 4.850700000000000012e-01 1.584071467000000055e+01
5.423000000000000000e+03 -2.608395999999999937e+00 3.760499999999999954e-01 1.993365299999999962e+01
6.667000000000000000e+03 -2.478424999999999656e+00 2.799252700000000038e-01 2.403806110000000018e+01
7.843000000000000000e+03 -2.322629000000000055e+00 1.870239999999999958e-01 2.813475900000000252e+01
8.940000000000000000e+03 -2.147679000000000116e+00 1.251790000000000402e-01 3.224497900000000072e+01
9.994000000000000000e+03 -1.972600000000000131e+00 9.202300000000007696e-02 3.635834400000000244e+01
1.095700000000000000e+04 -1.790270000000000028e+00 1.040639999999999343e-01 4.046663999999999817e+01
1.184300000000000000e+04 -1.601639999999999953e+00 1.562299999999998690e-01 4.458933100000000138e+01
1.268800000000000000e+04 -1.407939999999999969e+00 2.603699999999999903e-01 4.871712999999999738e+01
1.345300000000000000e+04 -1.211349999999999927e+00 3.985399999999998943e-01 5.284004000000000190e+01
1.412000000000000000e+04 -1.046189999999999953e+00 5.306700000000001971e-01 5.629121999999999559e+01
1.459000000000000000e+04 -8.760700000000001264e-01 6.398500000000000298e-01 5.904740999999999929e+01
1.495500000000000000e+04 -4.416669999999999763e-01 7.394099999999999007e-01 6.178988999999999976e+01
1.518600000000000000e+04 -2.240900000000000114e-01 7.848000000000001641e-01 6.317137999999999920e+01
1.370000000000000000e+02 1.558489999999999931e+00 -3.636220000000000008e-01 1.500000000000000000e+00
3.970000000000000000e+02 1.725257599999999947e+00 -4.053360999999999770e-01 2.860094206999999944e+00
1.218000000000000000e+03 1.819427000000000127e+00 -4.382945999999999787e-01 5.600393159999999426e+00
2.088000000000000000e+03 1.846462500000000118e+00 -4.605949999999999767e-01 8.320959880000000197e+00
3.242000000000000000e+03 1.781525299999999978e+00 -4.659749999999999726e-01 1.174244939999999993e+01
4.428000000000000000e+03 1.833065199999999839e+00 -4.609789999999999721e-01 1.584350169999999913e+01
5.729000000000000000e+03 1.773085000000000022e+00 -4.379800000000000360e-01 1.993445669999999836e+01
6.960000000000000000e+03 1.712830000000000075e+00 -4.241669999999999607e-01 2.403610180000000085e+01
8.118000000000000000e+03 1.641726999999999936e+00 -4.021649999999999947e-01 2.812899780000000050e+01
9.204000000000000000e+03 1.570983000000000018e+00 -3.563959999999999351e-01 3.223456999999999795e+01
1.023900000000000000e+04 1.507980000000000098e+00 -2.942100000000000826e-01 3.634351000000000198e+01
1.118100000000000000e+04 1.452530000000000099e+00 -2.003300000000001191e-01 4.044690199999999436e+01
1.205600000000000000e+04 1.399849999999999817e+00 -8.012000000000019106e-02 4.456523999999999575e+01
1.287800000000000000e+04 1.350859999999999950e+00 7.268000000000007788e-02 4.869001000000000090e+01
1.364000000000000000e+04 1.303919999999999968e+00 2.544100000000000250e-01 5.281049000000000149e+01
1.425500000000000000e+04 1.265776000000000012e+00 4.203600000000000669e-01 5.626023999999999603e+01
1.468800000000000000e+04 1.209992999999999874e+00 5.564800000000000857e-01 5.901702999999999832e+01
1.503200000000000000e+04 9.776280000000000525e-01 6.862400000000001832e-01 6.176832000000000278e+01
1.522200000000000000e+04 8.614100000000000090e-01 7.459000000000002295e-01 6.315444000000000102e+01
