0.000000000000000000e+00 0.000000000000000000e+00 0.000000000000000000e+00 0.000000000000000000e+00 0.000000000000000000e+00 0.000000000000000000e+00 0.000000000000000000e+00 0.000000000000000000e+00 0.000000000000000000e+00 0.000000000000000000e+00
1.743500000000000095e-04 -2.729799999999999783e-04 4.173199999999999956e-04 1.382900000000000058e-04 -2.638299999999999998e-04 4.163200000000000255e-04 1.385199999999999951e-04 -2.639200000000000075e-04 4.163200000000000255e-04 6.167800000000000138e-05
3.840299999999999942e-04 2.524900000000000169e-04 -1.707999999999999910e-05 3.197399999999999982e-04 2.642400000000000044e-04 -1.979199999999999956e-05 3.201699999999999924e-04 2.641100000000000175e-04 -1.979499999999999936e-05 1.115599999999999958e-04
8.675400000000000320e-05 4.118100000000000406e-03 -4.115399999999999961e-03 1.657300000000000006e-04 4.079199999999999840e-03 -4.116899999999999726e-03 1.653500000000000076e-04 4.079600000000000067e-03 -4.116899999999999726e-03 8.755499999999999774e-05
5.357699999999999962e-03 1.418400000000000043e-02 -5.809800000000000381e-03 5.098600000000000007e-03 1.417200000000000057e-02 -5.828700000000000027e-03 5.100399999999999726e-03 1.417200000000000057e-02 -5.828599999999999753e-03 4.647199999999999769e-03
1.416500000000000051e-02 3.186400000000000343e-02 -9.322300000000000378e-03 1.340500000000000025e-02 3.186800000000000049e-02 -9.372200000000000669e-03 1.341000000000000004e-02 3.186800000000000049e-02 -9.372099999999999528e-03 1.241699999999999922e-02
2.591699999999999907e-02 5.448599999999999971e-02 -1.313699999999999937e-02 2.445400000000000004e-02 5.451799999999999702e-02 -1.323099999999999971e-02 2.446399999999999963e-02 5.451700000000000296e-02 -1.323099999999999971e-02 2.272400000000000114e-02
4.197800000000000142e-02 8.301100000000000145e-02 -1.600499999999999839e-02 3.949699999999999739e-02 8.310099999999999432e-02 -1.616000000000000075e-02 3.951500000000000151e-02 8.310099999999999432e-02 -1.616000000000000075e-02 3.674399999999999888e-02
6.328999999999999904e-02 1.177499999999999936e-01 -1.681500000000000009e-02 5.935300000000000298e-02 1.179499999999999993e-01 -1.705200000000000118e-02 5.938100000000000322e-02 1.179499999999999993e-01 -1.705200000000000118e-02 5.522500000000000325e-02
9.256200000000000538e-02 1.607599999999999862e-01 -1.345499999999999995e-02 8.644799999999999707e-02 1.611799999999999899e-01 -1.380800000000000083e-02 8.649099999999999844e-02 1.611799999999999899e-01 -1.380800000000000083e-02 8.038399999999999712e-02
1.282099999999999906e-01 2.104300000000000059e-01 -6.870399999999999598e-03 1.193499999999999978e-01 2.111500000000000044e-01 -7.368099999999999823e-03 1.194100000000000023e-01 2.111399999999999944e-01 -7.368099999999999823e-03 1.108600000000000002e-01
1.702299999999999924e-01 2.664099999999999802e-01 3.168499999999999876e-03 1.580199999999999938e-01 2.675100000000000255e-01 2.496299999999999908e-03 1.581100000000000005e-01 2.675000000000000155e-01 2.496099999999999795e-03 1.465799999999999881e-01
2.176099999999999979e-01 3.276999999999999913e-01 1.601400000000000046e-02 2.015599999999999892e-01 3.292300000000000226e-01 1.514099999999999994e-02 2.016699999999999882e-01 3.292100000000000026e-01 1.514000000000000068e-02 1.866800000000000126e-01
2.692700000000000093e-01 3.930400000000000005e-01 3.115700000000000067e-02 2.489599999999999869e-01 3.950699999999999767e-01 3.005999999999999991e-02 2.490999999999999881e-01 3.950400000000000023e-01 3.005899999999999891e-02 2.302200000000000080e-01
3.235399999999999943e-01 4.608300000000000174e-01 4.769099999999999728e-02 2.987299999999999955e-01 4.633599999999999941e-01 4.635600000000000137e-02 2.989100000000000090e-01 4.633399999999999741e-01 4.635399999999999937e-02 2.758300000000000196e-01
3.698799999999999866e-01 5.184600000000000319e-01 6.198000000000000037e-02 3.412499999999999978e-01 5.214199999999999946e-01 6.044000000000000067e-02 3.414499999999999758e-01 5.213799999999999546e-01 6.043699999999999767e-02 3.147499999999999742e-01
4.069699999999999984e-01 5.645999999999999908e-01 7.337599999999999678e-02 3.752800000000000025e-01 5.678800000000000514e-01 7.167099999999999860e-02 3.755000000000000004e-01 5.678499999999999659e-01 7.166699999999999460e-02 3.458700000000000108e-01
4.442599999999999882e-01 6.108000000000000096e-01 8.495900000000000674e-02 4.094800000000000106e-01 6.144199999999999662e-01 8.308699999999999419e-02 4.097299999999999831e-01 6.143899999999999917e-01 8.308300000000000407e-02 3.771399999999999753e-01
4.633300000000000196e-01 6.342900000000000205e-01 9.101099999999999468e-02 4.269499999999999962e-01 6.380900000000000460e-01 8.905299999999999327e-02 4.272099999999999786e-01 6.380500000000000060e-01 8.904800000000000215e-02 3.931200000000000250e-01
0.000000000000000000e+00 0.000000000000000000e+00 0.000000000000000000e+00 0.000000000000000000e+00 0.000000000000000000e+00 0.000000000000000000e+00 0.000000000000000000e+00 0.000000000000000000e+00 0.000000000000000000e+00 0.000000000000000000e+00
2.206400000000000017e-04 2.171300000000000031e-04 2.134199999999999997e-04 2.075099999999999970e-04 2.194200000000000100e-04 2.129400000000000043e-04 2.076000000000000046e-04 2.193899999999999984e-04 2.129400000000000043e-04 2.293399999999999963e-04
1.584300000000000075e-03 8.742999999999999470e-04 2.190899999999999966e-03 1.466199999999999969e-03 8.989300000000000415e-04 2.187199999999999821e-03 1.466999999999999988e-03 8.986800000000000083e-04 2.187199999999999821e-03 1.626300000000000011e-03
3.293799999999999940e-03 3.340099999999999927e-03 2.947200000000000080e-03 3.081099999999999811e-03 3.375299999999999915e-03 2.938899999999999933e-03 3.082500000000000170e-03 3.374900000000000122e-03 2.939000000000000206e-03 3.370699999999999912e-03
6.355900000000000265e-03 1.097399999999999938e-02 3.710100000000000138e-04 6.013000000000000116e-03 1.100100000000000036e-02 3.522900000000000033e-04 6.015300000000000334e-03 1.099999999999999936e-02 3.523099999999999930e-04 6.157600000000000053e-03
9.818800000000000791e-03 2.804200000000000095e-02 -1.228199999999999951e-02 9.492399999999999796e-03 2.796600000000000127e-02 -1.231800000000000082e-02 9.495200000000000515e-03 2.796699999999999880e-02 -1.231800000000000082e-02 8.791099999999999609e-03
1.856700000000000017e-02 4.822099999999999997e-02 -1.831599999999999895e-02 1.783900000000000069e-02 4.812099999999999711e-02 -1.838499999999999857e-02 1.784499999999999975e-02 4.812199999999999811e-02 -1.838499999999999857e-02 1.659599999999999964e-02
3.606899999999999690e-02 7.839899999999999647e-02 -2.063200000000000103e-02 3.418600000000000111e-02 7.837900000000000422e-02 -2.076700000000000074e-02 3.420000000000000123e-02 7.838000000000000522e-02 -2.076700000000000074e-02 3.180399999999999894e-02
5.692300000000000137e-02 1.130800000000000000e-01 -2.192300000000000151e-02 5.369399999999999867e-02 1.131500000000000006e-01 -2.213700000000000043e-02 5.371700000000000086e-02 1.131500000000000006e-01 -2.213700000000000043e-02 4.997700000000000059e-02
8.691699999999999426e-02 1.566700000000000037e-01 -1.769400000000000139e-02 8.150399999999999312e-02 1.569699999999999984e-01 -1.802399999999999836e-02 8.154300000000000437e-02 1.569699999999999984e-01 -1.802399999999999836e-02 7.586500000000000188e-02
1.212799999999999989e-01 2.055200000000000082e-01 -1.233099999999999995e-02 1.132500000000000034e-01 2.060800000000000132e-01 -1.280199999999999914e-02 1.133099999999999941e-01 2.060800000000000132e-01 -1.280199999999999914e-02 1.052600000000000063e-01
1.650600000000000123e-01 2.628400000000000181e-01 -7.553199999999999715e-04 1.535199999999999898e-01 2.638099999999999890e-01 -1.405500000000000065e-03 1.536099999999999965e-01 2.637999999999999790e-01 -1.405900000000000075e-03 1.424999999999999878e-01
2.129800000000000026e-01 3.245500000000000052e-01 1.246799999999999992e-02 1.975399999999999934e-01 3.259600000000000275e-01 1.161599999999999959e-02 1.976499999999999924e-01 3.259500000000000175e-01 1.161500000000000032e-02 1.830400000000000083e-01
2.658499999999999752e-01 3.907900000000000262e-01 2.860800000000000148e-02 2.460299999999999987e-01 3.927200000000000135e-01 2.752800000000000039e-02 2.461699999999999999e-01 3.926999999999999935e-01 2.752699999999999939e-02 2.275800000000000045e-01
3.213799999999999990e-01 4.594400000000000150e-01 4.610800000000000315e-02 2.968999999999999972e-01 4.619099999999999873e-01 4.478499999999999842e-02 2.970800000000000107e-01 4.618800000000000128e-01 4.478300000000000336e-02 2.741899999999999893e-01
3.689600000000000102e-01 5.179000000000000270e-01 6.132599999999999857e-02 3.404800000000000049e-01 5.208199999999999497e-01 5.979099999999999693e-02 3.406799999999999828e-01 5.207899999999999752e-01 5.978699999999999987e-02 3.140600000000000058e-01
4.070699999999999874e-01 5.646999999999999797e-01 7.349700000000000677e-02 3.753799999999999915e-01 5.679800000000000404e-01 7.179099999999999371e-02 3.756099999999999994e-01 5.679499999999999549e-01 7.178700000000000359e-02 3.459800000000000098e-01
4.446100000000000052e-01 6.110600000000000476e-01 8.525199999999999445e-02 4.097799999999999776e-01 6.146899999999999586e-01 8.337799999999999379e-02 4.100300000000000056e-01 6.146500000000000297e-01 8.337300000000000266e-02 3.774299999999999877e-01
4.633300000000000196e-01 6.342900000000000205e-01 9.101099999999999468e-02 4.269499999999999962e-01 6.380900000000000460e-01 8.905299999999999327e-02 4.272099999999999786e-01 6.380500000000000060e-01 8.904800000000000215e-02 3.931200000000000250e-01
