1.000000000000000000e+00 -1.558489999999999931e+00 3.605740000000000056e-01 1.500000000000000000e+00
2.870000000000000000e+02 -1.724633679999999947e+00 3.956196299999999999e-01 2.859806899999999708e+00
1.010000000000000000e+03 -2.056659791999999598e+00 4.595206000000000013e-01 5.598796099999999498e+00
1.886000000000000000e+03 -2.364566900000000249e+00 5.105839000000000905e-01 8.316843099999999822e+00
3.042000000000000000e+03 -2.669088700000000092e+00 5.697490000000000610e-01 1.173415680000000094e+01
4.109000000000000000e+03 -2.744732200000000066e+00 4.769399999999999751e-01 1.583313609999999905e+01
5.423000000000000000e+03 -2.646091000000000193e+00 3.604399999999999826e-01 1.992436610000000030e+01
6.667000000000000000e+03 -2.534100000000000019e+00 2.541252700000000142e-01 2.402728340000000173e+01
7.843000000000000000e+03 -2.399062000000000250e+00 1.481440000000000257e-01 2.812262499999999932e+01
8.940000000000000000e+03 -2.247978000000000254e+00 6.779899999999994264e-02 3.223138499999999596e+01
9.994000000000000000e+03 -2.099378100000000025e+00 1.175300000000001344e-02 3.634320199999999801e+01
1.095700000000000000e+04 -1.945883699999999994e+00 -5.086000000000034937e-03 4.044972199999999418e+01
1.184300000000000000e+04 -1.788168999999999897e+00 1.282999999999989704e-02 4.457045799999999502e+01
1.268800000000000000e+04 -1.626980000000000093e+00 7.686999999999999389e-02 4.869603000000000037e+01
1.345300000000000000e+04 -1.463903999999999872e+00 1.701400000000001800e-01 5.281644000000000005e+01
1.412000000000000000e+04 -1.327199999999999935e+00 2.619700000000002582e-01 5.626530999999999949e+01
1.459000000000000000e+04 -1.179899000000000031e+00 3.381500000000001727e-01 5.901987000000000450e+01
1.495500000000000000e+04 -7.683099999999999374e-01 4.062099999999997380e-01 6.176304999999999978e+01
1.518600000000000000e+04 -5.622469999999999413e-01 4.359000000000001762e-01 6.314486999999999739e+01
1.370000000000000000e+02 1.558489999999999931e+00 -3.636220000000000008e-01 1.500000000000000000e+00
3.970000000000000000e+02 1.725262939999999912e+00 -4.054951600000000211e-01 2.860253579999999740e+00
1.218000000000000000e+03 1.820147200000000076e+00 -4.392746000000000151e-01 5.601052900000000001e+00
2.088000000000000000e+03 1.846318899999999985e+00 -4.627379999999999827e-01 8.322482700000000122e+00
3.242000000000000000e+03 1.775862289999999843e+00 -4.705300000000000038e-01 1.174602770000000085e+01
4.428000000000000000e+03 1.811251999999999862e+00 -4.680499999999999661e-01 1.584897310000000026e+01
5.729000000000000000e+03 1.736854999999999816e+00 -4.515300000000000424e-01 1.994092600000000104e+01
6.960000000000000000e+03 1.657863000000000087e+00 -4.462669999999999693e-01 2.404325700000000055e+01
8.118000000000000000e+03 1.565872999999999848e+00 -4.360549999999999704e-01 2.813646699999999967e+01
9.204000000000000000e+03 1.471416000000000057e+00 -4.075459999999999638e-01 3.224191400000000129e+01
1.023900000000000000e+04 1.381868000000000096e+00 -3.674400000000000999e-01 3.635022800000000132e+01
1.118100000000000000e+04 1.297514500000000126e+00 -3.012099999999999778e-01 4.045237299999999436e+01
1.205600000000000000e+04 1.213816000000000006e+00 -2.141200000000000880e-01 4.456877999999999673e+01
1.287800000000000000e+04 1.132217999999999947e+00 -1.005199999999999427e-01 4.869080999999999904e+01
1.364000000000000000e+04 1.051625000000000032e+00 3.690999999999999837e-02 5.280780000000000030e+01
1.425500000000000000e+04 9.848870000000000680e-01 1.625600000000000378e-01 5.625412000000000035e+01
1.468800000000000000e+04 9.061740000000000350e-01 2.650799999999997603e-01 5.900764999999999816e+01
1.503200000000000000e+04 6.509759999999999991e-01 3.602400000000001157e-01 6.175395000000000323e+01
1.522200000000000000e+04 5.232529999999999681e-01 4.027000000000002800e-01 6.313751999999999498e+01
