1.308000000000000007e+01 1.308000000000000007e+01 1.308000000000000007e+01 1.308000000000000007e+01 1.308000000000000007e+01 1.308000000000000007e+01 1.308000000000000007e+01 1.308000000000000007e+01 1.308000000000000007e+01 1.308000000000000007e+01
1.307199999999999918e+01 1.307300000000000040e+01 1.307199999999999918e+01 1.307300000000000040e+01 1.307300000000000040e+01 1.307199999999999918e+01 1.307300000000000040e+01 1.307300000000000040e+01 1.307199999999999918e+01 1.307300000000000040e+01
1.305000000000000071e+01 1.305300000000000082e+01 1.305000000000000071e+01 1.305400000000000027e+01 1.305300000000000082e+01 1.305000000000000071e+01 1.305300000000000082e+01 1.305300000000000082e+01 1.305000000000000071e+01 1.305300000000000082e+01
1.300200000000000067e+01 1.301699999999999946e+01 1.300500000000000078e+01 1.301099999999999923e+01 1.301500000000000057e+01 1.300500000000000078e+01 1.301099999999999923e+01 1.301500000000000057e+01 1.300500000000000078e+01 1.301099999999999923e+01
1.318900000000000006e+01 1.316999999999999993e+01 1.318800000000000061e+01 1.317699999999999960e+01 1.317200000000000060e+01 1.318699999999999939e+01 1.317699999999999960e+01 1.317200000000000060e+01 1.318699999999999939e+01 1.317699999999999960e+01
1.172000000000000064e+01 1.171299999999999919e+01 1.173399999999999999e+01 1.168599999999999994e+01 1.171799999999999997e+01 1.173300000000000054e+01 1.168599999999999994e+01 1.171799999999999997e+01 1.173300000000000054e+01 1.168599999999999994e+01
1.051299999999999990e+01 1.048700000000000010e+01 1.052599999999999980e+01 1.046299999999999919e+01 1.049600000000000044e+01 1.052500000000000036e+01 1.046299999999999919e+01 1.049600000000000044e+01 1.052500000000000036e+01 1.046299999999999919e+01
9.523999999999999133e+00 9.474000000000000199e+00 9.538000000000000256e+00 9.454000000000000625e+00 9.484999999999999432e+00 9.535999999999999588e+00 9.454000000000000625e+00 9.484999999999999432e+00 9.535999999999999588e+00 9.454000000000000625e+00
8.438000000000000611e+00 8.367000000000000881e+00 8.455999999999999517e+00 8.345000000000000639e+00 8.381999999999999673e+00 8.452999999999999403e+00 8.346000000000000085e+00 8.381999999999999673e+00 8.452999999999999403e+00 8.346000000000000085e+00
7.362000000000000099e+00 7.262999999999999901e+00 7.383000000000000007e+00 7.237000000000000099e+00 7.283000000000000362e+00 7.378999999999999559e+00 7.237000000000000099e+00 7.283000000000000362e+00 7.378999999999999559e+00 7.238000000000000433e+00
6.309000000000000163e+00 6.190999999999999837e+00 6.336999999999999744e+00 6.155999999999999694e+00 6.216999999999999638e+00 6.331999999999999851e+00 6.157000000000000028e+00 6.216000000000000192e+00 6.331999999999999851e+00 6.157000000000000028e+00
5.339999999999999858e+00 5.184000000000000163e+00 5.370000000000000107e+00 5.142999999999999794e+00 5.216999999999999638e+00 5.363000000000000433e+00 5.144000000000000128e+00 5.216999999999999638e+00 5.363000000000000433e+00 5.144999999999999574e+00
4.480000000000000426e+00 4.283000000000000362e+00 4.509999999999999787e+00 4.238000000000000433e+00 4.325000000000000178e+00 4.501999999999999780e+00 4.238999999999999879e+00 4.323000000000000398e+00 4.501999999999999780e+00 4.238000000000000433e+00
3.875000000000000000e+00 3.626999999999999780e+00 3.899999999999999911e+00 3.576999999999999957e+00 3.678999999999999826e+00 3.891999999999999904e+00 3.579000000000000181e+00 3.678999999999999826e+00 3.890000000000000124e+00 3.579000000000000181e+00
3.270000000000000018e+00 2.970000000000000195e+00 3.290999999999999925e+00 2.923000000000000043e+00 3.033999999999999808e+00 3.279999999999999805e+00 2.924999999999999822e+00 3.033999999999999808e+00 3.277000000000000135e+00 2.924999999999999822e+00
2.729000000000000092e+00 2.395000000000000018e+00 2.744000000000000217e+00 2.346000000000000085e+00 2.462000000000000188e+00 2.732000000000000206e+00 2.347999999999999865e+00 2.462000000000000188e+00 2.732000000000000206e+00 2.347999999999999865e+00
2.290999999999999925e+00 1.935000000000000053e+00 2.299999999999999822e+00 1.885000000000000009e+00 2.005999999999999783e+00 2.286000000000000032e+00 1.887999999999999901e+00 2.005999999999999783e+00 2.286000000000000032e+00 1.887999999999999901e+00
2.153000000000000025e+00 1.778999999999999915e+00 2.157999999999999918e+00 1.729999999999999982e+00 1.854999999999999982e+00 2.141000000000000014e+00 1.733999999999999986e+00 1.854999999999999982e+00 2.145000000000000018e+00 1.733999999999999986e+00
2.063000000000000167e+00 1.677999999999999936e+00 2.068000000000000060e+00 1.631000000000000005e+00 1.756999999999999895e+00 2.052000000000000046e+00 1.635999999999999899e+00 1.752000000000000002e+00 2.052000000000000046e+00 1.631000000000000005e+00
