1.000000000000000000e+00 -1.558489999999999931e+00 3.605740000000000056e-01 1.500000000000000000e+00
2.870000000000000000e+02 -1.724608469999999949e+00 3.956671200000000388e-01 2.859801489999999724e+00
1.010000000000000000e+03 -2.056593475999999754e+00 4.598393000000000064e-01 5.598759999999999515e+00
1.886000000000000000e+03 -2.364536700000000380e+00 5.114724999999999966e-01 8.316745300000000896e+00
3.042000000000000000e+03 -2.668611000000000288e+00 5.742369999999999974e-01 1.173403990000000086e+01
4.109000000000000000e+03 -2.743482699999999941e+00 4.862779999999999880e-01 1.583312100000000022e+01
5.423000000000000000e+03 -2.643769999999999953e+00 3.770299999999999763e-01 1.992461720000000014e+01
6.667000000000000000e+03 -2.530299999999999994e+00 2.805352700000000032e-01 2.402795360000000002e+01
7.843000000000000000e+03 -2.393262000000000000e+00 1.872640000000000138e-01 2.812396640000000048e+01
8.940000000000000000e+03 -2.239376600000000384e+00 1.252689999999999637e-01 3.223378999999999905e+01
9.994000000000000000e+03 -2.087312800000000301e+00 9.232300000000004392e-02 3.634703400000000073e+01
1.095700000000000000e+04 -1.929664999999999964e+00 1.057639999999999691e-01 4.045555999999999841e+01
1.184300000000000000e+04 -1.767196999999999907e+00 1.605299999999998395e-01 4.457883199999999846e+01
1.268800000000000000e+04 -1.600745000000000084e+00 2.690699999999999203e-01 4.870756899999999945e+01
1.345300000000000000e+04 -1.432078999999999880e+00 4.134400000000002517e-01 5.283178000000000196e+01
1.412000000000000000e+04 -1.290572000000000052e+00 5.520700000000000607e-01 5.628426999999999936e+01
1.459000000000000000e+04 -1.139420000000000099e+00 6.671500000000003539e-01 5.904189000000000220e+01
1.495500000000000000e+04 -7.239469999999998961e-01 7.729099999999999859e-01 6.178766000000000247e+01
1.518600000000000000e+04 -5.158899999999999597e-01 8.213000000000003631e-01 6.317080999999999591e+01
1.370000000000000000e+02 1.558489999999999931e+00 -3.636220000000000008e-01 1.500000000000000000e+00
3.970000000000000000e+02 1.725274999999999892e+00 -4.053988600000000275e-01 2.860262749999999965e+00
1.218000000000000000e+03 1.820241500000000068e+00 -4.387588000000000044e-01 5.601086500000000079e+00
2.088000000000000000e+03 1.846525299999999925e+00 -4.613410000000000011e-01 8.322559899999999899e+00
3.242000000000000000e+03 1.776324209999999848e+00 -4.667660000000000142e-01 1.174622079999999968e+01
4.428000000000000000e+03 1.812120999999999871e+00 -4.606319999999999859e-01 1.584925080000000008e+01
5.729000000000000000e+03 1.738504999999999967e+00 -4.377000000000000335e-01 1.994128200000000106e+01
6.960000000000000000e+03 1.661140999999999979e+00 -4.236969999999999903e-01 2.404375800000000041e+01
8.118000000000000000e+03 1.571059999999999901e+00 -4.017149999999999888e-01 2.813724400000000259e+01
9.204000000000000000e+03 1.479404000000000163e+00 -3.561459999999999626e-01 3.224323199999999900e+01
1.023900000000000000e+04 1.393212300000000070e+00 -2.937900000000001066e-01 3.635246000000000066e+01
1.118100000000000000e+04 1.313147000000000064e+00 -1.987300000000000733e-01 4.045600899999999456e+01
1.205600000000000000e+04 1.234248999999999929e+00 -7.602000000000019853e-02 4.457439399999999807e+01
1.287800000000000000e+04 1.158023000000000025e+00 8.098000000000005194e-02 4.869915600000000211e+01
1.364000000000000000e+04 1.083165999999999851e+00 2.687100000000000044e-01 5.281959000000000515e+01
1.425500000000000000e+04 1.021384999999999987e+00 4.409600000000000186e-01 5.626932000000000045e+01
1.468800000000000000e+04 9.466529999999999667e-01 5.829800000000000537e-01 5.902595000000000169e+01
1.503200000000000000e+04 6.953780000000000516e-01 7.190400000000001235e-01 6.177591999999999928e+01
1.522200000000000000e+04 5.696099999999999497e-01 7.819000000000002615e-01 6.316136999999999802e+01
