1.000000000000000000e+00 -1.558489999999999931e+00 3.605740000000000056e-01 1.500000000000000000e+00
2.870000000000000000e+02 -1.725313880000000077e+00 3.958593400000000040e-01 2.860079008000000034e+00
1.010000000000000000e+03 -2.056375829999999905e+00 4.599114000000000257e-01 5.600653589999999404e+00
1.886000000000000000e+03 -2.356370599999999982e+00 5.094711000000000656e-01 8.321841600000000838e+00
3.042000000000000000e+03 -2.649088000000000331e+00 5.684270000000000156e-01 1.174483120000000014e+01
4.109000000000000000e+03 -2.703492000000000228e+00 4.719789999999999819e-01 1.584825499999999998e+01
5.423000000000000000e+03 -2.578342000000000134e+00 3.546599999999999753e-01 1.994227099999999808e+01
6.667000000000000000e+03 -2.434838999999999753e+00 2.474252700000000027e-01 2.404720100000000116e+01
7.843000000000000000e+03 -2.264060000000000183e+00 1.403140000000000220e-01 2.814374600000000015e+01
8.940000000000000000e+03 -2.072990000000000332e+00 5.859899999999995668e-02 3.225311800000000062e+01
9.994000000000000000e+03 -1.880860000000000198e+00 8.130000000000636717e-04 3.636501900000000376e+01
1.095700000000000000e+04 -1.680879999999999930e+00 -1.908599999999993635e-02 4.047100399999999354e+01
1.184300000000000000e+04 -1.474089999999999900e+00 -5.470000000000085905e-03 4.459061699999999462e+01
1.268800000000000000e+04 -1.261989999999999945e+00 5.257000000000000561e-02 4.871453999999999951e+01
1.345300000000000000e+04 -1.046910000000000007e+00 1.385400000000001075e-01 5.283282000000000522e+01
1.412000000000000000e+04 -8.662400000000000100e-01 2.231700000000000905e-01 5.627962999999999738e+01
1.459000000000000000e+04 -6.837100000000000399e-01 2.932500000000000107e-01 5.903195999999999799e+01
1.495500000000000000e+04 -2.369970000000000132e-01 3.557099999999997486e-01 6.176950000000000074e+01
1.518600000000000000e+04 -1.324000000000002952e-02 3.826000000000000512e-01 6.314849999999999852e+01
1.370000000000000000e+02 1.558489999999999931e+00 -3.636220000000000008e-01 1.500000000000000000e+00
3.970000000000000000e+02 1.725269399999999953e+00 -4.054062500000000235e-01 2.859938242999999769e+00
1.218000000000000000e+03 1.818858789999999948e+00 -4.385681000000000163e-01 5.599768069999999653e+00
2.088000000000000000e+03 1.846755099999999983e+00 -4.617649999999999810e-01 8.319525029999999433e+00
3.242000000000000000e+03 1.786510999999999960e+00 -4.700320000000000054e-01 1.173906676000000004e+01
4.428000000000000000e+03 1.851535999999999849e+00 -4.701919999999999988e-01 1.583831780000000045e+01
5.729000000000000000e+03 1.803360999999999992e+00 -4.545500000000000096e-01 1.992829959999999900e+01
6.960000000000000000e+03 1.757010000000000183e+00 -4.505869999999999598e-01 2.402913797000000073e+01
8.118000000000000000e+03 1.701160000000000005e+00 -4.413750000000000173e-01 2.812132330000000024e+01
9.204000000000000000e+03 1.646410000000000151e+00 -4.137459999999999471e-01 3.222608479999999531e+01
1.023900000000000000e+04 1.600750000000000117e+00 -3.747800000000001130e-01 3.633397300000000030e+01
1.118100000000000000e+04 1.562730000000000175e+00 -3.111099999999999977e-01 4.043596799999999547e+01
1.205600000000000000e+04 1.528149999999999897e+00 -2.279200000000001225e-01 4.455247800000000069e+01
1.287800000000000000e+04 1.497399999999999842e+00 -1.200200000000000156e-01 4.867479300000000109e+01
1.364000000000000000e+04 1.468729999999999869e+00 1.000999999999985235e-02 5.279222000000000037e+01
1.425500000000000000e+04 1.445896000000000070e+00 1.283600000000002517e-01 5.623894999999999555e+01
1.468800000000000000e+04 1.402343000000000117e+00 2.244799999999997908e-01 5.899314000000000391e+01
1.503200000000000000e+04 1.182268000000000097e+00 3.127400000000002400e-01 6.174231000000000336e+01
1.522200000000000000e+04 1.072259999999999991e+00 3.517000000000001236e-01 6.312730999999999426e+01
