1.000000000000000000e+00 -1.558489999999999931e+00 3.605740000000000056e-01 1.500000000000000000e+00
2.870000000000000000e+02 -1.724910100000000002e+00 3.957840200000000142e-01 2.859936294999999795e+00
1.010000000000000000e+03 -2.056317189999999684e+00 4.600449999999999817e-01 5.599672039999999740e+00
1.886000000000000000e+03 -2.360286970000000206e+00 5.110225999999999935e-01 8.319204750000000814e+00
3.042000000000000000e+03 -2.658148700000000364e+00 5.745020000000000682e-01 1.173935988000000030e+01
4.109000000000000000e+03 -2.721918000000000060e+00 4.854669999999999819e-01 1.584070524999999918e+01
5.423000000000000000e+03 -2.608333000000000013e+00 3.767599999999999838e-01 1.993365280000000084e+01
6.667000000000000000e+03 -2.478318999999999939e+00 2.810552700000000237e-01 2.403807680000000246e+01
7.843000000000000000e+03 -2.322459999999999969e+00 1.887040000000000106e-01 2.813480200000000053e+01
8.940000000000000000e+03 -2.147416000000000214e+00 1.276490000000000125e-01 3.224506699999999881e+01
9.994000000000000000e+03 -1.972220000000000084e+00 9.551300000000007007e-02 3.635849300000000284e+01
1.095700000000000000e+04 -1.789740000000000109e+00 1.089640000000000608e-01 4.046687799999999413e+01
1.184300000000000000e+04 -1.600949999999999873e+00 1.627299999999998192e-01 4.458968300000000085e+01
1.268800000000000000e+04 -1.407050000000000134e+00 2.688699999999999424e-01 4.871761999999999659e+01
1.345300000000000000e+04 -1.210269999999999957e+00 4.094400000000002482e-01 5.284071000000000140e+01
1.412000000000000000e+04 -1.044929999999999914e+00 5.436700000000000976e-01 5.629205999999999932e+01
1.459000000000000000e+04 -8.746800000000001241e-01 6.545500000000004093e-01 5.904840000000000089e+01
1.495500000000000000e+04 -4.401369999999999449e-01 7.559100000000000819e-01 6.179099000000000075e+01
1.518600000000000000e+04 -2.224899999999999656e-01 8.022000000000000242e-01 6.317255000000000109e+01
1.370000000000000000e+02 1.558489999999999931e+00 -3.636220000000000008e-01 1.500000000000000000e+00
3.970000000000000000e+02 1.725258109999999956e+00 -4.053320000000000256e-01 2.860094750000000019e+00
1.218000000000000000e+03 1.819431500000000090e+00 -4.382728999999999653e-01 5.600395229999999280e+00
2.088000000000000000e+03 1.846470899999999915e+00 -4.605360000000000009e-01 8.320964690000000274e+00
3.242000000000000000e+03 1.781539699999999948e+00 -4.658149999999999791e-01 1.174246139999999983e+01
4.428000000000000000e+03 1.833081699999999925e+00 -4.606609999999999872e-01 1.584351979999999926e+01
5.729000000000000000e+03 1.773120999999999947e+00 -4.373900000000000565e-01 1.993447979999999831e+01
6.960000000000000000e+03 1.712914999999999965e+00 -4.231969999999999898e-01 2.403613280000000074e+01
8.118000000000000000e+03 1.641870999999999858e+00 -4.006750000000000034e-01 2.812904220000000066e+01
9.204000000000000000e+03 1.571220000000000061e+00 -3.541659999999999808e-01 3.223463900000000137e+01
1.023900000000000000e+04 1.508330000000000171e+00 -2.910000000000000364e-01 3.634362099999999884e+01
1.118100000000000000e+04 1.453030000000000044e+00 -1.958299999999999486e-01 4.044707699999999306e+01
1.205600000000000000e+04 1.400529999999999831e+00 -7.402000000000019675e-02 4.456550499999999460e+01
1.287800000000000000e+04 1.351729999999999876e+00 8.078000000000007397e-02 4.869039899999999932e+01
1.364000000000000000e+04 1.304990000000000094e+00 2.648099999999997678e-01 5.281103000000000236e+01
1.425500000000000000e+04 1.267025999999999986e+00 4.328600000000002446e-01 5.626093999999999795e+01
1.468800000000000000e+04 1.211383000000000099e+00 5.707800000000000651e-01 5.901787000000000205e+01
1.503200000000000000e+04 9.791680000000000383e-01 7.024400000000001754e-01 6.176933000000000362e+01
1.522200000000000000e+04 8.630100000000000549e-01 7.630000000000003446e-01 6.315552999999999884e+01
