1.000000000000000000e+00 -1.558489999999999931e+00 3.605740000000000056e-01 1.500000000000000000e+00
2.870000000000000000e+02 -1.724911489999999992e+00 3.957820600000000466e-01 2.859936655999999910e+00
1.010000000000000000e+03 -2.056319849999999949e+00 4.600312999999999763e-01 5.599674489999999949e+00
1.886000000000000000e+03 -2.360284640000000156e+00 5.109837999999999880e-01 8.319211400000000367e+00
3.042000000000000000e+03 -2.658159700000000125e+00 5.743110000000000159e-01 1.173937075000000085e+01
4.109000000000000000e+03 -2.721950000000000092e+00 4.850669999999999704e-01 1.584071471999999936e+01
5.423000000000000000e+03 -2.608395999999999937e+00 3.760499999999999954e-01 1.993365299999999962e+01
6.667000000000000000e+03 -2.478425999999999796e+00 2.799152699999999938e-01 2.403806100000000257e+01
7.843000000000000000e+03 -2.322630000000000194e+00 1.870139999999999858e-01 2.813475900000000252e+01
8.940000000000000000e+03 -2.147681000000000395e+00 1.251590000000000202e-01 3.224497900000000072e+01
9.994000000000000000e+03 -1.972600000000000131e+00 9.200300000000005696e-02 3.635834299999999786e+01
1.095700000000000000e+04 -1.790270000000000028e+00 1.040639999999999343e-01 4.046663899999999359e+01
1.184300000000000000e+04 -1.601650000000000018e+00 1.562299999999998690e-01 4.458932899999999933e+01
1.268800000000000000e+04 -1.407939999999999969e+00 2.602700000000000014e-01 4.871712000000000131e+01
1.345300000000000000e+04 -1.211359999999999992e+00 3.984400000000001274e-01 5.284003000000000583e+01
1.412000000000000000e+04 -1.046200000000000019e+00 5.305699999999999861e-01 5.629120999999999952e+01
1.459000000000000000e+04 -8.760800000000000809e-01 6.397500000000002629e-01 5.904740999999999929e+01
1.495500000000000000e+04 -4.416769999999999863e-01 7.393099999999996896e-01 6.178988000000000369e+01
1.518600000000000000e+04 -2.240999999999999659e-01 7.846999999999999531e-01 6.317136999999999603e+01
1.370000000000000000e+02 1.558489999999999931e+00 -3.636220000000000008e-01 1.500000000000000000e+00
3.970000000000000000e+02 1.725257599999999947e+00 -4.053360999999999770e-01 2.860094203999999696e+00
1.218000000000000000e+03 1.819427000000000127e+00 -4.382946999999999815e-01 5.600393149999999487e+00
2.088000000000000000e+03 1.846462400000000059e+00 -4.605949999999999767e-01 8.320959860000000319e+00
3.242000000000000000e+03 1.781525299999999978e+00 -4.659760000000000013e-01 1.174244930000000053e+01
4.428000000000000000e+03 1.833065100000000003e+00 -4.609809999999999741e-01 1.584350159999999974e+01
5.729000000000000000e+03 1.773085000000000022e+00 -4.379900000000000460e-01 1.993445649999999958e+01
6.960000000000000000e+03 1.712829000000000157e+00 -4.241769999999999707e-01 2.403610160000000207e+01
8.118000000000000000e+03 1.641726000000000019e+00 -4.021649999999999947e-01 2.812899750000000054e+01
9.204000000000000000e+03 1.570981000000000183e+00 -3.564060000000000006e-01 3.223456999999999795e+01
1.023900000000000000e+04 1.507980000000000098e+00 -2.942300000000001026e-01 3.634350899999999740e+01
1.118100000000000000e+04 1.452520000000000033e+00 -2.003300000000001191e-01 4.044690099999999688e+01
1.205600000000000000e+04 1.399849999999999817e+00 -8.012000000000019106e-02 4.456523899999999827e+01
1.287800000000000000e+04 1.350859999999999950e+00 7.268000000000007788e-02 4.869000799999999884e+01
1.364000000000000000e+04 1.303909999999999902e+00 2.544100000000000250e-01 5.281048000000000542e+01
1.425500000000000000e+04 1.265776000000000012e+00 4.202600000000003000e-01 5.626022999999999996e+01
1.468800000000000000e+04 1.209983000000000031e+00 5.564800000000000857e-01 5.901702000000000226e+01
1.503200000000000000e+04 9.776180000000000980e-01 6.861399999999999721e-01 6.176832000000000278e+01
1.522200000000000000e+04 8.613999999999999435e-01 7.458000000000000185e-01 6.315442999999999785e+01
