1.000000000000000000e+00 -1.558489999999999931e+00 3.605740000000000056e-01 1.500000000000000000e+00
2.870000000000000000e+02 -1.724633630000000029e+00 3.956197200000000080e-01 2.859806889999999768e+00
1.010000000000000000e+03 -2.056659666999999914e+00 4.595211000000000157e-01 5.598796099999999498e+00
1.886000000000000000e+03 -2.364566900000000249e+00 5.105856000000000838e-01 8.316843000000000430e+00
3.042000000000000000e+03 -2.669087800000000232e+00 5.697570000000000690e-01 1.173415660000000038e+01
4.109000000000000000e+03 -2.744729899999999834e+00 4.769569999999999643e-01 1.583313609999999905e+01
5.423000000000000000e+03 -2.646087000000000078e+00 3.604699999999999571e-01 1.992436659999999904e+01
6.667000000000000000e+03 -2.534092999999999929e+00 2.541752700000000087e-01 2.402728470000000272e+01
7.843000000000000000e+03 -2.399051000000000045e+00 1.482139999999999846e-01 2.812262760000000128e+01
8.940000000000000000e+03 -2.247962000000000238e+00 6.790899999999999714e-02 3.223138900000000007e+01
9.994000000000000000e+03 -2.099355100000000363e+00 1.190299999999999692e-02 3.634320900000000165e+01
1.095700000000000000e+04 -1.945852700000000102e+00 -4.875999999999991452e-03 4.044973299999999483e+01
1.184300000000000000e+04 -1.788129000000000079e+00 1.312999999999986400e-02 4.457047299999999979e+01
1.268800000000000000e+04 -1.626929000000000070e+00 7.716999999999996085e-02 4.869605099999999709e+01
1.345300000000000000e+04 -1.463843000000000005e+00 1.706399999999999029e-01 5.281647000000000247e+01
1.412000000000000000e+04 -1.327129000000000003e+00 2.625700000000001921e-01 5.626534999999999798e+01
1.459000000000000000e+04 -1.179820000000000091e+00 3.387500000000001066e-01 5.901991999999999905e+01
1.495500000000000000e+04 -7.682240000000000180e-01 4.069099999999998829e-01 6.176308999999999827e+01
1.518600000000000000e+04 -5.621570000000000178e-01 4.367000000000000881e-01 6.314491999999999905e+01
1.370000000000000000e+02 1.558489999999999931e+00 -3.636220000000000008e-01 1.500000000000000000e+00
3.970000000000000000e+02 1.725262969999999951e+00 -4.054949800000000049e-01 2.860253589999999679e+00
1.218000000000000000e+03 1.820147399999999971e+00 -4.392735999999999863e-01 5.601052999999999393e+00
2.088000000000000000e+03 1.846319299999999997e+00 -4.627359999999999807e-01 8.322482799999999514e+00
3.242000000000000000e+03 1.775863149999999946e+00 -4.705229999999999690e-01 1.174602800000000080e+01
4.428000000000000000e+03 1.811253000000000002e+00 -4.680360000000000076e-01 1.584897349999999960e+01
5.729000000000000000e+03 1.736858000000000013e+00 -4.515100000000000224e-01 1.994092600000000104e+01
6.960000000000000000e+03 1.657869000000000037e+00 -4.462169999999999748e-01 2.404325700000000055e+01
8.118000000000000000e+03 1.565882999999999914e+00 -4.359850000000000114e-01 2.813646800000000070e+01
9.204000000000000000e+03 1.471431000000000155e+00 -4.074459999999999749e-01 3.224191700000000083e+01
1.023900000000000000e+04 1.381890000000000063e+00 -3.673000000000000709e-01 3.635023199999999832e+01
1.118100000000000000e+04 1.297544500000000101e+00 -3.010200000000000653e-01 4.045237999999999801e+01
1.205600000000000000e+04 1.213854999999999906e+00 -2.139200000000001101e-01 4.456879099999999738e+01
1.287800000000000000e+04 1.132268000000000052e+00 -1.002199999999999758e-01 4.869082600000000127e+01
1.364000000000000000e+04 1.051685999999999899e+00 3.730999999999995431e-02 5.280783000000000271e+01
1.425500000000000000e+04 9.849570000000000825e-01 1.631599999999999717e-01 5.625414999999999566e+01
1.468800000000000000e+04 9.062519999999999465e-01 2.656799999999996942e-01 5.900768000000000058e+01
1.503200000000000000e+04 6.510620000000000296e-01 3.609400000000002606e-01 6.175399000000000171e+01
1.522200000000000000e+04 5.233430000000000026e-01 4.033999999999999808e-01 6.313756000000000057e+01
