1.000000000000000000e+00 0.000000000000000000e+00 0.000000000000000000e+00 0.000000000000000000e+00 0.000000000000000000e+00
2.870000000000000000e+02 1.385299999999999900e-04 5.250899999999999752e-04 -6.334999999999999486e-05 5.467399999999999864e-04
1.010000000000000000e+03 3.201999999999999768e-04 3.433499999999999920e-03 -3.255500000000000256e-04 3.463799999999999952e-03
1.886000000000000000e+03 1.653199999999999960e-04 9.442400000000000099e-03 -7.887099999999999753e-04 9.476699999999999360e-03
3.042000000000000000e+03 5.100399999999999726e-03 4.888100000000000084e-02 -6.294500000000000399e-04 4.914999999999999925e-02
4.109000000000000000e+03 1.341099999999999931e-02 9.948500000000000398e-02 7.145199999999999555e-04 1.003899999999999931e-01
5.423000000000000000e+03 2.446500000000000064e-02 1.732499999999999873e-01 3.652900000000000157e-03 1.750099999999999989e-01
6.667000000000000000e+03 3.951500000000000151e-02 2.717700000000000116e-01 8.061099999999999863e-03 2.747499999999999942e-01
7.843000000000000000e+03 5.938199999999999729e-02 3.967200000000000171e-01 1.475899999999999955e-02 4.014099999999999890e-01
8.940000000000000000e+03 8.649300000000000044e-02 5.721699999999999564e-01 2.497999999999999873e-02 5.792100000000000026e-01
9.994000000000000000e+03 1.194100000000000023e-01 7.892000000000000126e-01 3.834499999999999714e-02 7.991099999999999870e-01
1.095700000000000000e+04 1.581200000000000105e-01 1.067399999999999904e+00 5.664199999999999791e-02 1.080500000000000016e+00
1.184300000000000000e+04 2.016799999999999982e-01 1.399499999999999966e+00 7.933500000000000274e-02 1.416199999999999903e+00
1.268800000000000000e+04 2.491099999999999981e-01 1.793700000000000072e+00 1.071300000000000030e-01 1.814100000000000046e+00
1.345300000000000000e+04 2.989200000000000190e-01 2.239399999999999835e+00 1.400399999999999978e-01 2.263599999999999834e+00
1.412000000000000000e+04 3.414699999999999958e-01 2.643100000000000005e+00 1.712299999999999933e-01 2.670500000000000096e+00
1.459000000000000000e+04 3.755200000000000204e-01 2.977599999999999802e+00 1.974299999999999944e-01 3.007600000000000051e+00
1.495500000000000000e+04 4.097500000000000031e-01 3.304800000000000182e+00 2.199000000000000121e-01 3.337299999999999933e+00
1.518600000000000000e+04 4.272299999999999986e-01 3.468100000000000183e+00 2.313900000000000123e-01 3.501900000000000013e+00
1.370000000000000000e+02 0.000000000000000000e+00 0.000000000000000000e+00 0.000000000000000000e+00 0.000000000000000000e+00
3.970000000000000000e+02 2.076000000000000046e-04 1.000900000000000097e-03 9.421300000000000074e-05 1.026599999999999908e-03
1.218000000000000000e+03 1.466999999999999988e-03 5.328600000000000177e-03 3.931800000000000269e-04 5.540800000000000239e-03
2.088000000000000000e+03 3.082600000000000010e-03 1.457800000000000068e-02 9.599300000000000064e-04 1.493099999999999983e-02
3.242000000000000000e+03 6.015500000000000014e-03 3.989399999999999891e-02 2.449499999999999855e-03 4.041899999999999660e-02
4.428000000000000000e+03 9.495299999999999921e-03 7.930299999999999849e-02 3.501900000000000065e-03 7.994700000000000417e-02
5.729000000000000000e+03 1.784499999999999975e-02 1.455899999999999972e-01 4.456899999999999751e-03 1.467499999999999916e-01
6.960000000000000000e+03 3.420000000000000123e-02 2.331000000000000016e-01 6.102100000000000059e-03 2.356699999999999906e-01
8.118000000000000000e+03 5.371800000000000186e-02 3.506500000000000172e-01 8.998300000000000742e-03 3.548499999999999988e-01
9.204000000000000000e+03 8.154500000000000637e-02 5.174800000000000511e-01 1.457100000000000062e-02 5.240700000000000358e-01
1.023900000000000000e+04 1.133099999999999941e-01 7.301100000000000367e-01 2.351100000000000065e-02 7.392199999999999882e-01
1.118100000000000000e+04 1.536099999999999965e-01 1.000899999999999901e+00 3.690500000000000030e-02 1.013300000000000090e+00
1.205600000000000000e+04 1.976600000000000024e-01 1.327499999999999902e+00 5.524300000000000044e-02 1.343199999999999950e+00
1.287800000000000000e+04 2.461800000000000099e-01 1.717899999999999983e+00 8.001500000000000279e-02 1.737300000000000066e+00
1.364000000000000000e+04 2.970900000000000207e-01 2.162500000000000089e+00 1.104900000000000049e-01 2.185599999999999987e+00
1.425500000000000000e+04 3.407000000000000028e-01 2.567499999999999893e+00 1.402500000000000135e-01 2.593799999999999883e+00
1.468800000000000000e+04 3.756300000000000194e-01 2.907799999999999940e+00 1.670399999999999940e-01 2.936700000000000088e+00
1.503200000000000000e+04 4.100500000000000256e-01 3.255599999999999827e+00 1.983399999999999885e-01 3.287300000000000111e+00
1.522200000000000000e+04 4.272299999999999986e-01 3.429199999999999804e+00 2.144600000000000117e-01 3.462299999999999933e+00
