0.000000000000000000e+00 0.000000000000000000e+00 0.000000000000000000e+00 0.000000000000000000e+00 0.000000000000000000e+00 0.000000000000000000e+00 0.000000000000000000e+00 0.000000000000000000e+00 0.000000000000000000e+00 0.000000000000000000e+00
4.101199999999999833e-04 5.166800000000000472e-04 6.036600000000000039e-04 3.623200000000000140e-04 5.251200000000000138e-04 6.023099999999999982e-04 3.626200000000000213e-04 5.250899999999999752e-04 6.023099999999999982e-04 3.626500000000000058e-04
3.241299999999999910e-03 3.374900000000000122e-03 3.323500000000000065e-03 2.920499999999999919e-03 3.433700000000000033e-03 3.313200000000000086e-03 2.922500000000000184e-03 3.433499999999999920e-03 3.313299999999999926e-03 2.922699999999999864e-03
9.930500000000000091e-03 9.275600000000000164e-03 7.959100000000000202e-03 9.036300000000000582e-03 9.443000000000000005e-03 7.928400000000000378e-03 9.041799999999999143e-03 9.442400000000000099e-03 7.928499999999999784e-03 9.042299999999999643e-03
4.880400000000000016e-02 4.805999999999999855e-02 4.314199999999999979e-02 4.428800000000000098e-02 4.888399999999999690e-02 4.299000000000000044e-02 4.431600000000000122e-02 4.888100000000000084e-02 4.299100000000000144e-02 4.431800000000000322e-02
1.006900000000000017e-01 9.775999999999999968e-02 8.670200000000000129e-02 9.129400000000000015e-02 9.949099999999999611e-02 8.638400000000000245e-02 9.135200000000000264e-02 9.948500000000000398e-02 8.638600000000000445e-02 9.135600000000000664e-02
1.742200000000000137e-01 1.701799999999999979e-01 1.524000000000000077e-01 1.575300000000000034e-01 1.732599999999999973e-01 1.518400000000000027e-01 1.576299999999999923e-01 1.732499999999999873e-01 1.518400000000000027e-01 1.576400000000000023e-01
2.723700000000000010e-01 2.668800000000000061e-01 2.401399999999999924e-01 2.457900000000000085e-01 2.717899999999999761e-01 2.392400000000000082e-01 2.459600000000000120e-01 2.717700000000000116e-01 2.392499999999999905e-01 2.459699999999999942e-01
3.969400000000000150e-01 3.894599999999999729e-01 3.512799999999999812e-01 3.575699999999999990e-01 3.967399999999999816e-01 3.499599999999999933e-01 3.578200000000000269e-01 3.967200000000000171e-01 3.499700000000000033e-01 3.578399999999999914e-01
5.722399999999999709e-01 5.614599999999999591e-01 5.074699999999999767e-01 5.144100000000000339e-01 5.722000000000000419e-01 5.055300000000000349e-01 5.147699999999999498e-01 5.721699999999999564e-01 5.055399999999999894e-01 5.148000000000000353e-01
7.894700000000000051e-01 7.741200000000000303e-01 7.006299999999999750e-01 7.083800000000000097e-01 7.892500000000000071e-01 6.978999999999999648e-01 7.088799999999999546e-01 7.892000000000000126e-01 6.979100000000000303e-01 7.089299999999999491e-01
1.068999999999999950e+00 1.046499999999999986e+00 9.478400000000000158e-01 9.574399999999999578e-01 1.067399999999999904e+00 9.440600000000000103e-01 9.581300000000000372e-01 1.067399999999999904e+00 9.440800000000000303e-01 9.582000000000000517e-01
1.403699999999999948e+00 1.371499999999999941e+00 1.242699999999999916e+00 1.254999999999999893e+00 1.399599999999999955e+00 1.237600000000000033e+00 1.256000000000000005e+00 1.399499999999999966e+00 1.237600000000000033e+00 1.256099999999999994e+00
1.802300000000000013e+00 1.756999999999999895e+00 1.592300000000000049e+00 1.608800000000000008e+00 1.793800000000000061e+00 1.585700000000000109e+00 1.610000000000000098e+00 1.793700000000000072e+00 1.585700000000000109e+00 1.610200000000000076e+00
2.254100000000000215e+00 2.192699999999999871e+00 1.987400000000000055e+00 2.009199999999999875e+00 2.239500000000000046e+00 1.979000000000000092e+00 2.010699999999999932e+00 2.239399999999999835e+00 1.979000000000000092e+00 2.010899999999999910e+00
2.664299999999999891e+00 2.587200000000000166e+00 2.345299999999999940e+00 2.372300000000000075e+00 2.643200000000000216e+00 2.335199999999999942e+00 2.374099999999999877e+00 2.643100000000000005e+00 2.335300000000000153e+00 2.374400000000000066e+00
3.004700000000000149e+00 2.914000000000000146e+00 2.642100000000000115e+00 2.673500000000000210e+00 2.977700000000000014e+00 2.630599999999999827e+00 2.675499999999999989e+00 2.977599999999999802e+00 2.630599999999999827e+00 2.675800000000000178e+00
3.338000000000000078e+00 3.233699999999999797e+00 2.933399999999999785e+00 2.968799999999999883e+00 3.304899999999999949e+00 2.920599999999999863e+00 2.971099999999999852e+00 3.304800000000000182e+00 2.920599999999999863e+00 2.971400000000000041e+00
3.504300000000000193e+00 3.393299999999999983e+00 3.078899999999999970e+00 3.116299999999999848e+00 3.468199999999999950e+00 3.065399999999999903e+00 3.118700000000000028e+00 3.468100000000000183e+00 3.065399999999999903e+00 3.119099999999999984e+00
0.000000000000000000e+00 0.000000000000000000e+00 0.000000000000000000e+00 0.000000000000000000e+00 0.000000000000000000e+00 0.000000000000000000e+00 0.000000000000000000e+00 0.000000000000000000e+00 0.000000000000000000e+00 0.000000000000000000e+00
9.381399999999999592e-04 9.833299999999999246e-04 9.338499999999999579e-04 8.412400000000000433e-04 1.000999999999999937e-03 9.306800000000000272e-04 8.418399999999999495e-04 1.000900000000000097e-03 9.307000000000000169e-04 8.418800000000000372e-04
4.864199999999999947e-03 5.234700000000000117e-03 5.071299999999999940e-03 4.345199999999999584e-03 5.328900000000000130e-03 5.054499999999999965e-03 4.348399999999999661e-03 5.328600000000000177e-03 5.054600000000000239e-03 4.348699999999999614e-03
1.383099999999999954e-02 1.432199999999999966e-02 1.345200000000000042e-02 1.242500000000000028e-02 1.457899999999999995e-02 1.340599999999999951e-02 1.243400000000000061e-02 1.457800000000000068e-02 1.340599999999999951e-02 1.243499999999999987e-02
3.910199999999999787e-02 3.919999999999999873e-02 3.595899999999999791e-02 3.531499999999999917e-02 3.989600000000000091e-02 3.583299999999999680e-02 3.533800000000000135e-02 3.989399999999999891e-02 3.583399999999999780e-02 3.534000000000000336e-02
7.964799999999999658e-02 7.792699999999999627e-02 7.033300000000000662e-02 7.218299999999999716e-02 7.930800000000000349e-02 7.008300000000000640e-02 7.222900000000000154e-02 7.930299999999999849e-02 7.008399999999999352e-02 7.223300000000000554e-02
1.458699999999999997e-01 1.430200000000000082e-01 1.294800000000000118e-01 1.319500000000000117e-01 1.456000000000000072e-01 1.290100000000000136e-01 1.320399999999999907e-01 1.455899999999999972e-01 1.290100000000000136e-01 1.320399999999999907e-01
2.335599999999999898e-01 2.288900000000000101e-01 2.074100000000000110e-01 2.108500000000000096e-01 2.331100000000000116e-01 2.066500000000000004e-01 2.109900000000000109e-01 2.331000000000000016e-01 2.066600000000000104e-01 2.109999999999999931e-01
3.510800000000000032e-01 3.442299999999999804e-01 3.125600000000000045e-01 3.165200000000000236e-01 3.506699999999999817e-01 3.114000000000000101e-01 3.167400000000000215e-01 3.506500000000000172e-01 3.114000000000000101e-01 3.167599999999999860e-01
5.177100000000000035e-01 5.078500000000000236e-01 4.618099999999999983e-01 4.659800000000000053e-01 5.175100000000000255e-01 4.600799999999999890e-01 4.662999999999999923e-01 5.174800000000000511e-01 4.600799999999999890e-01 4.663300000000000223e-01
7.304899999999999727e-01 7.162500000000000533e-01 6.519500000000000295e-01 6.563600000000000545e-01 7.301499999999999657e-01 6.494499999999999718e-01 6.568199999999999594e-01 7.301100000000000367e-01 6.494600000000000373e-01 6.568699999999999539e-01
1.002399999999999958e+00 9.814899999999999736e-01 8.934299999999999464e-01 8.992499999999999938e-01 1.000899999999999901e+00 8.899399999999999533e-01 8.998899999999999677e-01 1.000899999999999901e+00 8.899599999999999733e-01 8.999599999999999822e-01
1.331499999999999906e+00 1.301199999999999912e+00 1.184199999999999919e+00 1.192399999999999904e+00 1.327499999999999902e+00 1.179499999999999993e+00 1.193300000000000027e+00 1.327499999999999902e+00 1.179499999999999993e+00 1.193400000000000016e+00
1.726099999999999968e+00 1.683200000000000029e+00 1.531199999999999894e+00 1.543400000000000105e+00 1.717999999999999972e+00 1.524999999999999911e+00 1.544499999999999984e+00 1.717899999999999983e+00 1.524999999999999911e+00 1.544699999999999962e+00
2.176600000000000090e+00 2.117900000000000116e+00 1.925699999999999967e+00 1.943200000000000038e+00 2.162599999999999856e+00 1.917699999999999960e+00 1.944700000000000095e+00 2.162500000000000089e+00 1.917699999999999960e+00 1.944900000000000073e+00
2.587899999999999867e+00 2.513799999999999812e+00 2.284800000000000164e+00 2.307700000000000085e+00 2.567600000000000104e+00 2.275100000000000122e+00 2.309400000000000119e+00 2.567499999999999893e+00 2.275199999999999889e+00 2.309600000000000097e+00
2.934000000000000163e+00 2.846299999999999830e+00 2.586300000000000043e+00 2.613900000000000112e+00 2.907900000000000151e+00 2.575200000000000156e+00 2.616000000000000103e+00 2.907799999999999940e+00 2.575299999999999923e+00 2.616200000000000081e+00
3.288100000000000023e+00 3.186100000000000154e+00 2.894099999999999895e+00 2.926899999999999835e+00 3.255700000000000038e+00 2.881499999999999950e+00 2.929199999999999804e+00 3.255599999999999827e+00 2.881600000000000161e+00 2.929499999999999993e+00
3.464900000000000091e+00 3.355599999999999916e+00 3.047699999999999854e+00 3.083099999999999952e+00 3.429300000000000015e+00 3.034400000000000208e+00 3.085500000000000131e+00 3.429199999999999804e+00 3.034499999999999975e+00 3.085799999999999876e+00
