1.000000000000000000e+00 0.000000000000000000e+00 0.000000000000000000e+00 0.000000000000000000e+00 0.000000000000000000e+00
2.870000000000000000e+02 1.385199999999999951e-04 5.250699999999999855e-04 -6.334599999999999964e-05 5.467199999999999968e-04
1.010000000000000000e+03 3.201699999999999924e-04 3.433400000000000080e-03 -3.255299999999999817e-04 3.463599999999999839e-03
1.886000000000000000e+03 1.653500000000000076e-04 9.442000000000000740e-03 -7.886399999999999574e-04 9.476399999999999407e-03
3.042000000000000000e+03 5.100399999999999726e-03 4.887999999999999984e-02 -6.293100000000000039e-04 4.914899999999999824e-02
4.109000000000000000e+03 1.341000000000000004e-02 9.948200000000000098e-02 7.146700000000000405e-04 1.003799999999999970e-01
5.423000000000000000e+03 2.446399999999999963e-02 1.732400000000000051e-01 3.652999999999999997e-03 1.749999999999999889e-01
6.667000000000000000e+03 3.951500000000000151e-02 2.717600000000000016e-01 8.061099999999999863e-03 2.747399999999999842e-01
7.843000000000000000e+03 5.938100000000000322e-02 3.966999999999999971e-01 1.475899999999999955e-02 4.013900000000000245e-01
8.940000000000000000e+03 8.649099999999999844e-02 5.721500000000000474e-01 2.497900000000000120e-02 5.791800000000000281e-01
9.994000000000000000e+03 1.194100000000000023e-01 7.891700000000000381e-01 3.834400000000000308e-02 7.990699999999999470e-01
1.095700000000000000e+04 1.581100000000000005e-01 1.067299999999999915e+00 5.664000000000000284e-02 1.080500000000000016e+00
1.184300000000000000e+04 2.016699999999999882e-01 1.399399999999999977e+00 7.933099999999999874e-02 1.416099999999999914e+00
1.268800000000000000e+04 2.490999999999999881e-01 1.793600000000000083e+00 1.071300000000000030e-01 1.814000000000000057e+00
1.345300000000000000e+04 2.989100000000000090e-01 2.239199999999999857e+00 1.400399999999999978e-01 2.263399999999999856e+00
1.412000000000000000e+04 3.414499999999999758e-01 2.642900000000000027e+00 1.712200000000000111e-01 2.670399999999999885e+00
1.459000000000000000e+04 3.755000000000000004e-01 2.977399999999999824e+00 1.974100000000000021e-01 3.007400000000000073e+00
1.495500000000000000e+04 4.097299999999999831e-01 3.304499999999999993e+00 2.198900000000000021e-01 3.337099999999999955e+00
1.518600000000000000e+04 4.272099999999999786e-01 3.467799999999999994e+00 2.313800000000000023e-01 3.501700000000000035e+00
1.370000000000000000e+02 0.000000000000000000e+00 0.000000000000000000e+00 0.000000000000000000e+00 0.000000000000000000e+00
3.970000000000000000e+02 2.076000000000000046e-04 1.000900000000000097e-03 9.420700000000000113e-05 1.026500000000000069e-03
1.218000000000000000e+03 1.466999999999999988e-03 5.328399999999999630e-03 3.931599999999999830e-04 5.540599999999999692e-03
2.088000000000000000e+03 3.082500000000000170e-03 1.457699999999999968e-02 9.598799999999999780e-04 1.493000000000000056e-02
3.242000000000000000e+03 6.015300000000000334e-03 3.989299999999999791e-02 2.449400000000000015e-03 4.041800000000000254e-02
4.428000000000000000e+03 9.495200000000000515e-03 7.930099999999999649e-02 3.501699999999999952e-03 7.994400000000000117e-02
5.729000000000000000e+03 1.784499999999999975e-02 1.455899999999999972e-01 4.456700000000000071e-03 1.467400000000000093e-01
6.960000000000000000e+03 3.420000000000000123e-02 2.330899999999999916e-01 6.101800000000000106e-03 2.356600000000000084e-01
8.118000000000000000e+03 5.371700000000000086e-02 3.506299999999999972e-01 8.997800000000000242e-03 3.548399999999999888e-01
9.204000000000000000e+03 8.154300000000000437e-02 5.174600000000000311e-01 1.456999999999999962e-02 5.240500000000000158e-01
1.023900000000000000e+04 1.133099999999999941e-01 7.300699999999999967e-01 2.350999999999999965e-02 7.391900000000000137e-01
1.118100000000000000e+04 1.536099999999999965e-01 1.000799999999999912e+00 3.690199999999999730e-02 1.013200000000000101e+00
1.205600000000000000e+04 1.976499999999999924e-01 1.327399999999999913e+00 5.523999999999999744e-02 1.343199999999999950e+00
1.287800000000000000e+04 2.461699999999999999e-01 1.717799999999999994e+00 8.000999999999999779e-02 1.737200000000000077e+00
1.364000000000000000e+04 2.970800000000000107e-01 2.162300000000000111e+00 1.104900000000000049e-01 2.185400000000000009e+00
1.425500000000000000e+04 3.406799999999999828e-01 2.567299999999999915e+00 1.402400000000000035e-01 2.593599999999999905e+00
1.468800000000000000e+04 3.756099999999999994e-01 2.907500000000000195e+00 1.670300000000000118e-01 2.936500000000000110e+00
1.503200000000000000e+04 4.100300000000000056e-01 3.255300000000000082e+00 1.983199999999999963e-01 3.287100000000000133e+00
1.522200000000000000e+04 4.272099999999999786e-01 3.428900000000000059e+00 2.144399999999999917e-01 3.462099999999999955e+00
