1.000000000000000000e+00 0.000000000000000000e+00 0.000000000000000000e+00 0.000000000000000000e+00 0.000000000000000000e+00
2.870000000000000000e+02 -2.639000000000000178e-04 6.023299999999999878e-04 7.901199999999999500e-05 6.623300000000000368e-04
1.010000000000000000e+03 2.641499999999999968e-04 3.313299999999999926e-03 6.536200000000000473e-04 3.387499999999999886e-03
1.886000000000000000e+03 4.079499999999999793e-03 7.928799999999999737e-03 1.841699999999999934e-03 9.104900000000000840e-03
3.042000000000000000e+03 1.417200000000000057e-02 4.299200000000000244e-02 4.831399999999999584e-03 4.552500000000000296e-02
4.109000000000000000e+03 3.186800000000000049e-02 8.638800000000000645e-02 8.255099999999999591e-03 9.244800000000000240e-02
5.423000000000000000e+03 5.451700000000000296e-02 1.518500000000000127e-01 1.227100000000000066e-02 1.617999999999999994e-01
6.667000000000000000e+03 8.310099999999999432e-02 2.392600000000000005e-01 1.720100000000000101e-02 2.538599999999999746e-01
7.843000000000000000e+03 1.179499999999999993e-01 3.499800000000000133e-01 2.374499999999999875e-02 3.700800000000000201e-01
8.940000000000000000e+03 1.611799999999999899e-01 5.055500000000000549e-01 3.311700000000000060e-02 5.316600000000000215e-01
9.994000000000000000e+03 2.111500000000000044e-01 6.979400000000000048e-01 4.501800000000000246e-02 7.305599999999999872e-01
1.095700000000000000e+04 2.675000000000000155e-01 9.441100000000000048e-01 6.100200000000000067e-02 9.831699999999999884e-01
1.184300000000000000e+04 3.292200000000000126e-01 1.237700000000000022e+00 8.061500000000000610e-02 1.283199999999999896e+00
1.268800000000000000e+04 3.950500000000000123e-01 1.585800000000000098e+00 1.045399999999999940e-01 1.637599999999999945e+00
1.345300000000000000e+04 4.633399999999999741e-01 1.979100000000000081e+00 1.328100000000000114e-01 2.036999999999999922e+00
1.412000000000000000e+04 5.213900000000000201e-01 2.335399999999999920e+00 1.596299999999999941e-01 2.398200000000000109e+00
1.459000000000000000e+04 5.678600000000000314e-01 2.630700000000000038e+00 1.819500000000000006e-01 2.697499999999999787e+00
1.495500000000000000e+04 6.143999999999999462e-01 2.920700000000000074e+00 1.994900000000000007e-01 2.991299999999999848e+00
1.518600000000000000e+04 6.380599999999999605e-01 3.065599999999999881e+00 2.084999999999999909e-01 3.138199999999999878e+00
1.370000000000000000e+02 0.000000000000000000e+00 0.000000000000000000e+00 0.000000000000000000e+00 0.000000000000000000e+00
3.970000000000000000e+02 2.193999999999999932e-04 9.307200000000000065e-04 -6.176199999999999583e-05 9.582300000000000192e-04
1.218000000000000000e+03 8.987500000000000263e-04 5.054699999999999645e-03 -2.319500000000000001e-04 5.139300000000000292e-03
2.088000000000000000e+03 3.374999999999999962e-03 1.340700000000000051e-02 -4.750199999999999887e-04 1.383299999999999981e-02
3.242000000000000000e+03 1.099999999999999936e-02 3.583499999999999880e-02 -9.333699999999999896e-04 3.749700000000000255e-02
4.428000000000000000e+03 2.796600000000000127e-02 7.008599999999999552e-02 -1.682399999999999911e-03 7.547800000000000342e-02
5.729000000000000000e+03 4.812099999999999711e-02 1.290199999999999958e-01 -1.700700000000000085e-03 1.377099999999999991e-01
6.960000000000000000e+03 7.838000000000000522e-02 2.066600000000000104e-01 -8.623500000000000089e-04 2.210300000000000042e-01
8.118000000000000000e+03 1.131500000000000006e-01 3.114100000000000201e-01 1.322899999999999901e-03 3.313300000000000134e-01
9.204000000000000000e+03 1.569699999999999984e-01 4.601000000000000090e-01 6.084199999999999678e-03 4.861699999999999910e-01
1.023900000000000000e+04 2.060800000000000132e-01 6.494799999999999462e-01 1.397200000000000004e-02 6.815400000000000347e-01
1.118100000000000000e+04 2.638099999999999890e-01 8.899899999999999478e-01 2.596700000000000050e-02 9.286200000000000010e-01
1.205600000000000000e+04 3.259500000000000175e-01 1.179499999999999993e+00 4.247700000000000087e-02 1.224499999999999922e+00
1.287800000000000000e+04 3.926999999999999935e-01 1.525099999999999900e+00 6.479000000000000037e-02 1.576200000000000045e+00
1.364000000000000000e+04 4.618900000000000228e-01 1.917799999999999949e+00 9.221699999999999342e-02 1.974800000000000111e+00
1.425500000000000000e+04 5.208000000000000407e-01 2.275300000000000100e+00 1.189500000000000002e-01 2.337099999999999955e+00
1.468800000000000000e+04 5.679600000000000204e-01 2.575400000000000134e+00 1.431300000000000072e-01 2.641199999999999992e+00
1.503200000000000000e+04 6.146599999999999842e-01 2.881699999999999928e+00 1.723000000000000087e-01 2.951600000000000001e+00
1.522200000000000000e+04 6.380599999999999605e-01 3.034600000000000186e+00 1.873100000000000043e-01 3.106599999999999806e+00
