1.000000000000000000e+00 0.000000000000000000e+00 0.000000000000000000e+00 0.000000000000000000e+00 0.000000000000000000e+00
2.870000000000000000e+02 -2.642499999999999992e-04 6.020100000000000451e-04 7.911400000000000181e-05 6.621900000000000008e-04
1.010000000000000000e+03 2.637000000000000129e-04 3.311000000000000141e-03 6.543299999999999507e-04 3.385299999999999941e-03
1.886000000000000000e+03 4.081000000000000426e-03 7.921600000000000863e-03 1.843599999999999926e-03 9.099700000000000497e-03
3.042000000000000000e+03 1.417299999999999983e-02 4.295700000000000213e-02 4.834999999999999888e-03 4.549299999999999872e-02
4.109000000000000000e+03 3.186800000000000049e-02 8.631400000000000183e-02 8.259400000000000075e-03 9.237900000000000278e-02
5.423000000000000000e+03 5.451700000000000296e-02 1.517199999999999938e-01 1.227400000000000019e-02 1.616799999999999904e-01
6.667000000000000000e+03 8.309800000000000519e-02 2.390500000000000125e-01 1.720199999999999854e-02 2.536599999999999966e-01
7.843000000000000000e+03 1.179400000000000032e-01 3.496699999999999808e-01 2.374199999999999922e-02 3.697900000000000076e-01
8.940000000000000000e+03 1.611700000000000077e-01 5.050999999999999934e-01 3.310599999999999654e-02 5.312200000000000255e-01
9.994000000000000000e+03 2.111200000000000021e-01 6.973000000000000309e-01 4.499600000000000127e-02 7.299499999999999877e-01
1.095700000000000000e+04 2.674599999999999755e-01 9.432300000000000129e-01 6.096499999999999836e-02 9.823199999999999710e-01
1.184300000000000000e+04 3.291600000000000081e-01 1.236499999999999932e+00 8.055800000000000460e-02 1.282100000000000017e+00
1.268800000000000000e+04 3.949799999999999978e-01 1.584200000000000053e+00 1.044500000000000012e-01 1.636100000000000110e+00
1.345300000000000000e+04 4.632499999999999951e-01 1.977100000000000080e+00 1.327000000000000124e-01 2.035000000000000142e+00
1.412000000000000000e+04 5.212799999999999656e-01 2.333000000000000185e+00 1.594800000000000106e-01 2.395900000000000141e+00
1.459000000000000000e+04 5.677299999999999569e-01 2.628000000000000114e+00 1.817799999999999971e-01 2.694799999999999862e+00
1.495500000000000000e+04 6.142600000000000282e-01 2.917699999999999960e+00 1.993000000000000049e-01 2.988300000000000178e+00
1.518600000000000000e+04 6.379200000000000426e-01 3.062399999999999789e+00 2.082799999999999929e-01 3.135099999999999998e+00
1.370000000000000000e+02 0.000000000000000000e+00 0.000000000000000000e+00 0.000000000000000000e+00 0.000000000000000000e+00
3.970000000000000000e+02 2.193100000000000127e-04 9.299900000000000050e-04 -6.190499999999999768e-05 9.575000000000000178e-04
1.218000000000000000e+03 8.978099999999999709e-04 5.050899999999999661e-03 -2.325000000000000135e-04 5.135299999999999761e-03
2.088000000000000000e+03 3.373699999999999876e-03 1.339599999999999992e-02 -4.763100000000000255e-04 1.382199999999999922e-02
3.242000000000000000e+03 1.099999999999999936e-02 3.580499999999999655e-02 -9.366199999999999873e-04 3.746800000000000130e-02
4.428000000000000000e+03 2.796900000000000081e-02 7.002800000000000691e-02 -1.687399999999999924e-03 7.542600000000000693e-02
5.729000000000000000e+03 4.812500000000000111e-02 1.289099999999999968e-01 -1.707100000000000024e-03 1.376100000000000101e-01
6.960000000000000000e+03 7.838100000000000622e-02 2.064900000000000069e-01 -8.706599999999999886e-04 2.208600000000000008e-01
8.118000000000000000e+03 1.131500000000000006e-01 3.111400000000000277e-01 1.311700000000000062e-03 3.310799999999999854e-01
9.204000000000000000e+03 1.569599999999999884e-01 4.596899999999999875e-01 6.068099999999999883e-03 4.857899999999999996e-01
1.023900000000000000e+04 2.060599999999999932e-01 6.489000000000000323e-01 1.394800000000000033e-02 6.809699999999999642e-01
1.118100000000000000e+04 2.637700000000000045e-01 8.891700000000000159e-01 2.593099999999999919e-02 9.278300000000000436e-01
1.205600000000000000e+04 3.259000000000000230e-01 1.178399999999999892e+00 4.242400000000000337e-02 1.223400000000000043e+00
1.287800000000000000e+04 3.926299999999999790e-01 1.523600000000000065e+00 6.471499999999999475e-02 1.574699999999999989e+00
1.364000000000000000e+04 4.617999999999999883e-01 1.915899999999999936e+00 9.211400000000000143e-02 1.973000000000000087e+00
1.425500000000000000e+04 5.206899999999999862e-01 2.273000000000000131e+00 1.188199999999999951e-01 2.334900000000000198e+00
1.468800000000000000e+04 5.678400000000000114e-01 2.572799999999999976e+00 1.429799999999999960e-01 2.638599999999999834e+00
1.503200000000000000e+04 6.145300000000000207e-01 2.878800000000000026e+00 1.721199999999999952e-01 2.948700000000000099e+00
1.522200000000000000e+04 6.379200000000000426e-01 3.031499999999999861e+00 1.871099999999999985e-01 3.103499999999999925e+00
