1.308000000000000007e+01 1.308000000000000007e+01 1.308000000000000007e+01 1.308000000000000007e+01 1.308000000000000007e+01 1.308000000000000007e+01 1.308000000000000007e+01 1.308000000000000007e+01 1.308000000000000007e+01 1.308000000000000007e+01
1.307099999999999973e+01 1.307300000000000040e+01 1.307300000000000040e+01 1.307199999999999918e+01 1.307300000000000040e+01 1.307300000000000040e+01 1.307199999999999918e+01 1.307300000000000040e+01 1.307300000000000040e+01 1.307300000000000040e+01
1.304599999999999937e+01 1.305400000000000027e+01 1.305300000000000082e+01 1.305000000000000071e+01 1.305300000000000082e+01 1.305300000000000082e+01 1.305000000000000071e+01 1.305300000000000082e+01 1.305300000000000082e+01 1.305199999999999960e+01
1.299699999999999989e+01 1.301299999999999990e+01 1.301500000000000057e+01 1.300500000000000078e+01 1.301099999999999923e+01 1.301500000000000057e+01 1.300500000000000078e+01 1.301099999999999923e+01 1.301500000000000057e+01 1.300999999999999979e+01
1.319800000000000040e+01 1.317500000000000071e+01 1.317300000000000004e+01 1.318699999999999939e+01 1.317699999999999960e+01 1.317200000000000060e+01 1.318699999999999939e+01 1.317699999999999960e+01 1.317200000000000060e+01 1.317999999999999972e+01
1.176099999999999923e+01 1.168099999999999916e+01 1.171899999999999942e+01 1.173300000000000054e+01 1.168599999999999994e+01 1.171799999999999997e+01 1.173300000000000054e+01 1.168599999999999994e+01 1.171799999999999997e+01 1.171400000000000041e+01
1.056700000000000017e+01 1.045599999999999952e+01 1.049699999999999989e+01 1.052500000000000036e+01 1.046299999999999919e+01 1.049499999999999922e+01 1.052500000000000036e+01 1.046299999999999919e+01 1.049499999999999922e+01 1.049699999999999989e+01
9.596000000000000085e+00 9.442999999999999616e+00 9.487000000000000099e+00 9.535999999999999588e+00 9.454000000000000625e+00 9.484999999999999432e+00 9.535999999999999588e+00 9.454000000000000625e+00 9.484999999999999432e+00 9.496000000000000441e+00
8.532000000000000028e+00 8.330999999999999517e+00 8.384000000000000341e+00 8.452999999999999403e+00 8.346000000000000085e+00 8.381999999999999673e+00 8.454000000000000625e+00 8.346000000000000085e+00 8.381999999999999673e+00 8.397999999999999687e+00
7.485000000000000320e+00 7.217999999999999972e+00 7.285999999999999588e+00 7.378000000000000114e+00 7.238000000000000433e+00 7.283000000000000362e+00 7.378999999999999559e+00 7.237000000000000099e+00 7.283000000000000362e+00 7.306000000000000050e+00
6.461999999999999744e+00 6.133000000000000007e+00 6.221000000000000085e+00 6.331000000000000405e+00 6.157000000000000028e+00 6.216000000000000192e+00 6.331999999999999851e+00 6.157000000000000028e+00 6.216000000000000192e+00 6.243000000000000327e+00
5.530000000000000249e+00 5.113000000000000433e+00 5.222000000000000419e+00 5.360999999999999766e+00 5.144999999999999574e+00 5.216999999999999638e+00 5.363000000000000433e+00 5.144999999999999574e+00 5.216999999999999638e+00 5.251000000000000334e+00
4.711999999999999744e+00 4.198000000000000398e+00 4.331000000000000405e+00 4.501000000000000334e+00 4.238999999999999879e+00 4.323000000000000398e+00 4.501999999999999780e+00 4.238999999999999879e+00 4.325000000000000178e+00 4.365000000000000213e+00
4.147000000000000242e+00 3.531000000000000139e+00 3.686999999999999833e+00 3.890000000000000124e+00 3.580999999999999961e+00 3.678999999999999826e+00 3.891999999999999904e+00 3.579000000000000181e+00 3.678999999999999826e+00 3.728000000000000203e+00
3.580000000000000071e+00 2.867999999999999883e+00 3.043000000000000149e+00 3.277000000000000135e+00 2.924999999999999822e+00 3.032000000000000028e+00 3.279999999999999805e+00 2.924999999999999822e+00 3.032000000000000028e+00 3.092999999999999972e+00
3.063000000000000167e+00 2.283999999999999808e+00 2.471999999999999975e+00 2.729000000000000092e+00 2.347999999999999865e+00 2.462000000000000188e+00 2.732000000000000206e+00 2.347999999999999865e+00 2.462000000000000188e+00 2.531000000000000139e+00
2.633999999999999897e+00 1.820000000000000062e+00 2.016999999999999904e+00 2.282999999999999918e+00 1.887999999999999901e+00 2.005999999999999783e+00 2.289000000000000146e+00 1.887999999999999901e+00 2.003000000000000114e+00 2.076999999999999957e+00
2.508000000000000007e+00 1.661999999999999922e+00 1.866999999999999993e+00 2.141000000000000014e+00 1.733999999999999986e+00 1.854999999999999982e+00 2.145000000000000018e+00 1.737999999999999989e+00 1.850999999999999979e+00 1.927999999999999936e+00
2.427000000000000046e+00 1.562000000000000055e+00 1.768000000000000016e+00 2.052000000000000046e+00 1.635999999999999899e+00 1.752000000000000002e+00 2.052000000000000046e+00 1.635999999999999899e+00 1.756999999999999895e+00 1.836000000000000076e+00
