1.000000000000000000e+00 -1.558489999999999931e+00 3.605740000000000056e-01 1.500000000000000000e+00
2.870000000000000000e+02 -1.724917409999999984e+00 3.957736800000000166e-01 2.859938190999999907e+00
1.010000000000000000e+03 -2.056331219999999682e+00 4.599729000000000179e-01 5.599684869999999925e+00
1.886000000000000000e+03 -2.360274949999999983e+00 5.108176000000000938e-01 8.319239620000001167e+00
3.042000000000000000e+03 -2.658208000000000126e+00 5.734930000000000305e-01 1.173941662000000008e+01
4.109000000000000000e+03 -2.722090000000000121e+00 4.833479999999999999e-01 1.584075419000000018e+01
5.423000000000000000e+03 -2.608668999999999905e+00 3.729899999999999882e-01 1.993365259999999850e+01
6.667000000000000000e+03 -2.478889999999999816e+00 2.750452700000000084e-01 2.403799140000000278e+01
7.843000000000000000e+03 -2.323367000000000182e+00 1.797839999999999716e-01 2.813457100000000111e+01
8.940000000000000000e+03 -2.148823000000000150e+00 1.144889999999999519e-01 3.224459799999999632e+01
9.994000000000000000e+03 -1.974260000000000126e+00 7.697300000000006914e-02 3.635769700000000171e+01
1.095700000000000000e+04 -1.792550000000000088e+00 8.326400000000000468e-02 4.046561299999999761e+01
1.184300000000000000e+04 -1.604649999999999910e+00 1.283299999999998331e-01 4.458781599999999656e+01
1.268800000000000000e+04 -1.411760000000000126e+00 2.237699999999998024e-01 4.871499999999999631e+01
1.345300000000000000e+04 -1.216029999999999944e+00 3.520399999999999086e-01 5.283716000000000435e+01
1.412000000000000000e+04 -1.051609999999999934e+00 4.749700000000003364e-01 5.628761999999999688e+01
1.459000000000000000e+04 -8.820700000000001317e-01 5.764500000000003510e-01 5.904321000000000197e+01
1.495500000000000000e+04 -4.482669999999999710e-01 6.686099999999997046e-01 6.178515000000000157e+01
1.518600000000000000e+04 -2.309999999999999831e-01 7.103000000000001535e-01 6.316635999999999740e+01
1.370000000000000000e+02 1.558489999999999931e+00 -3.636220000000000008e-01 1.500000000000000000e+00
3.970000000000000000e+02 1.725255369999999955e+00 -4.053536699999999993e-01 2.860091880999999780e+00
1.218000000000000000e+03 1.819407299999999950e+00 -4.383883000000000085e-01 5.600384299999999982e+00
2.088000000000000000e+03 1.846426000000000123e+00 -4.608499999999999819e-01 8.320939300000000927e+00
3.242000000000000000e+03 1.781462499999999949e+00 -4.666679999999999717e-01 1.174239780000000088e+01
4.428000000000000000e+03 1.832991799999999838e+00 -4.623530000000000140e-01 1.584342419999999940e+01
5.729000000000000000e+03 1.772928999999999977e+00 -4.405499999999999972e-01 1.993435769999999962e+01
6.960000000000000000e+03 1.712457000000000118e+00 -4.283669999999999423e-01 2.403596890000000030e+01
8.118000000000000000e+03 1.641100999999999921e+00 -4.085650000000000115e-01 2.812880730000000185e+01
9.204000000000000000e+03 1.569951000000000096e+00 -3.660059999999999425e-01 3.223427199999999715e+01
1.023900000000000000e+04 1.506450000000000067e+00 -3.080300000000000260e-01 3.634303299999999837e+01
1.118100000000000000e+04 1.450350000000000028e+00 -2.196400000000000574e-01 4.044615199999999788e+01
1.205600000000000000e+04 1.396939999999999849e+00 -1.063200000000001921e-01 4.456410499999999786e+01
1.287800000000000000e+04 1.347129999999999939e+00 3.808000000000011376e-02 4.868834299999999615e+01
1.364000000000000000e+04 1.299290000000000056e+00 2.100100000000000300e-01 5.280815000000000481e+01
1.425500000000000000e+04 1.260386000000000006e+00 3.668599999999999639e-01 5.625722999999999985e+01
1.468800000000000000e+04 1.203983000000000025e+00 4.952799999999997205e-01 5.901342000000000354e+01
1.503200000000000000e+04 9.710180000000000478e-01 6.170400000000002549e-01 6.176400999999999897e+01
1.522200000000000000e+04 8.545000000000000373e-01 6.726000000000000867e-01 6.314976999999999663e+01
