1.000000000000000000e+00 0.000000000000000000e+00 0.000000000000000000e+00 0.000000000000000000e+00 0.000000000000000000e+00
2.870000000000000000e+02 4.173199999999999956e-04 3.645599999999999926e-04 -1.933100000000000042e-04 5.868800000000000188e-04
1.010000000000000000e+03 -1.707999999999999910e-05 2.935399999999999902e-03 -1.205300000000000078e-03 3.173299999999999992e-03
1.886000000000000000e+03 -4.115399999999999961e-03 9.077500000000000499e-03 -3.160599999999999955e-03 1.045600000000000002e-02
3.042000000000000000e+03 -5.809800000000000381e-03 4.449000000000000177e-02 -5.847599999999999673e-03 4.524700000000000250e-02
4.109000000000000000e+03 -9.322300000000000378e-03 9.171700000000000685e-02 -6.864099999999999716e-03 9.244499999999999940e-02
5.423000000000000000e+03 -1.313699999999999937e-02 1.582899999999999863e-01 -5.623399999999999753e-03 1.589299999999999879e-01
6.667000000000000000e+03 -1.600499999999999839e-02 2.469999999999999973e-01 -2.689200000000000097e-03 2.475400000000000100e-01
7.843000000000000000e+03 -1.681500000000000009e-02 3.593700000000000228e-01 2.679500000000000024e-03 3.597799999999999887e-01
8.940000000000000000e+03 -1.345499999999999995e-02 5.170700000000000296e-01 1.148199999999999915e-02 5.173699999999999966e-01
9.994000000000000000e+03 -6.870399999999999598e-03 7.121300000000000407e-01 2.335800000000000029e-02 7.125500000000000167e-01
1.095700000000000000e+04 3.168499999999999876e-03 9.626299999999999857e-01 3.996100000000000346e-02 9.634700000000000486e-01
1.184300000000000000e+04 1.601400000000000046e-02 1.262000000000000011e+00 6.080200000000000188e-02 1.263600000000000056e+00
1.268800000000000000e+04 3.115700000000000067e-02 1.617899999999999894e+00 8.650599999999999956e-02 1.620500000000000052e+00
1.345300000000000000e+04 4.769099999999999728e-02 2.020799999999999930e+00 1.170800000000000035e-01 2.024799999999999933e+00
1.412000000000000000e+04 6.198000000000000037e-02 2.386200000000000099e+00 1.461000000000000076e-01 2.391500000000000181e+00
1.459000000000000000e+04 7.337599999999999678e-02 2.689299999999999802e+00 1.707899999999999974e-01 2.695699999999999985e+00
1.495500000000000000e+04 8.495900000000000674e-02 2.986499999999999932e+00 1.940800000000000025e-01 2.994000000000000217e+00
1.518600000000000000e+04 9.101099999999999468e-02 3.134900000000000020e+00 2.059600000000000042e-01 3.142999999999999794e+00
1.370000000000000000e+02 0.000000000000000000e+00 0.000000000000000000e+00 0.000000000000000000e+00 0.000000000000000000e+00
3.970000000000000000e+02 2.134199999999999997e-04 8.456499999999999824e-04 2.539299999999999760e-04 9.083799999999999731e-04
1.218000000000000000e+03 2.190899999999999966e-03 4.368799999999999940e-03 1.054199999999999929e-03 4.999800000000000424e-03
2.088000000000000000e+03 2.947200000000000080e-03 1.248900000000000010e-02 2.485699999999999976e-03 1.307099999999999929e-02
3.242000000000000000e+03 3.710100000000000138e-04 3.548699999999999771e-02 6.035099999999999840e-03 3.599900000000000322e-02
4.428000000000000000e+03 -1.228199999999999951e-02 7.252599999999999325e-02 8.983700000000000713e-03 7.410500000000000420e-02
5.729000000000000000e+03 -1.831599999999999895e-02 1.325900000000000134e-01 1.093900000000000081e-02 1.343000000000000027e-01
6.960000000000000000e+03 -2.063200000000000103e-02 2.119000000000000050e-01 1.327599999999999961e-02 2.133099999999999996e-01
8.118000000000000000e+03 -2.192300000000000151e-02 3.181200000000000139e-01 1.649700000000000125e-02 3.192999999999999727e-01
9.204000000000000000e+03 -1.769400000000000139e-02 4.683899999999999730e-01 2.196599999999999941e-02 4.692399999999999904e-01
1.023900000000000000e+04 -1.233099999999999995e-02 6.598199999999999621e-01 3.031700000000000020e-02 6.606400000000000050e-01
1.118100000000000000e+04 -7.553199999999999715e-04 9.040899999999999492e-01 4.252000000000000224e-02 9.050899999999999501e-01
1.205600000000000000e+04 1.246799999999999992e-02 1.199000000000000066e+00 5.900899999999999895e-02 1.200499999999999901e+00
1.287800000000000000e+04 2.860800000000000148e-02 1.552000000000000046e+00 8.115300000000000291e-02 1.554400000000000004e+00
1.364000000000000000e+04 4.610800000000000315e-02 1.954299999999999926e+00 1.082899999999999974e-01 1.957899999999999974e+00
1.425500000000000000e+04 6.132599999999999857e-02 2.321099999999999941e+00 1.347500000000000087e-01 2.325800000000000090e+00
1.468800000000000000e+04 7.349700000000000677e-02 2.629300000000000193e+00 1.584099999999999953e-01 2.635099999999999998e+00
1.503200000000000000e+04 8.525199999999999445e-02 2.944199999999999928e+00 1.848700000000000065e-01 2.951299999999999812e+00
1.522200000000000000e+04 9.101099999999999468e-02 3.101399999999999935e+00 1.985099999999999920e-01 3.109100000000000197e+00
