1.000000000000000000e+00 -1.558489999999999931e+00 3.605740000000000056e-01 1.500000000000000000e+00
2.870000000000000000e+02 -1.724639510000000042e+00 3.956081200000000075e-01 2.859808099999999964e+00
1.010000000000000000e+03 -2.056675934999999900e+00 4.594439000000000162e-01 5.598804099999999728e+00
1.886000000000000000e+03 -2.364577099999999987e+00 5.103726000000000651e-01 8.316864800000001168e+00
3.042000000000000000e+03 -2.669204099999999968e+00 5.687090000000000201e-01 1.173418180000000000e+01
4.109000000000000000e+03 -2.745035399999999903e+00 4.747589999999999866e-01 1.583313519999999919e+01
5.423000000000000000e+03 -2.646659000000000095e+00 3.565399999999999681e-01 1.992430069999999986e+01
6.667000000000000000e+03 -2.535032999999999870e+00 2.478952700000000009e-01 2.402711720000000284e+01
7.843000000000000000e+03 -2.400491000000000152e+00 1.388839999999999797e-01 2.812229710000000082e+01
8.940000000000000000e+03 -2.250105000000000022e+00 5.413900000000004820e-02 3.223079899999999753e+01
9.994000000000000000e+03 -2.102371000000000212e+00 -7.506999999999930395e-03 3.634226999999999919e+01
1.095700000000000000e+04 -1.949920400000000109e+00 -3.173599999999998644e-02 4.044829799999999409e+01
1.184300000000000000e+04 -1.793406999999999973e+00 -2.287000000000016797e-02 4.456840899999999550e+01
1.268800000000000000e+04 -1.633553000000000033e+00 3.016999999999980808e-02 4.869319699999999784e+01
1.345300000000000000e+04 -1.471902000000000044e+00 1.107400000000000606e-01 5.281266000000000105e+01
1.412000000000000000e+04 -1.336425999999999892e+00 1.909700000000000841e-01 5.626062999999999903e+01
1.459000000000000000e+04 -1.190111000000000141e+00 2.573500000000001897e-01 5.901443000000000438e+01
1.495500000000000000e+04 -7.795170000000000154e-01 3.159099999999996911e-01 6.175695000000000334e+01
1.518600000000000000e+04 -5.739670000000000050e-01 3.410000000000001918e-01 6.313844999999999885e+01
1.370000000000000000e+02 1.558489999999999931e+00 -3.636220000000000008e-01 1.500000000000000000e+00
3.970000000000000000e+02 1.725260089999999913e+00 -4.055178799999999972e-01 2.860251499999999947e+00
1.218000000000000000e+03 1.820125200000000110e+00 -4.393962999999999619e-01 5.601045399999999397e+00
2.088000000000000000e+03 1.846269799999999961e+00 -4.630670000000000064e-01 8.322465300000001065e+00
3.242000000000000000e+03 1.775749510000000031e+00 -4.714180000000000037e-01 1.174598420000000054e+01
4.428000000000000000e+03 1.811031999999999975e+00 -4.698089999999999766e-01 1.584891099999999931e+01
5.729000000000000000e+03 1.736438999999999844e+00 -4.548200000000000021e-01 1.994084600000000052e+01
6.960000000000000000e+03 1.657043999999999961e+00 -4.516470000000000207e-01 2.404314300000000060e+01
8.118000000000000000e+03 1.564579999999999860e+00 -4.442749999999999755e-01 2.813628800000000041e+01
9.204000000000000000e+03 1.469427000000000039e+00 -4.198759999999999715e-01 3.224160599999999732e+01
1.023900000000000000e+04 1.379037000000000068e+00 -3.851800000000000779e-01 3.634969800000000362e+01
1.118100000000000000e+04 1.293609800000000032e+00 -3.260000000000000675e-01 4.045150199999999785e+01
1.205600000000000000e+04 1.208701999999999943e+00 -2.477200000000001623e-01 4.456742299999999801e+01
1.287800000000000000e+04 1.125744999999999996e+00 -1.447199999999999598e-01 4.868877799999999922e+01
1.364000000000000000e+04 1.043692999999999982e+00 -1.979000000000019632e-02 5.280492000000000274e+01
1.425500000000000000e+04 9.756900000000000572e-01 9.426000000000023249e-02 5.625038999999999589e+01
1.468800000000000000e+04 8.959589999999999499e-01 1.868799999999999351e-01 5.900312999999999874e+01
1.503200000000000000e+04 6.397559999999999913e-01 2.718400000000000816e-01 6.174851999999999919e+01
1.522200000000000000e+04 5.115330000000000155e-01 3.092000000000001414e-01 6.313160999999999490e+01
