1.000000000000000000e+00 0.000000000000000000e+00 0.000000000000000000e+00 0.000000000000000000e+00 0.000000000000000000e+00
2.870000000000000000e+02 -2.639100000000000126e-04 6.023099999999999982e-04 7.901600000000000377e-05 6.623199999999999877e-04
1.010000000000000000e+03 2.641300000000000071e-04 3.313299999999999926e-03 6.536499999999999776e-04 3.387400000000000046e-03
1.886000000000000000e+03 4.079499999999999793e-03 7.928499999999999784e-03 1.841699999999999934e-03 9.104700000000000293e-03
3.042000000000000000e+03 1.417200000000000057e-02 4.299100000000000144e-02 4.831499999999999857e-03 4.552400000000000196e-02
4.109000000000000000e+03 3.186800000000000049e-02 8.638600000000000445e-02 8.255300000000000138e-03 9.244600000000000040e-02
5.423000000000000000e+03 5.451700000000000296e-02 1.518400000000000027e-01 1.227100000000000066e-02 1.617999999999999994e-01
6.667000000000000000e+03 8.310099999999999432e-02 2.392499999999999905e-01 1.720100000000000101e-02 2.538500000000000201e-01
7.843000000000000000e+03 1.179499999999999993e-01 3.499700000000000033e-01 2.374499999999999875e-02 3.700700000000000101e-01
8.940000000000000000e+03 1.611799999999999899e-01 5.055399999999999894e-01 3.311700000000000060e-02 5.316400000000000015e-01
9.994000000000000000e+03 2.111399999999999944e-01 6.979100000000000303e-01 4.501700000000000146e-02 7.305399999999999672e-01
1.095700000000000000e+04 2.675000000000000155e-01 9.440800000000000303e-01 6.100099999999999967e-02 9.831400000000000139e-01
1.184300000000000000e+04 3.292200000000000126e-01 1.237600000000000033e+00 8.061300000000000410e-02 1.283199999999999896e+00
1.268800000000000000e+04 3.950500000000000123e-01 1.585700000000000109e+00 1.045299999999999979e-01 1.637499999999999956e+00
1.345300000000000000e+04 4.633399999999999741e-01 1.979000000000000092e+00 1.328100000000000114e-01 2.036900000000000155e+00
1.412000000000000000e+04 5.213900000000000201e-01 2.335300000000000153e+00 1.596200000000000119e-01 2.398099999999999898e+00
1.459000000000000000e+04 5.678499999999999659e-01 2.630599999999999827e+00 1.819500000000000006e-01 2.697299999999999809e+00
1.495500000000000000e+04 6.143899999999999917e-01 2.920599999999999863e+00 1.994900000000000007e-01 2.991200000000000081e+00
1.518600000000000000e+04 6.380500000000000060e-01 3.065399999999999903e+00 2.084900000000000087e-01 3.138100000000000112e+00
1.370000000000000000e+02 0.000000000000000000e+00 0.000000000000000000e+00 0.000000000000000000e+00 0.000000000000000000e+00
3.970000000000000000e+02 2.193999999999999932e-04 9.307000000000000169e-04 -6.176699999999999324e-05 9.581999999999999806e-04
1.218000000000000000e+03 8.987199999999999876e-04 5.054600000000000239e-03 -2.319699999999999898e-04 5.139099999999999745e-03
2.088000000000000000e+03 3.374999999999999962e-03 1.340599999999999951e-02 -4.750700000000000170e-04 1.383299999999999981e-02
3.242000000000000000e+03 1.099999999999999936e-02 3.583399999999999780e-02 -9.334799999999999869e-04 3.749600000000000155e-02
4.428000000000000000e+03 2.796600000000000127e-02 7.008399999999999352e-02 -1.682600000000000024e-03 7.547700000000000242e-02
5.729000000000000000e+03 4.812199999999999811e-02 1.290100000000000136e-01 -1.700899999999999981e-03 1.377099999999999991e-01
6.960000000000000000e+03 7.838000000000000522e-02 2.066600000000000104e-01 -8.626400000000000214e-04 2.210199999999999942e-01
8.118000000000000000e+03 1.131500000000000006e-01 3.114000000000000101e-01 1.322500000000000108e-03 3.313200000000000034e-01
9.204000000000000000e+03 1.569699999999999984e-01 4.600799999999999890e-01 6.083599999999999772e-03 4.861599999999999810e-01
1.023900000000000000e+04 2.060800000000000132e-01 6.494600000000000373e-01 1.397100000000000078e-02 6.815200000000000147e-01
1.118100000000000000e+04 2.637999999999999790e-01 8.899599999999999733e-01 2.596599999999999950e-02 9.285999999999999810e-01
1.205600000000000000e+04 3.259500000000000175e-01 1.179499999999999993e+00 4.247499999999999887e-02 1.224399999999999933e+00
1.287800000000000000e+04 3.926999999999999935e-01 1.524999999999999911e+00 6.478699999999999737e-02 1.576100000000000056e+00
1.364000000000000000e+04 4.618900000000000228e-01 1.917699999999999960e+00 9.221300000000000330e-02 1.974699999999999900e+00
1.425500000000000000e+04 5.208000000000000407e-01 2.275199999999999889e+00 1.189500000000000002e-01 2.337000000000000188e+00
1.468800000000000000e+04 5.679499999999999549e-01 2.575299999999999923e+00 1.431300000000000072e-01 2.641099999999999781e+00
1.503200000000000000e+04 6.146599999999999842e-01 2.881600000000000161e+00 1.722899999999999987e-01 2.951400000000000023e+00
1.522200000000000000e+04 6.380500000000000060e-01 3.034499999999999975e+00 1.872999999999999943e-01 3.106500000000000039e+00
