1.000000000000000000e+00 -1.558489999999999931e+00 3.605740000000000056e-01 1.500000000000000000e+00
2.870000000000000000e+02 -1.724632680000000029e+00 3.956215600000000387e-01 2.859806690000000096e+00
1.010000000000000000e+03 -2.056657079999999915e+00 4.595333999999999808e-01 5.598794700000000013e+00
1.886000000000000000e+03 -2.364565400000000039e+00 5.106195000000000039e-01 8.316839400000000992e+00
3.042000000000000000e+03 -2.669069800000000381e+00 5.699230000000000684e-01 1.173415240000000104e+01
4.109000000000000000e+03 -2.744682300000000019e+00 4.773049999999999793e-01 1.583313590000000026e+01
5.423000000000000000e+03 -2.645996999999999932e+00 3.610999999999999766e-01 1.992437659999999866e+01
6.667000000000000000e+03 -2.533944999999999670e+00 2.551652699999999996e-01 2.402731080000000219e+01
7.843000000000000000e+03 -2.398824999999999985e+00 1.496940000000000215e-01 2.812267950000000027e+01
8.940000000000000000e+03 -2.247625000000000206e+00 7.009900000000002240e-02 3.223148199999999974e+01
9.994000000000000000e+03 -2.098880400000000090e+00 1.498300000000007959e-02 3.634335800000000205e+01
1.095700000000000000e+04 -1.945211500000000093e+00 -6.059999999999954312e-04 4.044996099999999473e+01
1.184300000000000000e+04 -1.787295999999999996e+00 1.882999999999990237e-02 4.457080200000000048e+01
1.268800000000000000e+04 -1.625882999999999967e+00 8.466999999999980098e-02 4.869650599999999940e+01
1.345300000000000000e+04 -1.462569000000000008e+00 1.801399999999999668e-01 5.281708000000000425e+01
1.412000000000000000e+04 -1.325660000000000061e+00 2.739700000000002689e-01 5.626609999999999445e+01
1.459000000000000000e+04 -1.178193999999999964e+00 3.517500000000000071e-01 5.902078999999999809e+01
1.495500000000000000e+04 -7.664379999999999526e-01 4.214099999999998403e-01 6.176407999999999987e+01
1.518600000000000000e+04 -5.602890000000000370e-01 4.519000000000001904e-01 6.314595999999999520e+01
1.370000000000000000e+02 1.558489999999999931e+00 -3.636220000000000008e-01 1.500000000000000000e+00
3.970000000000000000e+02 1.725263419999999881e+00 -4.054913500000000282e-01 2.860253929999999833e+00
1.218000000000000000e+03 1.820150900000000016e+00 -4.392541999999999836e-01 5.601054199999999206e+00
2.088000000000000000e+03 1.846327199999999946e+00 -4.626829999999999554e-01 8.322485699999999653e+00
3.242000000000000000e+03 1.775881009999999982e+00 -4.703809999999999936e-01 1.174603510000000028e+01
4.428000000000000000e+03 1.811288000000000009e+00 -4.677540000000000031e-01 1.584898369999999979e+01
5.729000000000000000e+03 1.736923999999999912e+00 -4.509800000000000475e-01 1.994093900000000019e+01
6.960000000000000000e+03 1.657998000000000083e+00 -4.453570000000000029e-01 2.404327600000000231e+01
8.118000000000000000e+03 1.566087000000000007e+00 -4.346749999999999781e-01 2.813649700000000209e+01
9.204000000000000000e+03 1.471745999999999999e+00 -4.054659999999999931e-01 3.224196599999999790e+01
1.023900000000000000e+04 1.382338999999999984e+00 -3.644600000000001172e-01 3.635031699999999688e+01
1.118100000000000000e+04 1.298164680000000182e+00 -2.970400000000000817e-01 4.045251999999999981e+01
1.205600000000000000e+04 1.214667999999999859e+00 -2.085200000000000387e-01 4.456900900000000121e+01
1.287800000000000000e+04 1.133297999999999917e+00 -9.311999999999986954e-02 4.869115299999999991e+01
1.364000000000000000e+04 1.052947999999999995e+00 4.640999999999984027e-02 5.280828999999999951e+01
1.425500000000000000e+04 9.864220000000000210e-01 1.741600000000000925e-01 5.625474999999999426e+01
1.468800000000000000e+04 9.078800000000000203e-01 2.782800000000000828e-01 5.900841000000000491e+01
1.503200000000000000e+04 6.528500000000000414e-01 3.751400000000000290e-01 6.175486999999999682e+01
1.522200000000000000e+04 5.252109999999999834e-01 4.184000000000001052e-01 6.313850999999999658e+01
