1.000000000000000000e+00 0.000000000000000000e+00 0.000000000000000000e+00 0.000000000000000000e+00 0.000000000000000000e+00
2.870000000000000000e+02 1.382900000000000058e-04 5.247500000000000428e-04 -6.328700000000000579e-05 5.463500000000000257e-04
1.010000000000000000e+03 3.197399999999999982e-04 3.431200000000000135e-03 -3.251300000000000262e-04 3.461399999999999894e-03
1.886000000000000000e+03 1.657300000000000006e-04 9.435699999999999990e-03 -7.875599999999999745e-04 9.469999999999999252e-03
3.042000000000000000e+03 5.098600000000000007e-03 4.884800000000000253e-02 -6.275500000000000479e-04 4.911800000000000194e-02
4.109000000000000000e+03 1.340500000000000025e-02 9.941600000000000437e-02 7.161900000000000124e-04 1.003200000000000064e-01
5.423000000000000000e+03 2.445400000000000004e-02 1.731300000000000061e-01 3.652999999999999997e-03 1.748800000000000077e-01
6.667000000000000000e+03 3.949699999999999739e-02 2.715799999999999881e-01 8.058499999999999691e-03 2.745500000000000163e-01
7.843000000000000000e+03 5.935300000000000298e-02 3.964300000000000046e-01 1.475199999999999949e-02 4.011199999999999766e-01
8.940000000000000000e+03 8.644799999999999707e-02 5.717400000000000260e-01 2.496500000000000108e-02 5.787799999999999612e-01
9.994000000000000000e+03 1.193499999999999978e-01 7.885999999999999677e-01 3.831899999999999890e-02 7.984999999999999876e-01
1.095700000000000000e+04 1.580199999999999938e-01 1.066500000000000004e+00 5.660099999999999854e-02 1.079700000000000104e+00
1.184300000000000000e+04 2.015599999999999892e-01 1.398300000000000098e+00 7.927299999999999625e-02 1.415000000000000036e+00
1.268800000000000000e+04 2.489599999999999869e-01 1.792200000000000015e+00 1.070500000000000063e-01 1.812599999999999989e+00
1.345300000000000000e+04 2.987299999999999955e-01 2.237400000000000055e+00 1.399299999999999988e-01 2.261600000000000055e+00
1.412000000000000000e+04 3.412499999999999978e-01 2.640800000000000036e+00 1.710800000000000098e-01 2.668200000000000127e+00
1.459000000000000000e+04 3.752800000000000025e-01 2.974899999999999878e+00 1.972500000000000087e-01 3.004999999999999893e+00
1.495500000000000000e+04 4.094800000000000106e-01 3.301800000000000068e+00 2.197099999999999886e-01 3.334400000000000031e+00
1.518600000000000000e+04 4.269499999999999962e-01 3.464999999999999858e+00 2.311900000000000066e-01 3.498800000000000132e+00
1.370000000000000000e+02 0.000000000000000000e+00 0.000000000000000000e+00 0.000000000000000000e+00 0.000000000000000000e+00
3.970000000000000000e+02 2.075099999999999970e-04 1.000199999999999917e-03 9.411899999999999791e-05 1.025899999999999946e-03
1.218000000000000000e+03 1.466199999999999969e-03 5.324899999999999599e-03 3.928199999999999964e-04 5.537000000000000255e-03
2.088000000000000000e+03 3.081099999999999811e-03 1.456700000000000009e-02 9.590999999999999482e-04 1.492100000000000024e-02
3.242000000000000000e+03 6.013000000000000116e-03 3.986599999999999866e-02 2.447400000000000183e-03 4.039100000000000329e-02
4.428000000000000000e+03 9.492399999999999796e-03 7.924799999999999900e-02 3.498699999999999987e-03 7.989100000000000368e-02
5.729000000000000000e+03 1.783900000000000069e-02 1.454900000000000082e-01 4.452900000000000087e-03 1.466500000000000026e-01
6.960000000000000000e+03 3.418600000000000111e-02 2.329299999999999982e-01 6.096700000000000036e-03 2.354999999999999871e-01
8.118000000000000000e+03 5.369399999999999867e-02 3.503899999999999793e-01 8.990500000000000227e-03 3.545900000000000163e-01
9.204000000000000000e+03 8.150399999999999312e-02 5.170900000000000496e-01 1.455900000000000076e-02 5.236800000000000344e-01
1.023900000000000000e+04 1.132500000000000034e-01 7.295500000000000318e-01 2.349199999999999899e-02 7.386599999999999833e-01
1.118100000000000000e+04 1.535199999999999898e-01 1.000099999999999989e+00 3.687399999999999706e-02 1.012499999999999956e+00
1.205600000000000000e+04 1.975399999999999934e-01 1.326400000000000023e+00 5.519700000000000301e-02 1.342200000000000060e+00
1.287800000000000000e+04 2.460299999999999987e-01 1.716499999999999915e+00 7.994700000000000417e-02 1.735899999999999999e+00
1.364000000000000000e+04 2.968999999999999972e-01 2.160600000000000076e+00 1.103999999999999981e-01 2.183699999999999974e+00
1.425500000000000000e+04 3.404800000000000049e-01 2.565300000000000136e+00 1.401199999999999946e-01 2.591600000000000126e+00
1.468800000000000000e+04 3.753799999999999915e-01 2.905199999999999783e+00 1.668900000000000106e-01 2.934099999999999930e+00
1.503200000000000000e+04 4.097799999999999776e-01 3.252699999999999925e+00 1.981600000000000028e-01 3.284400000000000208e+00
1.522200000000000000e+04 4.269499999999999962e-01 3.426099999999999923e+00 2.142600000000000060e-01 3.459299999999999820e+00
