1.000000000000000000e+00 0.000000000000000000e+00 0.000000000000000000e+00 0.000000000000000000e+00 0.000000000000000000e+00
2.870000000000000000e+02 1.385500000000000067e-04 5.251200000000000138e-04 -6.335500000000000582e-05 5.467700000000000251e-04
1.010000000000000000e+03 3.202300000000000155e-04 3.433700000000000033e-03 -3.255800000000000100e-04 3.464000000000000065e-03
1.886000000000000000e+03 1.652900000000000116e-04 9.443000000000000005e-03 -7.887999999999999829e-04 9.477299999999999267e-03
3.042000000000000000e+03 5.100600000000000273e-03 4.888399999999999690e-02 -6.295699999999999777e-04 4.915300000000000225e-02
4.109000000000000000e+03 1.341099999999999931e-02 9.949099999999999611e-02 7.144399999999999969e-04 1.003899999999999931e-01
5.423000000000000000e+03 2.446600000000000164e-02 1.732599999999999973e-01 3.652999999999999997e-03 1.750200000000000089e-01
6.667000000000000000e+03 3.951699999999999657e-02 2.717899999999999761e-01 8.061399999999999816e-03 2.747600000000000042e-01
7.843000000000000000e+03 5.938500000000000029e-02 3.967399999999999816e-01 1.476000000000000055e-02 4.014300000000000090e-01
8.940000000000000000e+03 8.649700000000000444e-02 5.722000000000000419e-01 2.498099999999999973e-02 5.792399999999999771e-01
9.994000000000000000e+03 1.194199999999999984e-01 7.892500000000000071e-01 3.834699999999999914e-02 7.991599999999999815e-01
1.095700000000000000e+04 1.581200000000000105e-01 1.067399999999999904e+00 5.664600000000000191e-02 1.080600000000000005e+00
1.184300000000000000e+04 2.016900000000000082e-01 1.399599999999999955e+00 7.933999999999999386e-02 1.416199999999999903e+00
1.268800000000000000e+04 2.491299999999999903e-01 1.793800000000000061e+00 1.071399999999999991e-01 1.814200000000000035e+00
1.345300000000000000e+04 2.989399999999999835e-01 2.239500000000000046e+00 1.400500000000000078e-01 2.263700000000000045e+00
1.412000000000000000e+04 3.414800000000000058e-01 2.643200000000000216e+00 1.712400000000000033e-01 2.670700000000000074e+00
1.459000000000000000e+04 3.755399999999999849e-01 2.977700000000000014e+00 1.974400000000000044e-01 3.007800000000000029e+00
1.495500000000000000e+04 4.097700000000000231e-01 3.304899999999999949e+00 2.199099999999999944e-01 3.337499999999999911e+00
1.518600000000000000e+04 4.272500000000000187e-01 3.468199999999999950e+00 2.313999999999999946e-01 3.502099999999999991e+00
1.370000000000000000e+02 0.000000000000000000e+00 0.000000000000000000e+00 0.000000000000000000e+00 0.000000000000000000e+00
3.970000000000000000e+02 2.076099999999999994e-04 1.000999999999999937e-03 9.422000000000000253e-05 1.026599999999999908e-03
1.218000000000000000e+03 1.467100000000000045e-03 5.328900000000000130e-03 3.932100000000000113e-04 5.541199999999999598e-03
2.088000000000000000e+03 3.082699999999999850e-03 1.457899999999999995e-02 9.600000000000000243e-04 1.493200000000000083e-02
3.242000000000000000e+03 6.015699999999999693e-03 3.989600000000000091e-02 2.449699999999999968e-03 4.042199999999999960e-02
4.428000000000000000e+03 9.495599999999999874e-03 7.930800000000000349e-02 3.502100000000000178e-03 7.995099999999999429e-02
5.729000000000000000e+03 1.784600000000000075e-02 1.456000000000000072e-01 4.457199999999999704e-03 1.467600000000000016e-01
6.960000000000000000e+03 3.420200000000000323e-02 2.331100000000000116e-01 6.102500000000000285e-03 2.356900000000000106e-01
8.118000000000000000e+03 5.372099999999999792e-02 3.506699999999999817e-01 8.998799999999999508e-03 3.548700000000000188e-01
9.204000000000000000e+03 8.154899999999999649e-02 5.175100000000000255e-01 1.457199999999999988e-02 5.241000000000000103e-01
1.023900000000000000e+04 1.133200000000000041e-01 7.301499999999999657e-01 2.351299999999999918e-02 7.392699999999999827e-01
1.118100000000000000e+04 1.536200000000000065e-01 1.000899999999999901e+00 3.690700000000000230e-02 1.013300000000000090e+00
1.205600000000000000e+04 1.976700000000000124e-01 1.327499999999999902e+00 5.524699999999999750e-02 1.343299999999999939e+00
1.287800000000000000e+04 2.462000000000000022e-01 1.717999999999999972e+00 8.001999999999999391e-02 1.737400000000000055e+00
1.364000000000000000e+04 2.971099999999999852e-01 2.162599999999999856e+00 1.105000000000000010e-01 2.185700000000000198e+00
1.425500000000000000e+04 3.407100000000000128e-01 2.567600000000000104e+00 1.402500000000000135e-01 2.593900000000000095e+00
1.468800000000000000e+04 3.756399999999999739e-01 2.907900000000000151e+00 1.670500000000000040e-01 2.936799999999999855e+00
1.503200000000000000e+04 4.100699999999999901e-01 3.255700000000000038e+00 1.983499999999999985e-01 3.287399999999999878e+00
1.522200000000000000e+04 4.272500000000000187e-01 3.429300000000000015e+00 2.144699999999999940e-01 3.462499999999999911e+00
