1.000000000000000000e+00 -1.558489999999999931e+00 3.605740000000000056e-01 1.500000000000000000e+00
2.870000000000000000e+02 -1.724633829999999923e+00 3.956193200000000521e-01 2.859806929999999969e+00
1.010000000000000000e+03 -2.056660225999999980e+00 4.595184999999999964e-01 5.598796300000000059e+00
1.886000000000000000e+03 -2.364567200000000202e+00 5.105783000000000404e-01 8.316843699999999728e+00
3.042000000000000000e+03 -2.669091700000000067e+00 5.697210000000000329e-01 1.173415750000000024e+01
4.109000000000000000e+03 -2.744740100000000016e+00 4.768819999999999726e-01 1.583313609999999905e+01
5.423000000000000000e+03 -2.646106000000000069e+00 3.603399999999999936e-01 1.992436449999999937e+01
6.667000000000000000e+03 -2.534123999999999821e+00 2.539552700000000107e-01 2.402727910000000122e+01
7.843000000000000000e+03 -2.399100000000000232e+00 1.478939999999999977e-01 2.812261640000000185e+01
8.940000000000000000e+03 -2.248034000000000088e+00 6.743900000000002670e-02 3.223136900000000082e+01
9.994000000000000000e+03 -2.099457300000000082e+00 1.123300000000004850e-02 3.634317699999999718e+01
1.095700000000000000e+04 -1.945991000000000026e+00 -5.796000000000023356e-03 4.044968399999999775e+01
1.184300000000000000e+04 -1.788308999999999926e+00 1.182999999999978513e-02 4.457040200000000141e+01
1.268800000000000000e+04 -1.627156000000000047e+00 7.556999999999991502e-02 4.869595300000000293e+01
1.345300000000000000e+04 -1.464118999999999948e+00 1.685399999999999121e-01 5.281634000000000384e+01
1.412000000000000000e+04 -1.327448999999999879e+00 2.600700000000002454e-01 5.626518000000000086e+01
1.459000000000000000e+04 -1.180174999999999974e+00 3.359500000000004150e-01 5.901971999999999952e+01
1.495500000000000000e+04 -7.686129999999999907e-01 4.037099999999997912e-01 6.176288000000000267e+01
1.518600000000000000e+04 -5.625649999999999817e-01 4.333000000000000185e-01 6.314468999999999710e+01
1.370000000000000000e+02 1.558489999999999931e+00 -3.636220000000000008e-01 1.500000000000000000e+00
3.970000000000000000e+02 1.725262869999999893e+00 -4.054957599999999829e-01 2.860253519999999661e+00
1.218000000000000000e+03 1.820146599999999948e+00 -4.392777999999999961e-01 5.601052699999999440e+00
2.088000000000000000e+03 1.846317600000000114e+00 -4.627469999999999639e-01 8.322482199999999608e+00
3.242000000000000000e+03 1.775859319999999908e+00 -4.705529999999999990e-01 1.174602650000000104e+01
4.428000000000000000e+03 1.811245999999999912e+00 -4.680969999999999853e-01 1.584897139999999993e+01
5.729000000000000000e+03 1.736843999999999832e+00 -4.516200000000000214e-01 1.994092399999999898e+01
6.960000000000000000e+03 1.657841000000000120e+00 -4.464069999999999983e-01 2.404325299999999999e+01
8.118000000000000000e+03 1.565838999999999981e+00 -4.362749999999999684e-01 2.813646200000000164e+01
9.204000000000000000e+03 1.471363000000000198e+00 -4.078759999999999608e-01 3.224190600000000018e+01
1.023900000000000000e+04 1.381793000000000049e+00 -3.679200000000000248e-01 3.635021300000000366e+01
1.118100000000000000e+04 1.297410600000000080e+00 -3.018800000000000372e-01 4.045234999999999559e+01
1.205600000000000000e+04 1.213678999999999952e+00 -2.151200000000001999e-01 4.456874299999999778e+01
1.287800000000000000e+04 1.132044999999999968e+00 -1.017199999999998106e-01 4.869075399999999831e+01
1.364000000000000000e+04 1.051410999999999873e+00 3.530999999999995254e-02 5.280772999999999939e+01
1.425500000000000000e+04 9.846380000000000132e-01 1.607600000000002360e-01 5.625401999999999703e+01
1.468800000000000000e+04 9.058979999999999810e-01 2.628800000000000026e-01 5.900751999999999953e+01
1.503200000000000000e+04 6.506720000000000281e-01 3.578399999999999359e-01 6.175379999999999825e+01
1.522200000000000000e+04 5.229349999999999277e-01 4.001000000000001222e-01 6.313734999999999786e+01
