0.000000000000000000e+00 0.000000000000000000e+00 0.000000000000000000e+00 0.000000000000000000e+00 0.000000000000000000e+00 0.000000000000000000e+00 0.000000000000000000e+00 0.000000000000000000e+00 0.000000000000000000e+00 0.000000000000000000e+00
-2.076000000000000046e-04 4.104900000000000085e-04 1.399000000000000124e-04 -2.642499999999999992e-04 4.163699999999999997e-04 1.385000000000000055e-04 -2.639000000000000178e-04 4.163300000000000204e-04 1.385100000000000003e-04 -2.638799999999999740e-04
3.331000000000000193e-04 -3.593500000000000069e-05 3.228099999999999806e-04 2.637000000000000129e-04 -1.966699999999999991e-05 3.201400000000000079e-04 2.641499999999999968e-04 -1.977199999999999975e-05 3.201500000000000027e-04 2.641699999999999864e-04
3.827000000000000107e-03 -4.127099999999999866e-03 1.630299999999999892e-04 4.081000000000000426e-03 -4.116899999999999726e-03 1.653799999999999921e-04 4.079499999999999793e-03 -4.116899999999999726e-03 1.653600000000000024e-04 4.079400000000000387e-03
1.407399999999999970e-02 -5.944099999999999905e-03 5.111300000000000045e-03 1.417299999999999983e-02 -5.827800000000000168e-03 5.100200000000000046e-03 1.417200000000000057e-02 -5.828500000000000347e-03 5.100300000000000319e-03 1.417200000000000057e-02
3.182399999999999812e-02 -9.675400000000000666e-03 1.344200000000000082e-02 3.186800000000000049e-02 -9.369900000000000451e-03 1.341000000000000004e-02 3.186800000000000049e-02 -9.371799999999999575e-03 1.341000000000000004e-02 3.186800000000000049e-02
5.457499999999999851e-02 -1.379900000000000050e-02 2.452700000000000019e-02 5.451700000000000296e-02 -1.322699999999999917e-02 2.446399999999999963e-02 5.451700000000000296e-02 -1.323000000000000044e-02 2.446399999999999963e-02 5.451799999999999702e-02
8.342600000000000016e-02 -1.709300000000000055e-02 3.962100000000000344e-02 8.309800000000000519e-02 -1.615300000000000069e-02 3.951299999999999951e-02 8.310099999999999432e-02 -1.615799999999999875e-02 3.951400000000000051e-02 8.310099999999999432e-02
1.188400000000000012e-01 -1.848100000000000090e-02 5.954999999999999877e-02 1.179400000000000032e-01 -1.704100000000000059e-02 5.937900000000000122e-02 1.179499999999999993e-01 -1.704999999999999918e-02 5.938000000000000222e-02 1.179499999999999993e-01
1.632200000000000040e-01 -1.593500000000000125e-02 8.675399999999999778e-02 1.611700000000000077e-01 -1.379200000000000044e-02 8.648799999999999544e-02 1.611799999999999899e-01 -1.380499999999999956e-02 8.648899999999999644e-02 1.611799999999999899e-01
2.147499999999999964e-01 -1.036100000000000042e-02 1.197899999999999937e-01 2.111200000000000021e-01 -7.345100000000000240e-03 1.194100000000000023e-01 2.111500000000000044e-01 -7.364100000000000160e-03 1.194100000000000023e-01 2.111500000000000044e-01
2.731100000000000194e-01 -1.540399999999999929e-03 1.586400000000000032e-01 2.674599999999999755e-01 2.527300000000000119e-03 1.580999999999999905e-01 2.675000000000000155e-01 2.501499999999999817e-03 1.581100000000000005e-01 2.675000000000000155e-01
3.371399999999999952e-01 9.903000000000000344e-03 2.023600000000000121e-01 3.291600000000000081e-01 1.518100000000000005e-02 2.016600000000000059e-01 3.292200000000000126e-01 1.514700000000000074e-02 2.016600000000000059e-01 3.292200000000000126e-01
4.055300000000000016e-01 2.348700000000000093e-02 2.499899999999999900e-01 3.949799999999999978e-01 3.011099999999999888e-02 2.490900000000000059e-01 3.950500000000000123e-01 3.006800000000000098e-02 2.490999999999999881e-01 3.950500000000000123e-01
4.764700000000000046e-01 3.835800000000000320e-02 2.999899999999999789e-01 4.632499999999999951e-01 4.641699999999999993e-02 2.988999999999999990e-01 4.633399999999999741e-01 4.636500000000000343e-02 2.988999999999999990e-01 4.633499999999999841e-01
5.367199999999999749e-01 5.121400000000000258e-02 3.427100000000000146e-01 5.212799999999999656e-01 6.051100000000000229e-02 3.414400000000000213e-01 5.213900000000000201e-01 6.044999999999999679e-02 3.414400000000000213e-01 5.213999999999999746e-01
5.848900000000000210e-01 6.145899999999999974e-02 3.768900000000000028e-01 5.677299999999999569e-01 7.174999999999999434e-02 3.754899999999999904e-01 5.678600000000000314e-01 7.168199999999999572e-02 3.754899999999999904e-01 5.678600000000000314e-01
6.331799999999999651e-01 7.187999999999999945e-02 4.112600000000000144e-01 6.142600000000000282e-01 8.317299999999999693e-02 4.097100000000000186e-01 6.143999999999999462e-01 8.309900000000000619e-02 4.097199999999999731e-01 6.143999999999999462e-01
6.577699999999999658e-01 7.733299999999999896e-02 4.288100000000000245e-01 6.379200000000000426e-01 8.914300000000000002e-02 4.271900000000000142e-01 6.380599999999999605e-01 8.906500000000000528e-02 4.272000000000000242e-01 6.380599999999999605e-01
0.000000000000000000e+00 0.000000000000000000e+00 0.000000000000000000e+00 0.000000000000000000e+00 0.000000000000000000e+00 0.000000000000000000e+00 0.000000000000000000e+00 0.000000000000000000e+00 0.000000000000000000e+00 0.000000000000000000e+00
2.332299999999999879e-04 2.100899999999999892e-04 2.081100000000000116e-04 2.193100000000000127e-04 2.129699999999999887e-04 2.075900000000000098e-04 2.193999999999999932e-04 2.129499999999999991e-04 2.076000000000000046e-04 2.193999999999999932e-04
1.049400000000000029e-03 2.165199999999999937e-03 1.471499999999999935e-03 8.978099999999999709e-04 2.187399999999999935e-03 1.466899999999999931e-03 8.987500000000000263e-04 2.187199999999999821e-03 1.466999999999999988e-03 8.987900000000000056e-04
3.585500000000000145e-03 2.889800000000000094e-03 3.090900000000000158e-03 3.373699999999999876e-03 2.939300000000000159e-03 3.082399999999999897e-03 3.374999999999999962e-03 2.939000000000000206e-03 3.082399999999999897e-03 3.375099999999999802e-03
1.113800000000000033e-02 2.395099999999999887e-04 6.029699999999999817e-03 1.099999999999999936e-02 3.531499999999999917e-04 6.015200000000000061e-03 1.099999999999999936e-02 3.524499999999999747e-04 6.015300000000000334e-03 1.100100000000000036e-02
2.741800000000000140e-02 -1.253800000000000053e-02 9.511699999999999669e-03 2.796900000000000081e-02 -1.231699999999999982e-02 9.494999999999999968e-03 2.796600000000000127e-02 -1.231800000000000082e-02 9.495099999999999374e-03 2.796600000000000127e-02
4.736100000000000032e-02 -1.880099999999999827e-02 1.788100000000000106e-02 4.812500000000000111e-02 -1.838199999999999903e-02 1.784499999999999975e-02 4.812099999999999711e-02 -1.838400000000000103e-02 1.784499999999999975e-02 4.812099999999999711e-02
7.800500000000000489e-02 -2.158600000000000102e-02 3.428500000000000297e-02 7.838100000000000622e-02 -2.076100000000000168e-02 3.419799999999999923e-02 7.838000000000000522e-02 -2.076599999999999974e-02 3.419900000000000023e-02 7.838000000000000522e-02
1.131999999999999951e-01 -2.342999999999999944e-02 5.386099999999999915e-02 1.131500000000000006e-01 -2.212700000000000083e-02 5.371599999999999986e-02 1.131500000000000006e-01 -2.213499999999999843e-02 5.371599999999999986e-02 1.131500000000000006e-01
1.582000000000000073e-01 -2.001299999999999954e-02 8.178000000000000547e-02 1.569599999999999884e-01 -1.800900000000000070e-02 8.154000000000000137e-02 1.569699999999999984e-01 -1.802199999999999983e-02 8.154100000000000237e-02 1.569699999999999984e-01
2.087199999999999889e-01 -1.563300000000000106e-02 1.136599999999999971e-01 2.060599999999999932e-01 -1.277999999999999969e-02 1.132999999999999979e-01 2.060800000000000132e-01 -1.279800000000000035e-02 1.133099999999999941e-01 2.060800000000000132e-01
2.686399999999999899e-01 -5.310200000000000163e-03 1.541099999999999970e-01 2.637700000000000045e-01 -1.375499999999999987e-03 1.535999999999999865e-01 2.638099999999999890e-01 -1.400599999999999892e-03 1.535999999999999865e-01 2.638099999999999890e-01
3.331600000000000117e-01 6.501999999999999967e-03 1.983300000000000063e-01 3.259000000000000230e-01 1.165500000000000043e-02 1.976499999999999924e-01 3.259500000000000175e-01 1.162200000000000039e-02 1.976499999999999924e-01 3.259500000000000175e-01
4.026100000000000234e-01 2.105500000000000080e-02 2.470400000000000096e-01 3.926299999999999790e-01 2.757799999999999835e-02 2.461599999999999899e-01 3.926999999999999935e-01 2.753600000000000145e-02 2.461699999999999999e-01 3.927100000000000035e-01
4.746400000000000063e-01 3.685299999999999687e-02 2.981500000000000261e-01 4.617999999999999883e-01 4.484599999999999698e-02 2.970700000000000007e-01 4.618900000000000228e-01 4.479400000000000048e-02 2.970700000000000007e-01 4.618900000000000228e-01
5.359500000000000375e-01 5.059400000000000008e-02 3.419300000000000117e-01 5.206899999999999862e-01 5.986099999999999755e-02 3.406699999999999728e-01 5.208000000000000407e-01 5.980099999999999999e-02 3.406799999999999828e-01 5.208000000000000407e-01
5.849999999999999645e-01 6.157599999999999879e-02 3.770000000000000018e-01 5.678400000000000114e-01 7.186900000000000233e-02 3.755899999999999794e-01 5.679600000000000204e-01 7.180200000000000471e-02 3.755999999999999894e-01 5.679600000000000204e-01
6.334999999999999520e-01 7.215799999999999992e-02 4.115699999999999914e-01 6.145300000000000207e-01 8.346399999999999653e-02 4.100199999999999956e-01 6.146599999999999842e-01 8.338900000000000479e-02 4.100199999999999956e-01 6.146700000000000497e-01
6.577699999999999658e-01 7.733299999999999896e-02 4.288100000000000245e-01 6.379200000000000426e-01 8.914300000000000002e-02 4.271900000000000142e-01 6.380599999999999605e-01 8.906500000000000528e-02 4.272000000000000242e-01 6.380599999999999605e-01
