1.000000000000000000e+00 -1.558489999999999931e+00 3.605740000000000056e-01 1.500000000000000000e+00
2.870000000000000000e+02 -1.724911499999999931e+00 3.957820500000000519e-01 2.859936658000000076e+00
1.010000000000000000e+03 -2.056319859999999888e+00 4.600312000000000290e-01 5.599674499999999888e+00
1.886000000000000000e+03 -2.360284620000000277e+00 5.109836000000000933e-01 8.319211440000000124e+00
3.042000000000000000e+03 -2.658159799999999962e+00 5.743099999999999872e-01 1.173937081000000049e+01
4.109000000000000000e+03 -2.721950000000000092e+00 4.850649999999999684e-01 1.584071476999999994e+01
5.423000000000000000e+03 -2.608395999999999937e+00 3.760399999999999854e-01 1.993365299999999962e+01
6.667000000000000000e+03 -2.478426999999999936e+00 2.799152699999999938e-01 2.403806090000000140e+01
7.843000000000000000e+03 -2.322631000000000334e+00 1.870039999999999758e-01 2.813475800000000149e+01
8.940000000000000000e+03 -2.147682000000000091e+00 1.251390000000000002e-01 3.224497799999999614e+01
9.994000000000000000e+03 -1.972600000000000131e+00 9.198300000000003696e-02 3.635834200000000038e+01
1.095700000000000000e+04 -1.790280000000000094e+00 1.040639999999999343e-01 4.046663699999999864e+01
1.184300000000000000e+04 -1.601650000000000018e+00 1.561299999999998800e-01 4.458932699999999727e+01
1.268800000000000000e+04 -1.407950000000000035e+00 2.602700000000000014e-01 4.871712000000000131e+01
1.345300000000000000e+04 -1.211359999999999992e+00 3.984400000000001274e-01 5.284003000000000583e+01
1.412000000000000000e+04 -1.046200000000000019e+00 5.305699999999999861e-01 5.629120999999999952e+01
1.459000000000000000e+04 -8.760800000000000809e-01 6.396500000000000519e-01 5.904740000000000322e+01
1.495500000000000000e+04 -4.416869999999999408e-01 7.392099999999999227e-01 6.178987000000000052e+01
1.518600000000000000e+04 -2.241099999999999759e-01 7.846000000000001862e-01 6.317135999999999996e+01
1.370000000000000000e+02 1.558489999999999931e+00 -3.636220000000000008e-01 1.500000000000000000e+00
3.970000000000000000e+02 1.725257590000000008e+00 -4.053360999999999770e-01 2.860094200999999892e+00
1.218000000000000000e+03 1.819426900000000069e+00 -4.382948999999999873e-01 5.600393129999999609e+00
2.088000000000000000e+03 1.846462400000000059e+00 -4.605960000000000054e-01 8.320959820000000562e+00
3.242000000000000000e+03 1.781525199999999920e+00 -4.659769999999999746e-01 1.174244919999999937e+01
4.428000000000000000e+03 1.833064999999999944e+00 -4.609829999999999761e-01 1.584350150000000035e+01
5.729000000000000000e+03 1.773085000000000022e+00 -4.379900000000000460e-01 1.993445639999999841e+01
6.960000000000000000e+03 1.712828000000000017e+00 -4.241769999999999707e-01 2.403610139999999973e+01
8.118000000000000000e+03 1.641726000000000019e+00 -4.021750000000000047e-01 2.812899720000000059e+01
9.204000000000000000e+03 1.570980000000000043e+00 -3.564260000000000206e-01 3.223456900000000047e+01
1.023900000000000000e+04 1.507970000000000033e+00 -2.942500000000001226e-01 3.634350899999999740e+01
1.118100000000000000e+04 1.452520000000000033e+00 -2.003300000000001191e-01 4.044689999999999941e+01
1.205600000000000000e+04 1.399849999999999817e+00 -8.022000000000018005e-02 4.456523699999999621e+01
1.287800000000000000e+04 1.350849999999999884e+00 7.258000000000008889e-02 4.869000599999999679e+01
1.364000000000000000e+04 1.303909999999999902e+00 2.543099999999998140e-01 5.281048000000000542e+01
1.425500000000000000e+04 1.265765999999999947e+00 4.202600000000003000e-01 5.626022999999999996e+01
1.468800000000000000e+04 1.209972999999999965e+00 5.563799999999998747e-01 5.901702000000000226e+01
1.503200000000000000e+04 9.776180000000000980e-01 6.861399999999999721e-01 6.176830999999999960e+01
1.522200000000000000e+04 8.613899999999999890e-01 7.457000000000002515e-01 6.315442999999999785e+01
