1.000000000000000000e+00 -1.558489999999999931e+00 3.605740000000000056e-01 1.500000000000000000e+00
2.870000000000000000e+02 -1.725313829999999937e+00 3.958593900000000332e-01 2.860078992000000042e+00
1.010000000000000000e+03 -2.056375759999999886e+00 4.599117999999999817e-01 5.600653490000000012e+00
1.886000000000000000e+03 -2.356370800000000099e+00 5.094722000000000417e-01 8.321841300000000885e+00
3.042000000000000000e+03 -2.649088000000000331e+00 5.684320000000000483e-01 1.174483069999999962e+01
4.109000000000000000e+03 -2.703492000000000228e+00 4.719900000000000206e-01 1.584825430000000068e+01
5.423000000000000000e+03 -2.578342000000000134e+00 3.546799999999999953e-01 1.994227000000000061e+01
6.667000000000000000e+03 -2.434838999999999753e+00 2.474652700000000149e-01 2.404720100000000116e+01
7.843000000000000000e+03 -2.264060000000000183e+00 1.403640000000000165e-01 2.814374600000000015e+01
8.940000000000000000e+03 -2.072990000000000332e+00 5.866899999999997117e-02 3.225311899999999810e+01
9.994000000000000000e+03 -1.880860000000000198e+00 9.130000000000526583e-04 3.636502200000000329e+01
1.095700000000000000e+04 -1.680870000000000086e+00 -1.895599999999997287e-02 4.047100899999999513e+01
1.184300000000000000e+04 -1.474079999999999835e+00 -5.270000000000107931e-03 4.459062600000000032e+01
1.268800000000000000e+04 -1.261970000000000036e+00 5.286999999999997257e-02 4.871455000000000268e+01
1.345300000000000000e+04 -1.046899999999999942e+00 1.388400000000000745e-01 5.283283000000000129e+01
1.412000000000000000e+04 -8.662199999999999900e-01 2.235700000000000465e-01 5.627965999999999980e+01
1.459000000000000000e+04 -6.836900000000000199e-01 2.936500000000004107e-01 5.903198000000000434e+01
1.495500000000000000e+04 -2.369769999999999932e-01 3.562099999999999156e-01 6.176953000000000316e+01
1.518600000000000000e+04 -1.320999999999994401e-02 3.831999999999999851e-01 6.314853000000000094e+01
1.370000000000000000e+02 1.558489999999999931e+00 -3.636220000000000008e-01 1.500000000000000000e+00
3.970000000000000000e+02 1.725269420000000054e+00 -4.054061300000000312e-01 2.859938264999999813e+00
1.218000000000000000e+03 1.818858929999999985e+00 -4.385674999999999990e-01 5.599768159999999995e+00
2.088000000000000000e+03 1.846755300000000100e+00 -4.617629999999999790e-01 8.319525229999999993e+00
3.242000000000000000e+03 1.786510999999999960e+00 -4.700280000000000014e-01 1.173906726000000056e+01
4.428000000000000000e+03 1.851535999999999849e+00 -4.701829999999999621e-01 1.583831859999999914e+01
5.729000000000000000e+03 1.803360999999999992e+00 -4.545300000000000451e-01 1.992830060000000003e+01
6.960000000000000000e+03 1.757009000000000043e+00 -4.505569999999999853e-01 2.402913925000000006e+01
8.118000000000000000e+03 1.701160000000000005e+00 -4.413349999999999773e-01 2.812132500000000235e+01
9.204000000000000000e+03 1.646410000000000151e+00 -4.136759999999999882e-01 3.222608729999999611e+01
1.023900000000000000e+04 1.600750000000000117e+00 -3.746900000000000786e-01 3.633397599999999983e+01
1.118100000000000000e+04 1.562730000000000175e+00 -3.109899999999999887e-01 4.043597399999999453e+01
1.205600000000000000e+04 1.528159999999999963e+00 -2.278200000000001335e-01 4.455248699999999928e+01
1.287800000000000000e+04 1.497409999999999908e+00 -1.198199999999998155e-01 4.867480400000000174e+01
1.364000000000000000e+04 1.468750000000000000e+00 1.030999999999981931e-02 5.279223700000000008e+01
1.425500000000000000e+04 1.445915999999999979e+00 1.287600000000002076e-01 5.623897999999999797e+01
1.468800000000000000e+04 1.402363000000000026e+00 2.248799999999997468e-01 5.899316000000000315e+01
1.503200000000000000e+04 1.182288000000000006e+00 3.132399999999999629e-01 6.174233999999999867e+01
1.522200000000000000e+04 1.072289999999999965e+00 3.522000000000002906e-01 6.312734999999999985e+01
