1.000000000000000000e+00 -1.558489999999999931e+00 3.605740000000000056e-01 1.500000000000000000e+00
2.870000000000000000e+02 -1.725313920000000056e+00 3.958593000000000250e-01 2.860079019999999694e+00
1.010000000000000000e+03 -2.056375889999999984e+00 4.599112000000000200e-01 5.600653679999999746e+00
1.886000000000000000e+03 -2.356370400000000309e+00 5.094702000000000952e-01 8.321841799999999623e+00
3.042000000000000000e+03 -2.649088000000000331e+00 5.684230000000000116e-01 1.174483159999999948e+01
4.109000000000000000e+03 -2.703492000000000228e+00 4.719709999999999739e-01 1.584825550000000050e+01
5.423000000000000000e+03 -2.578342999999999829e+00 3.546500000000000208e-01 1.994227099999999808e+01
6.667000000000000000e+03 -2.434838999999999753e+00 2.474052700000000105e-01 2.404720100000000116e+01
7.843000000000000000e+03 -2.264060000000000183e+00 1.402839999999999920e-01 2.814374500000000268e+01
8.940000000000000000e+03 -2.072990000000000332e+00 5.854899999999996218e-02 3.225311599999999856e+01
9.994000000000000000e+03 -1.880870000000000264e+00 7.430000000000491767e-04 3.636501599999999712e+01
1.095700000000000000e+04 -1.680879999999999930e+00 -1.918600000000003636e-02 4.047099899999999906e+01
1.184300000000000000e+04 -1.474099999999999966e+00 -5.570000000000074891e-03 4.459061099999999556e+01
1.268800000000000000e+04 -1.262000000000000011e+00 5.236999999999980560e-02 4.871452999999999633e+01
1.345300000000000000e+04 -1.046920000000000073e+00 1.382400000000001405e-01 5.283280000000000598e+01
1.412000000000000000e+04 -8.662600000000000300e-01 2.229700000000001125e-01 5.627961999999999421e+01
1.459000000000000000e+04 -6.837200000000001054e-01 2.929500000000002657e-01 5.903193999999999875e+01
1.495500000000000000e+04 -2.370069999999999677e-01 3.554100000000000037e-01 6.176946999999999832e+01
1.518600000000000000e+04 -1.324999999999998401e-02 3.823000000000003062e-01 6.314847999999999928e+01
1.370000000000000000e+02 1.558489999999999931e+00 -3.636220000000000008e-01 1.500000000000000000e+00
3.970000000000000000e+02 1.725269390000000014e+00 -4.054063299999999814e-01 2.859938226999999777e+00
1.218000000000000000e+03 1.818858679999999950e+00 -4.385684999999999722e-01 5.599768010000000018e+00
2.088000000000000000e+03 1.846754900000000088e+00 -4.617660000000000098e-01 8.319524879999999456e+00
3.242000000000000000e+03 1.786509999999999820e+00 -4.700360000000000094e-01 1.173906638000000058e+01
4.428000000000000000e+03 1.851536999999999988e+00 -4.701980000000000048e-01 1.583831720000000054e+01
5.729000000000000000e+03 1.803361999999999910e+00 -4.545600000000000196e-01 1.992829880000000031e+01
6.960000000000000000e+03 1.757010000000000183e+00 -4.506069999999999798e-01 2.402913700000000219e+01
8.118000000000000000e+03 1.701160000000000005e+00 -4.414049999999999918e-01 2.812132199999999926e+01
9.204000000000000000e+03 1.646410000000000151e+00 -4.137859999999999872e-01 3.222608290000000153e+01
1.023900000000000000e+04 1.600750000000000117e+00 -3.748400000000000620e-01 3.633397000000000077e+01
1.118100000000000000e+04 1.562720000000000109e+00 -3.112099999999999866e-01 4.043596399999999846e+01
1.205600000000000000e+04 1.528149999999999897e+00 -2.281200000000001005e-01 4.455247199999999452e+01
1.287800000000000000e+04 1.497389999999999999e+00 -1.202199999999999935e-01 4.867478400000000249e+01
1.364000000000000000e+04 1.468720000000000026e+00 9.709999999999885389e-03 5.279220800000000224e+01
1.425500000000000000e+04 1.445886000000000005e+00 1.281600000000002737e-01 5.623893999999999949e+01
1.468800000000000000e+04 1.402333000000000052e+00 2.241800000000000459e-01 5.899312000000000467e+01
1.503200000000000000e+04 1.182247999999999966e+00 3.123400000000002841e-01 6.174228000000000094e+01
1.522200000000000000e+04 1.072249999999999925e+00 3.513000000000001677e-01 6.312728999999999502e+01
