1.000000000000000000e+00 -1.558489999999999931e+00 3.605740000000000056e-01 1.500000000000000000e+00
2.870000000000000000e+02 -1.724633679999999947e+00 3.956196299999999999e-01 2.859806899999999708e+00
1.010000000000000000e+03 -2.056659794999999846e+00 4.595204999999999984e-01 5.598796099999999498e+00
1.886000000000000000e+03 -2.364566900000000249e+00 5.105839000000000905e-01 8.316843099999999822e+00
3.042000000000000000e+03 -2.669088600000000255e+00 5.697490000000000610e-01 1.173415680000000094e+01
4.109000000000000000e+03 -2.744732100000000230e+00 4.769399999999999751e-01 1.583313609999999905e+01
5.423000000000000000e+03 -2.646091000000000193e+00 3.604399999999999826e-01 1.992436610000000030e+01
6.667000000000000000e+03 -2.534100000000000019e+00 2.541252700000000142e-01 2.402728350000000290e+01
7.843000000000000000e+03 -2.399062000000000250e+00 1.481440000000000257e-01 2.812262510000000049e+01
8.940000000000000000e+03 -2.247978000000000254e+00 6.780900000000000816e-02 3.223138499999999596e+01
9.994000000000000000e+03 -2.099378100000000025e+00 1.175300000000001344e-02 3.634320199999999801e+01
1.095700000000000000e+04 -1.945883900000000111e+00 -5.086000000000034937e-03 4.044972199999999418e+01
1.184300000000000000e+04 -1.788170000000000037e+00 1.282999999999989704e-02 4.457045699999999755e+01
1.268800000000000000e+04 -1.626981000000000011e+00 7.686999999999999389e-02 4.869602900000000290e+01
1.345300000000000000e+04 -1.463905999999999930e+00 1.701400000000001800e-01 5.281644000000000005e+01
1.412000000000000000e+04 -1.327202999999999911e+00 2.619700000000002582e-01 5.626530999999999949e+01
1.459000000000000000e+04 -1.179903000000000146e+00 3.380500000000004057e-01 5.901987000000000450e+01
1.495500000000000000e+04 -7.683139999999999414e-01 4.061099999999999710e-01 6.176304000000000372e+01
1.518600000000000000e+04 -5.622519999999999740e-01 4.359000000000001762e-01 6.314486999999999739e+01
1.370000000000000000e+02 1.558489999999999931e+00 -3.636220000000000008e-01 1.500000000000000000e+00
3.970000000000000000e+02 1.725262939999999912e+00 -4.054951600000000211e-01 2.860253579999999740e+00
1.218000000000000000e+03 1.820147200000000076e+00 -4.392745000000000122e-01 5.601052900000000001e+00
2.088000000000000000e+03 1.846319000000000043e+00 -4.627379999999999827e-01 8.322482700000000122e+00
3.242000000000000000e+03 1.775862309999999944e+00 -4.705300000000000038e-01 1.174602770000000085e+01
4.428000000000000000e+03 1.811251999999999862e+00 -4.680499999999999661e-01 1.584897299999999909e+01
5.729000000000000000e+03 1.736854999999999816e+00 -4.515300000000000424e-01 1.994092600000000104e+01
6.960000000000000000e+03 1.657863000000000087e+00 -4.462669999999999693e-01 2.404325599999999952e+01
8.118000000000000000e+03 1.565872999999999848e+00 -4.360549999999999704e-01 2.813646699999999967e+01
9.204000000000000000e+03 1.471416000000000057e+00 -4.075459999999999638e-01 3.224191400000000129e+01
1.023900000000000000e+04 1.381868000000000096e+00 -3.674400000000000999e-01 3.635022699999999674e+01
1.118100000000000000e+04 1.297514100000000115e+00 -3.012200000000000433e-01 4.045237299999999436e+01
1.205600000000000000e+04 1.213814999999999866e+00 -2.142200000000000770e-01 4.456877999999999673e+01
1.287800000000000000e+04 1.132217000000000029e+00 -1.005199999999999427e-01 4.869080900000000156e+01
1.364000000000000000e+04 1.051622999999999974e+00 3.690999999999999837e-02 5.280780000000000030e+01
1.425500000000000000e+04 9.848830000000000640e-01 1.625600000000000378e-01 5.625412000000000035e+01
1.468800000000000000e+04 9.061700000000000310e-01 2.650799999999997603e-01 5.900764000000000209e+01
1.503200000000000000e+04 6.509710000000000774e-01 3.602400000000001157e-01 6.175395000000000323e+01
1.522200000000000000e+04 5.232479999999999354e-01 4.026000000000000689e-01 6.313750999999999891e+01
