1.000000000000000000e+00 0.000000000000000000e+00 0.000000000000000000e+00 0.000000000000000000e+00 0.000000000000000000e+00
2.870000000000000000e+02 -2.638299999999999998e-04 6.023899999999999567e-04 7.899200000000000535e-05 6.623599999999999670e-04
1.010000000000000000e+03 2.642400000000000044e-04 3.313799999999999992e-03 6.534899999999999520e-04 3.387900000000000113e-03
1.886000000000000000e+03 4.079199999999999840e-03 7.930200000000000096e-03 1.841299999999999925e-03 9.105900000000000105e-03
3.042000000000000000e+03 1.417200000000000057e-02 4.299900000000000250e-02 4.830700000000000272e-03 4.553200000000000303e-02
4.109000000000000000e+03 3.186800000000000049e-02 8.640200000000000657e-02 8.254299999999999138e-03 9.246100000000000152e-02
5.423000000000000000e+03 5.451799999999999702e-02 1.518700000000000050e-01 1.226999999999999966e-02 1.618300000000000016e-01
6.667000000000000000e+03 8.310099999999999432e-02 2.393000000000000127e-01 1.720100000000000101e-02 2.539000000000000146e-01
7.843000000000000000e+03 1.179499999999999993e-01 3.500400000000000178e-01 2.374599999999999975e-02 3.701400000000000245e-01
8.940000000000000000e+03 1.611799999999999899e-01 5.056399999999999784e-01 3.311900000000000260e-02 5.317399999999999904e-01
9.994000000000000000e+03 2.111500000000000044e-01 6.980600000000000138e-01 4.502199999999999952e-02 7.306799999999999962e-01
1.095700000000000000e+04 2.675100000000000255e-01 9.442800000000000082e-01 6.100900000000000073e-02 9.833399999999999919e-01
1.184300000000000000e+04 3.292300000000000226e-01 1.237900000000000000e+00 8.062600000000000322e-02 1.283500000000000085e+00
1.268800000000000000e+04 3.950699999999999767e-01 1.586100000000000065e+00 1.045500000000000040e-01 1.637899999999999912e+00
1.345300000000000000e+04 4.633599999999999941e-01 1.979500000000000037e+00 1.328300000000000036e-01 2.037300000000000111e+00
1.412000000000000000e+04 5.214199999999999946e-01 2.335799999999999876e+00 1.596599999999999964e-01 2.398600000000000065e+00
1.459000000000000000e+04 5.678800000000000514e-01 2.631200000000000205e+00 1.819800000000000029e-01 2.697999999999999954e+00
1.495500000000000000e+04 6.144199999999999662e-01 2.921300000000000008e+00 1.995300000000000129e-01 2.991899999999999782e+00
1.518600000000000000e+04 6.380900000000000460e-01 3.066199999999999815e+00 2.085299999999999931e-01 3.138799999999999812e+00
1.370000000000000000e+02 0.000000000000000000e+00 0.000000000000000000e+00 0.000000000000000000e+00 0.000000000000000000e+00
3.970000000000000000e+02 2.194200000000000100e-04 9.308699999999999830e-04 -6.173500000000000439e-05 9.583699999999999468e-04
1.218000000000000000e+03 8.989300000000000415e-04 5.055500000000000098e-03 -2.318400000000000029e-04 5.139999999999999604e-03
2.088000000000000000e+03 3.375299999999999915e-03 1.340900000000000078e-02 -4.747700000000000097e-04 1.383500000000000008e-02
3.242000000000000000e+03 1.100100000000000036e-02 3.583999999999999686e-02 -9.327400000000000448e-04 3.750200000000000061e-02
4.428000000000000000e+03 2.796600000000000127e-02 7.009700000000000653e-02 -1.681399999999999995e-03 7.548900000000000055e-02
5.729000000000000000e+03 4.812099999999999711e-02 1.290399999999999880e-01 -1.699399999999999999e-03 1.377299999999999913e-01
6.960000000000000000e+03 7.837900000000000422e-02 2.066999999999999948e-01 -8.607499999999999700e-04 2.210600000000000065e-01
8.118000000000000000e+03 1.131500000000000006e-01 3.114600000000000146e-01 1.325000000000000006e-03 3.313800000000000079e-01
9.204000000000000000e+03 1.569699999999999984e-01 4.601799999999999780e-01 6.087300000000000350e-03 4.862500000000000155e-01
1.023900000000000000e+04 2.060800000000000132e-01 6.495900000000000007e-01 1.397600000000000058e-02 6.816400000000000237e-01
1.118100000000000000e+04 2.638099999999999890e-01 8.901400000000000423e-01 2.597400000000000056e-02 9.287800000000000500e-01
1.205600000000000000e+04 3.259600000000000275e-01 1.179699999999999971e+00 4.248699999999999699e-02 1.224699999999999900e+00
1.287800000000000000e+04 3.927200000000000135e-01 1.525300000000000100e+00 6.480400000000000049e-02 1.576400000000000023e+00
1.364000000000000000e+04 4.619099999999999873e-01 1.918199999999999905e+00 9.223699999999999954e-02 1.975200000000000067e+00
1.425500000000000000e+04 5.208199999999999497e-01 2.275700000000000056e+00 1.189800000000000024e-01 2.337600000000000122e+00
1.468800000000000000e+04 5.679800000000000404e-01 2.575899999999999856e+00 1.431600000000000095e-01 2.641599999999999948e+00
1.503200000000000000e+04 6.146899999999999586e-01 2.882299999999999862e+00 1.723399999999999932e-01 2.952100000000000168e+00
1.522200000000000000e+04 6.380900000000000460e-01 3.035200000000000120e+00 1.873499999999999888e-01 3.107200000000000184e+00
