1.000000000000000000e+00 -1.558489999999999931e+00 3.605740000000000056e-01 1.500000000000000000e+00
2.870000000000000000e+02 -1.724911450000000013e+00 3.957821200000000150e-01 2.859936644999999888e+00
1.010000000000000000e+03 -2.056319769999999991e+00 4.600316999999999878e-01 5.599674419999999486e+00
1.886000000000000000e+03 -2.360284710000000175e+00 5.109850000000000225e-01 8.319211199999999806e+00
3.042000000000000000e+03 -2.658159400000000172e+00 5.743170000000000774e-01 1.173937043000000102e+01
4.109000000000000000e+03 -2.721948999999999952e+00 4.850789999999999824e-01 1.584071443999999929e+01
5.423000000000000000e+03 -2.608394000000000101e+00 3.760700000000000154e-01 1.993365299999999962e+01
6.667000000000000000e+03 -2.478422999999999821e+00 2.799552699999999783e-01 2.403806140000000013e+01
7.843000000000000000e+03 -2.322625000000000384e+00 1.870639999999999803e-01 2.813475999999999999e+01
8.940000000000000000e+03 -2.147673000000000165e+00 1.252290000000000347e-01 3.224498099999999567e+01
9.994000000000000000e+03 -1.972590000000000066e+00 9.210300000000004594e-02 3.635834700000000197e+01
1.095700000000000000e+04 -1.790259999999999962e+00 1.041639999999999233e-01 4.046664599999999723e+01
1.184300000000000000e+04 -1.601620000000000044e+00 1.564299999999998469e-01 4.458933999999999997e+01
1.268800000000000000e+04 -1.407909999999999995e+00 2.605699999999999683e-01 4.871714000000000055e+01
1.345300000000000000e+04 -1.211319999999999952e+00 3.988400000000000833e-01 5.284005000000000507e+01
1.412000000000000000e+04 -1.046159999999999979e+00 5.309700000000003861e-01 5.629123999999999484e+01
1.459000000000000000e+04 -8.760300000000000864e-01 6.401500000000002188e-01 5.904744000000000170e+01
1.495500000000000000e+04 -4.416269999999999363e-01 7.398099999999998566e-01 6.178990999999999900e+01
1.518600000000000000e+04 -2.240499999999999714e-01 7.852000000000001201e-01 6.317139999999999844e+01
1.370000000000000000e+02 1.558489999999999931e+00 -3.636220000000000008e-01 1.500000000000000000e+00
3.970000000000000000e+02 1.725257609999999886e+00 -4.053360000000000296e-01 2.860094219999999687e+00
1.218000000000000000e+03 1.819427099999999964e+00 -4.382940999999999643e-01 5.600393210000000010e+00
2.088000000000000000e+03 1.846462700000000012e+00 -4.605929999999999747e-01 8.320959999999999468e+00
3.242000000000000000e+03 1.781525699999999990e+00 -4.659719999999999973e-01 1.174244969999999988e+01
4.428000000000000000e+03 1.833065599999999851e+00 -4.609719999999999929e-01 1.584350210000000025e+01
5.729000000000000000e+03 1.773085999999999940e+00 -4.379700000000000260e-01 1.993445720000000065e+01
6.960000000000000000e+03 1.712832000000000132e+00 -4.241469999999999407e-01 2.403610250000000192e+01
8.118000000000000000e+03 1.641730999999999829e+00 -4.021250000000000102e-01 2.812899880000000152e+01
9.204000000000000000e+03 1.570989000000000191e+00 -3.563459999999999406e-01 3.223457200000000000e+01
1.023900000000000000e+04 1.507990000000000164e+00 -2.941300000000001136e-01 3.634351300000000151e+01
1.118100000000000000e+04 1.452540000000000164e+00 -2.002300000000001301e-01 4.044690699999999595e+01
1.205600000000000000e+04 1.399869999999999948e+00 -8.002000000000020208e-02 4.456524699999999939e+01
1.287800000000000000e+04 1.350889999999999924e+00 7.288000000000005585e-02 4.869001999999999697e+01
1.364000000000000000e+04 1.303949999999999942e+00 2.547099999999997699e-01 5.281050000000000466e+01
1.425500000000000000e+04 1.265805999999999987e+00 4.206600000000002559e-01 5.626024999999999920e+01
1.468800000000000000e+04 1.210023000000000071e+00 5.568800000000000416e-01 5.901705000000000467e+01
1.503200000000000000e+04 9.776679999999999815e-01 6.866400000000001391e-01 6.176834999999999809e+01
1.522200000000000000e+04 8.614500000000000490e-01 7.463000000000001855e-01 6.315446999999999633e+01
