1.000000000000000000e+00 0.000000000000000000e+00 0.000000000000000000e+00 0.000000000000000000e+00 0.000000000000000000e+00
2.870000000000000000e+02 1.385100000000000003e-04 5.250600000000000449e-04 -6.334399999999999525e-05 5.467000000000000071e-04
1.010000000000000000e+03 3.201500000000000027e-04 3.433299999999999807e-03 -3.255099999999999921e-04 3.463499999999999999e-03
1.886000000000000000e+03 1.653600000000000024e-04 9.441800000000000193e-03 -7.885999999999999781e-04 9.476099999999999454e-03
3.042000000000000000e+03 5.100300000000000319e-03 4.887799999999999784e-02 -6.292500000000000350e-04 4.914799999999999724e-02
4.109000000000000000e+03 1.341000000000000004e-02 9.947899999999999798e-02 7.147199999999999604e-04 1.003799999999999970e-01
5.423000000000000000e+03 2.446399999999999963e-02 1.732400000000000051e-01 3.652999999999999997e-03 1.749999999999999889e-01
6.667000000000000000e+03 3.951400000000000051e-02 2.717499999999999916e-01 8.061000000000000457e-03 2.747299999999999742e-01
7.843000000000000000e+03 5.938000000000000222e-02 3.966899999999999871e-01 1.475899999999999955e-02 4.013800000000000145e-01
8.940000000000000000e+03 8.648899999999999644e-02 5.721300000000000274e-01 2.497900000000000120e-02 5.791699999999999626e-01
9.994000000000000000e+03 1.194100000000000023e-01 7.891500000000000181e-01 3.834300000000000208e-02 7.990500000000000380e-01
1.095700000000000000e+04 1.581100000000000005e-01 1.067299999999999915e+00 5.663900000000000184e-02 1.080400000000000027e+00
1.184300000000000000e+04 2.016600000000000059e-01 1.399399999999999977e+00 7.932899999999999674e-02 1.415999999999999925e+00
1.268800000000000000e+04 2.490999999999999881e-01 1.793500000000000094e+00 1.071200000000000069e-01 1.813900000000000068e+00
1.345300000000000000e+04 2.988999999999999990e-01 2.239100000000000090e+00 1.400299999999999878e-01 2.263300000000000090e+00
1.412000000000000000e+04 3.414400000000000213e-01 2.642799999999999816e+00 1.712100000000000011e-01 2.670300000000000118e+00
1.459000000000000000e+04 3.754899999999999904e-01 2.977300000000000058e+00 1.974100000000000021e-01 3.007299999999999862e+00
1.495500000000000000e+04 4.097199999999999731e-01 3.304399999999999782e+00 2.198799999999999921e-01 3.337000000000000188e+00
1.518600000000000000e+04 4.272000000000000242e-01 3.467699999999999783e+00 2.313699999999999923e-01 3.501599999999999824e+00
1.370000000000000000e+02 0.000000000000000000e+00 0.000000000000000000e+00 0.000000000000000000e+00 0.000000000000000000e+00
3.970000000000000000e+02 2.076000000000000046e-04 1.000900000000000097e-03 9.420399999999999456e-05 1.026500000000000069e-03
1.218000000000000000e+03 1.466999999999999988e-03 5.328300000000000224e-03 3.931499999999999882e-04 5.540500000000000286e-03
2.088000000000000000e+03 3.082399999999999897e-03 1.457699999999999968e-02 9.598599999999999884e-04 1.493000000000000056e-02
3.242000000000000000e+03 6.015300000000000334e-03 3.989199999999999691e-02 2.449300000000000175e-03 4.041700000000000154e-02
4.428000000000000000e+03 9.495099999999999374e-03 7.929899999999999449e-02 3.501600000000000112e-03 7.994199999999999917e-02
5.729000000000000000e+03 1.784499999999999975e-02 1.455799999999999872e-01 4.456500000000000392e-03 1.467400000000000093e-01
6.960000000000000000e+03 3.419900000000000023e-02 2.330800000000000094e-01 6.101600000000000426e-03 2.356600000000000084e-01
8.118000000000000000e+03 5.371599999999999986e-02 3.506299999999999972e-01 8.997500000000000289e-03 3.548299999999999788e-01
9.204000000000000000e+03 8.154100000000000237e-02 5.174499999999999655e-01 1.456999999999999962e-02 5.240299999999999958e-01
1.023900000000000000e+04 1.133099999999999941e-01 7.300499999999999767e-01 2.350899999999999865e-02 7.391699999999999937e-01
1.118100000000000000e+04 1.535999999999999865e-01 1.000799999999999912e+00 3.690100000000000324e-02 1.013200000000000101e+00
1.205600000000000000e+04 1.976499999999999924e-01 1.327399999999999913e+00 5.523900000000000338e-02 1.343099999999999961e+00
1.287800000000000000e+04 2.461699999999999999e-01 1.717799999999999994e+00 8.000799999999999579e-02 1.737100000000000088e+00
1.364000000000000000e+04 2.970700000000000007e-01 2.162300000000000111e+00 1.104799999999999949e-01 2.185400000000000009e+00
1.425500000000000000e+04 3.406799999999999828e-01 2.567200000000000149e+00 1.402299999999999935e-01 2.593500000000000139e+00
1.468800000000000000e+04 3.755999999999999894e-01 2.907500000000000195e+00 1.670200000000000018e-01 2.936399999999999899e+00
1.503200000000000000e+04 4.100199999999999956e-01 3.255199999999999871e+00 1.983199999999999963e-01 3.286999999999999922e+00
1.522200000000000000e+04 4.272000000000000242e-01 3.428799999999999848e+00 2.144300000000000095e-01 3.462000000000000188e+00
