1.000000000000000000e+00 -1.558489999999999931e+00 3.605740000000000056e-01 1.500000000000000000e+00
2.870000000000000000e+02 -1.724633670000000008e+00 3.956196400000000502e-01 2.859806899999999708e+00
1.010000000000000000e+03 -2.056659771999999720e+00 4.595207000000000042e-01 5.598796099999999498e+00
1.886000000000000000e+03 -2.364566900000000249e+00 5.105842000000000436e-01 8.316843099999999822e+00
3.042000000000000000e+03 -2.669088499999999975e+00 5.697500000000000897e-01 1.173415680000000094e+01
4.109000000000000000e+03 -2.744731799999999833e+00 4.769430000000000058e-01 1.583313609999999905e+01
5.423000000000000000e+03 -2.646090000000000053e+00 3.604499999999999926e-01 1.992436620000000147e+01
6.667000000000000000e+03 -2.534097999999999740e+00 2.541352699999999687e-01 2.402728370000000169e+01
7.843000000000000000e+03 -2.399059999999999970e+00 1.481539999999999802e-01 2.812262550000000161e+01
8.940000000000000000e+03 -2.247975000000000279e+00 6.781899999999996265e-02 3.223138499999999596e+01
9.994000000000000000e+03 -2.099374100000000354e+00 1.177300000000003344e-02 3.634320300000000259e+01
1.095700000000000000e+04 -1.945878500000000066e+00 -5.045999999999994934e-03 4.044972399999999624e+01
1.184300000000000000e+04 -1.788162999999999947e+00 1.282999999999989704e-02 4.457045999999999708e+01
1.268800000000000000e+04 -1.626972000000000085e+00 7.686999999999999389e-02 4.869603299999999990e+01
1.345300000000000000e+04 -1.463894999999999946e+00 1.702399999999999469e-01 5.281645000000000323e+01
1.412000000000000000e+04 -1.327190000000000092e+00 2.620700000000000252e-01 5.626531999999999556e+01
1.459000000000000000e+04 -1.179888000000000048e+00 3.382500000000003837e-01 5.901988000000000056e+01
1.495500000000000000e+04 -7.682979999999999254e-01 4.063099999999999490e-01 6.176304999999999978e+01
1.518600000000000000e+04 -5.622350000000000403e-01 4.360000000000003872e-01 6.314488000000000056e+01
1.370000000000000000e+02 1.558489999999999931e+00 -3.636220000000000008e-01 1.500000000000000000e+00
3.970000000000000000e+02 1.725262950000000073e+00 -4.054951299999999814e-01 2.860253579999999740e+00
1.218000000000000000e+03 1.820147200000000076e+00 -4.392744000000000093e-01 5.601052900000000001e+00
2.088000000000000000e+03 1.846319000000000043e+00 -4.627379999999999827e-01 8.322482700000000122e+00
3.242000000000000000e+03 1.775862449999999981e+00 -4.705280000000000018e-01 1.174602770000000085e+01
4.428000000000000000e+03 1.811251999999999862e+00 -4.680469999999999908e-01 1.584897310000000026e+01
5.729000000000000000e+03 1.736855999999999955e+00 -4.515300000000000424e-01 1.994092600000000104e+01
6.960000000000000000e+03 1.657864000000000004e+00 -4.462570000000000148e-01 2.404325700000000055e+01
8.118000000000000000e+03 1.565874999999999906e+00 -4.360450000000000159e-01 2.813646699999999967e+01
9.204000000000000000e+03 1.471418000000000115e+00 -4.075259999999999438e-01 3.224191499999999877e+01
1.023900000000000000e+04 1.381871999999999989e+00 -3.674200000000000799e-01 3.635022800000000132e+01
1.118100000000000000e+04 1.297519400000000100e+00 -3.011800000000000033e-01 4.045237399999999894e+01
1.205600000000000000e+04 1.213821999999999957e+00 -2.141200000000000880e-01 4.456878199999999879e+01
1.287800000000000000e+04 1.132225999999999955e+00 -1.005199999999999427e-01 4.869081200000000109e+01
1.364000000000000000e+04 1.051633999999999958e+00 3.690999999999999837e-02 5.280781000000000347e+01
1.425500000000000000e+04 9.848970000000000224e-01 1.626600000000002488e-01 5.625412999999999641e+01
1.468800000000000000e+04 9.061850000000000183e-01 2.651799999999999713e-01 5.900764999999999816e+01
1.503200000000000000e+04 6.509870000000000934e-01 3.603399999999998826e-01 6.175395999999999930e+01
1.522200000000000000e+04 5.232649999999999801e-01 4.028000000000000469e-01 6.313751999999999498e+01
