1.308000000000000007e+01 1.308000000000000007e+01 1.308000000000000007e+01 1.308000000000000007e+01 1.308000000000000007e+01 1.308000000000000007e+01 1.308000000000000007e+01 1.308000000000000007e+01 1.308000000000000007e+01 1.308000000000000007e+01 1.308000000000000007e+01 1.308000000000000007e+01 1.308000000000000007e+01
1.307199999999999918e+01 1.307300000000000040e+01 1.307199999999999918e+01 1.307199999999999918e+01 1.307300000000000040e+01 1.307399999999999984e+01 1.307300000000000040e+01 1.307300000000000040e+01 1.307199999999999918e+01 1.307199999999999918e+01 1.307300000000000040e+01 1.307399999999999984e+01 1.307300000000000040e+01
1.305000000000000071e+01 1.305100000000000016e+01 1.305000000000000071e+01 1.305100000000000016e+01 1.305300000000000082e+01 1.305499999999999972e+01 1.305300000000000082e+01 1.305100000000000016e+01 1.305000000000000071e+01 1.305100000000000016e+01 1.305300000000000082e+01 1.305499999999999972e+01 1.305300000000000082e+01
1.300799999999999912e+01 1.301099999999999923e+01 1.300600000000000023e+01 1.300600000000000023e+01 1.301099999999999923e+01 1.301699999999999946e+01 1.301500000000000057e+01 1.300999999999999979e+01 1.300600000000000023e+01 1.300600000000000023e+01 1.301099999999999923e+01 1.301699999999999946e+01 1.301500000000000057e+01
1.318099999999999916e+01 1.317900000000000027e+01 1.318699999999999939e+01 1.318599999999999994e+01 1.317800000000000082e+01 1.316900000000000048e+01 1.317300000000000004e+01 1.317999999999999972e+01 1.318599999999999994e+01 1.318599999999999994e+01 1.317800000000000082e+01 1.316900000000000048e+01 1.317300000000000004e+01
1.174200000000000088e+01 1.173199999999999932e+01 1.173099999999999987e+01 1.170899999999999963e+01 1.168900000000000006e+01 1.168900000000000006e+01 1.171899999999999942e+01 1.173600000000000065e+01 1.173000000000000043e+01 1.170899999999999963e+01 1.168900000000000006e+01 1.168900000000000006e+01 1.171899999999999942e+01
1.053200000000000003e+01 1.051600000000000001e+01 1.052100000000000080e+01 1.049600000000000044e+01 1.046700000000000053e+01 1.046000000000000085e+01 1.049699999999999989e+01 1.052200000000000024e+01 1.051999999999999957e+01 1.049600000000000044e+01 1.046700000000000053e+01 1.046000000000000085e+01 1.049699999999999989e+01
9.538000000000000256e+00 9.516999999999999460e+00 9.531000000000000583e+00 9.502000000000000668e+00 9.458999999999999631e+00 9.441000000000000725e+00 9.487999999999999545e+00 9.525000000000000355e+00 9.528999999999999915e+00 9.502000000000000668e+00 9.458999999999999631e+00 9.442000000000000171e+00 9.487999999999999545e+00
8.451000000000000512e+00 8.426000000000000156e+00 8.446999999999999176e+00 8.410999999999999588e+00 8.352999999999999758e+00 8.326000000000000512e+00 8.384999999999999787e+00 8.436999999999999389e+00 8.445000000000000284e+00 8.410999999999999588e+00 8.352999999999999758e+00 8.326000000000000512e+00 8.384999999999999787e+00
7.376000000000000334e+00 7.339999999999999858e+00 7.370000000000000107e+00 7.323000000000000398e+00 7.246999999999999886e+00 7.211000000000000298e+00 7.286999999999999922e+00 7.355000000000000426e+00 7.366999999999999993e+00 7.323000000000000398e+00 7.246999999999999886e+00 7.211000000000000298e+00 7.286999999999999922e+00
6.330000000000000071e+00 6.286999999999999922e+00 6.320999999999999730e+00 6.262999999999999901e+00 6.168999999999999595e+00 6.126000000000000334e+00 6.222000000000000419e+00 6.306000000000000050e+00 6.317000000000000171e+00 6.262999999999999901e+00 6.168999999999999595e+00 6.126999999999999780e+00 6.222000000000000419e+00
5.363999999999999879e+00 5.302999999999999936e+00 5.347999999999999865e+00 5.275000000000000355e+00 5.160000000000000142e+00 5.105000000000000426e+00 5.224000000000000199e+00 5.328000000000000291e+00 5.342999999999999972e+00 5.277000000000000135e+00 5.158999999999999808e+00 5.105000000000000426e+00 5.224000000000000199e+00
4.506000000000000227e+00 4.427999999999999936e+00 4.485000000000000320e+00 4.397999999999999687e+00 4.256999999999999673e+00 4.187999999999999723e+00 4.333000000000000185e+00 4.459999999999999964e+00 4.480000000000000426e+00 4.400000000000000355e+00 4.256999999999999673e+00 4.187999999999999723e+00 4.333000000000000185e+00
3.899999999999999911e+00 3.798999999999999932e+00 3.869000000000000217e+00 3.767999999999999794e+00 3.604000000000000092e+00 3.516999999999999904e+00 3.689000000000000057e+00 3.835999999999999854e+00 3.862999999999999989e+00 3.767999999999999794e+00 3.601999999999999869e+00 3.516999999999999904e+00 3.689000000000000057e+00
3.293000000000000149e+00 3.168000000000000149e+00 3.251999999999999780e+00 3.138999999999999790e+00 2.951999999999999957e+00 2.850000000000000089e+00 3.044999999999999929e+00 3.213999999999999968e+00 3.242999999999999883e+00 3.141000000000000014e+00 2.951999999999999957e+00 2.850000000000000089e+00 3.044999999999999929e+00
2.750999999999999890e+00 2.604999999999999982e+00 2.701999999999999957e+00 2.580999999999999961e+00 2.379999999999999893e+00 2.266000000000000014e+00 2.476999999999999869e+00 2.657000000000000028e+00 2.694999999999999840e+00 2.580999999999999961e+00 2.378000000000000114e+00 2.266000000000000014e+00 2.474000000000000199e+00
2.310999999999999943e+00 2.150999999999999801e+00 2.255999999999999783e+00 2.126999999999999780e+00 1.921000000000000041e+00 1.802999999999999936e+00 2.023000000000000131e+00 2.204000000000000181e+00 2.245000000000000107e+00 2.129999999999999893e+00 1.921000000000000041e+00 1.802999999999999936e+00 2.020000000000000018e+00
2.173999999999999932e+00 2.000000000000000000e+00 2.112999999999999989e+00 1.971999999999999975e+00 1.766000000000000014e+00 1.645000000000000018e+00 1.870999999999999996e+00 2.052999999999999936e+00 2.100999999999999979e+00 1.975999999999999979e+00 1.766000000000000014e+00 1.641000000000000014e+00 1.866999999999999993e+00
2.079000000000000181e+00 1.899000000000000021e+00 2.020999999999999908e+00 1.872999999999999998e+00 1.667000000000000037e+00 1.546000000000000041e+00 1.768000000000000016e+00 1.951999999999999957e+00 2.009999999999999787e+00 1.877999999999999892e+00 1.667000000000000037e+00 1.540999999999999925e+00 1.772999999999999909e+00
