1.000000000000000000e+00 -1.558489999999999931e+00 3.605740000000000056e-01 1.500000000000000000e+00
2.870000000000000000e+02 -1.725257599999999947e+00 3.959082800000000013e-01 2.860062321999999657e+00
1.010000000000000000e+03 -2.056306899999999604e+00 4.602860000000000285e-01 5.600538639999999901e+00
1.886000000000000000e+03 -2.356623000000000356e+00 5.106038999999999994e-01 8.321527500000000188e+00
3.042000000000000000e+03 -2.649186000000000263e+00 5.741439999999999877e-01 1.174423780000000050e+01
4.109000000000000000e+03 -2.703536000000000161e+00 4.838869999999999560e-01 1.584755430000000054e+01
5.423000000000000000e+03 -2.578285000000000160e+00 3.755800000000000249e-01 1.994172199999999862e+01
6.667000000000000000e+03 -2.434514000000000067e+00 2.805252699999999932e-01 2.404701000000000022e+01
7.843000000000000000e+03 -2.263170000000000126e+00 1.891540000000000166e-01 2.814424600000000254e+01
8.940000000000000000e+03 -2.070950000000000291e+00 1.300890000000000102e-01 3.225480699999999956e+01
9.994000000000000000e+03 -1.877260000000000151e+00 1.008229999999999960e-01 3.636836399999999969e+01
1.095700000000000000e+04 -1.675270000000000037e+00 1.183639999999999137e-01 4.047675199999999762e+01
1.184300000000000000e+04 -1.466169999999999973e+00 1.775299999999999656e-01 4.459946699999999709e+01
1.268800000000000000e+04 -1.251510000000000122e+00 2.907699999999999729e-01 4.872731000000000279e+01
1.345300000000000000e+04 -1.033789999999999987e+00 4.400399999999999867e-01 5.285036000000000200e+01
1.412000000000000000e+04 -8.509200000000000097e-01 5.826700000000002433e-01 5.630176999999999765e+01
1.459000000000000000e+04 -6.666800000000000503e-01 7.010500000000003951e-01 5.905801999999999907e+01
1.495500000000000000e+04 -2.182169999999999943e-01 8.101099999999998857e-01 6.179923000000000144e+01
1.518600000000000000e+04 6.469999999999975770e-03 8.602000000000002977e-01 6.318007999999999669e+01
1.370000000000000000e+02 1.558489999999999931e+00 -3.636220000000000008e-01 1.500000000000000000e+00
3.970000000000000000e+02 1.725283230000000056e+00 -4.052890000000000104e-01 2.859961326000000081e+00
1.218000000000000000e+03 1.819009400000000110e+00 -4.379472999999999838e-01 5.599858059999999860e+00
2.088000000000000000e+03 1.846965500000000038e+00 -4.600529999999999897e-01 8.319735039999999415e+00
3.242000000000000000e+03 1.786648000000000014e+00 -4.653660000000000019e-01 1.173959332999999994e+01
4.428000000000000000e+03 1.850987999999999856e+00 -4.609599999999999809e-01 1.583913575000000051e+01
5.729000000000000000e+03 1.802600999999999898e+00 -4.374000000000000110e-01 1.992934160999999804e+01
6.960000000000000000e+03 1.756635000000000169e+00 -4.226569999999999494e-01 2.403047825000000159e+01
8.118000000000000000e+03 1.701209999999999889e+00 -3.989550000000000041e-01 2.812311350000000232e+01
9.204000000000000000e+03 1.647639999999999993e+00 -3.503459999999999352e-01 3.222864609999999885e+01
1.023900000000000000e+04 1.603390000000000093e+00 -2.840200000000000502e-01 3.633776199999999790e+01
1.118100000000000000e+04 1.567560000000000064e+00 -1.847300000000000608e-01 4.044157599999999775e+01
1.205600000000000000e+04 1.535359999999999836e+00 -5.762000000000000455e-02 4.456059499999999929e+01
1.287800000000000000e+04 1.507299999999999862e+00 1.038800000000001944e-01 4.868632199999999699e+01
1.364000000000000000e+04 1.481479999999999908e+00 2.963100000000000733e-01 5.280799999999999983e+01
1.425500000000000000e+04 1.461046000000000067e+00 4.724600000000003241e-01 5.625891999999999626e+01
1.468800000000000000e+04 1.419382999999999839e+00 6.175799999999997958e-01 5.901687000000000438e+01
1.503200000000000000e+04 1.201097999999999999e+00 7.567400000000001903e-01 6.177029999999999887e+01
1.522200000000000000e+04 1.091969999999999885e+00 8.211000000000003851e-01 6.315750999999999493e+01
