1.000000000000000000e+00 0.000000000000000000e+00 0.000000000000000000e+00 0.000000000000000000e+00 0.000000000000000000e+00
2.870000000000000000e+02 -2.576300000000000118e-04 6.079600000000000542e-04 7.717300000000000125e-05 6.647899999999999556e-04
1.010000000000000000e+03 2.721000000000000003e-04 3.356099999999999882e-03 6.409500000000000483e-04 3.427499999999999991e-03
1.886000000000000000e+03 4.052499999999999679e-03 8.056999999999999926e-03 1.807000000000000012e-03 9.197999999999999579e-03
3.042000000000000000e+03 1.416300000000000024e-02 4.363100000000000311e-02 4.766000000000000271e-03 4.611900000000000027e-02
4.109000000000000000e+03 3.186800000000000049e-02 8.772399999999999642e-02 8.178500000000000006e-03 9.369099999999999651e-02
5.423000000000000000e+03 5.453500000000000014e-02 1.542000000000000037e-01 1.221200000000000063e-02 1.640099999999999891e-01
6.667000000000000000e+03 8.315599999999999381e-02 2.429900000000000115e-01 1.718400000000000136e-02 2.574000000000000177e-01
7.843000000000000000e+03 1.180800000000000044e-01 3.554899999999999727e-01 2.380699999999999830e-02 3.753500000000000170e-01
8.940000000000000000e+03 1.614500000000000102e-01 5.136500000000000510e-01 3.331499999999999739e-02 5.394600000000000506e-01
9.994000000000000000e+03 2.116099999999999925e-01 7.093000000000000416e-01 4.540500000000000091e-02 7.415899999999999714e-01
1.095700000000000000e+04 2.682200000000000140e-01 9.597900000000000320e-01 6.166699999999999959e-02 9.984699999999999687e-01
1.184300000000000000e+04 3.302200000000000135e-01 1.258599999999999941e+00 8.163900000000000323e-02 1.303800000000000070e+00
1.268800000000000000e+04 3.963700000000000001e-01 1.613099999999999978e+00 1.060200000000000031e-01 1.664500000000000091e+00
1.345300000000000000e+04 4.650000000000000244e-01 2.013799999999999812e+00 1.348499999999999976e-01 2.071200000000000152e+00
1.412000000000000000e+04 5.233299999999999619e-01 2.376900000000000013e+00 1.622000000000000108e-01 2.439200000000000035e+00
1.459000000000000000e+04 5.700100000000000167e-01 2.677900000000000169e+00 1.849800000000000055e-01 2.744099999999999984e+00
1.495500000000000000e+04 6.167700000000000404e-01 2.973399999999999821e+00 2.029499999999999915e-01 3.043400000000000105e+00
1.518600000000000000e+04 6.405499999999999527e-01 3.120899999999999785e+00 2.121699999999999975e-01 3.193000000000000060e+00
1.370000000000000000e+02 0.000000000000000000e+00 0.000000000000000000e+00 0.000000000000000000e+00 0.000000000000000000e+00
3.970000000000000000e+02 2.209599999999999986e-04 9.439500000000000408e-04 -5.920699999999999742e-05 9.712800000000000383e-04
1.218000000000000000e+03 9.155800000000000397e-04 5.124799999999999668e-03 -2.220000000000000022e-04 5.210700000000000401e-03
2.088000000000000000e+03 3.398899999999999838e-03 1.359999999999999924e-02 -4.518100000000000263e-04 1.402499999999999927e-02
3.242000000000000000e+03 1.101800000000000002e-02 3.636099999999999749e-02 -8.751400000000000541e-04 3.800400000000000306e-02
4.428000000000000000e+03 2.791199999999999931e-02 7.112999999999999878e-02 -1.592000000000000099e-03 7.642699999999999494e-02
5.729000000000000000e+03 4.804900000000000143e-02 1.309599999999999931e-01 -1.585400000000000047e-03 1.395099999999999951e-01
6.960000000000000000e+03 7.835899999999999810e-02 2.098299999999999887e-01 -7.135800000000000086e-04 2.239899999999999947e-01
8.118000000000000000e+03 1.131899999999999989e-01 3.162300000000000111e-01 1.522499999999999982e-03 3.358800000000000119e-01
9.204000000000000000e+03 1.571500000000000119e-01 4.673200000000000132e-01 6.371599999999999833e-03 4.930700000000000083e-01
1.023900000000000000e+04 2.064400000000000124e-01 6.598399999999999821e-01 1.439999999999999961e-02 6.915299999999999780e-01
1.118100000000000000e+04 2.644400000000000084e-01 9.044499999999999762e-01 2.660500000000000018e-02 9.426900000000000279e-01
1.205600000000000000e+04 3.268800000000000039e-01 1.199100000000000055e+00 4.340399999999999814e-02 1.243600000000000039e+00
1.287800000000000000e+04 3.939599999999999769e-01 1.550799999999999956e+00 6.611400000000000610e-02 1.601499999999999924e+00
1.364000000000000000e+04 4.635000000000000231e-01 1.950800000000000090e+00 9.403699999999999559e-02 2.007299999999999862e+00
1.425500000000000000e+04 5.227199999999999624e-01 2.314999999999999947e+00 1.212600000000000067e-01 2.376399999999999846e+00
1.468800000000000000e+04 5.701100000000000056e-01 2.620899999999999785e+00 1.458800000000000097e-01 2.686199999999999921e+00
1.503200000000000000e+04 6.170400000000000329e-01 2.933199999999999807e+00 1.755500000000000116e-01 3.002499999999999947e+00
1.522200000000000000e+04 6.405499999999999527e-01 3.088999999999999968e+00 1.908199999999999896e-01 3.160499999999999865e+00
