0.000000000000000000e+00 0.000000000000000000e+00 0.000000000000000000e+00 0.000000000000000000e+00 0.000000000000000000e+00 0.000000000000000000e+00 0.000000000000000000e+00 0.000000000000000000e+00 0.000000000000000000e+00 0.000000000000000000e+00 0.000000000000000000e+00 0.000000000000000000e+00 0.000000000000000000e+00
-2.076000000000000046e-04 4.733999999999999737e-05 4.185799999999999937e-04 4.452200000000000233e-04 1.344999999999999896e-04 -2.162200000000000135e-04 -2.596000000000000217e-04 5.492399999999999794e-05 4.175800000000000236e-04 4.453899999999999895e-04 1.344399999999999935e-04 -2.162099999999999916e-04 -2.596000000000000217e-04
3.331000000000000193e-04 2.936599999999999972e-05 -1.365299999999999955e-05 1.084100000000000005e-04 3.124700000000000220e-04 3.918099999999999773e-04 2.695999999999999937e-04 4.259299999999999691e-05 -1.636700000000000101e-05 1.088899999999999959e-04 3.123600000000000248e-04 3.918200000000000263e-04 2.695999999999999937e-04
3.827000000000000107e-03 -1.112100000000000008e-04 -4.113399999999999695e-03 -3.889699999999999842e-03 1.720199999999999963e-04 4.125799999999999780e-03 4.061000000000000373e-03 -1.293800000000000115e-04 -4.114999999999999734e-03 -3.889300000000000049e-03 1.721100000000000039e-04 4.125799999999999780e-03 4.060900000000000100e-03
1.407399999999999970e-02 3.649599999999999806e-03 -5.786300000000000297e-03 -4.987199999999999793e-03 5.066300000000000144e-03 1.462100000000000032e-02 1.416700000000000077e-02 3.688900000000000165e-03 -5.805099999999999670e-03 -4.983500000000000082e-03 5.065899999999999917e-03 1.462100000000000032e-02 1.416700000000000077e-02
3.182399999999999812e-02 9.983699999999999866e-03 -9.259999999999999135e-03 -7.451400000000000384e-03 1.331199999999999918e-02 3.291399999999999881e-02 3.186900000000000149e-02 1.010600000000000040e-02 -9.309700000000000614e-03 -7.441699999999999877e-03 1.331099999999999992e-02 3.291399999999999881e-02 3.186900000000000149e-02
5.457499999999999851e-02 1.836499999999999938e-02 -1.302000000000000032e-02 -9.879300000000000581e-03 2.427500000000000144e-02 5.635199999999999931e-02 5.453100000000000308e-02 1.860900000000000054e-02 -1.311299999999999966e-02 -9.861200000000000521e-03 2.427299999999999944e-02 5.635199999999999931e-02 5.453100000000000308e-02
8.342600000000000016e-02 2.982500000000000082e-02 -1.581199999999999967e-02 -1.093399999999999928e-02 3.919399999999999967e-02 8.601300000000000612e-02 8.314000000000000556e-02 3.024599999999999858e-02 -1.596600000000000102e-02 -1.090400000000000050e-02 3.919000000000000261e-02 8.601300000000000612e-02 8.314100000000000656e-02
1.188400000000000012e-01 4.500300000000000133e-02 -1.651800000000000143e-02 -9.467200000000000268e-03 5.887499999999999678e-02 1.222899999999999959e-01 1.180400000000000060e-01 4.568599999999999745e-02 -1.675400000000000153e-02 -9.421699999999999867e-03 5.886799999999999672e-02 1.222899999999999959e-01 1.180400000000000060e-01
1.632200000000000040e-01 6.579799999999999538e-02 -1.301199999999999926e-02 -3.200600000000000060e-03 8.570899999999999352e-02 1.674700000000000077e-01 1.613700000000000134e-01 6.688099999999999601e-02 -1.336299999999999988e-02 -3.133100000000000208e-03 8.569899999999999740e-02 1.674700000000000077e-01 1.613700000000000134e-01
2.147499999999999964e-01 9.101099999999999468e-02 -6.244999999999999683e-03 6.840800000000000179e-03 1.182799999999999963e-01 2.198299999999999976e-01 2.114699999999999913e-01 9.260500000000000675e-02 -6.741300000000000417e-03 6.935600000000000098e-03 1.182700000000000001e-01 2.198299999999999976e-01 2.114699999999999913e-01
2.731100000000000194e-01 1.205600000000000005e-01 4.013499999999999707e-03 2.088500000000000079e-02 1.565600000000000047e-01 2.790300000000000002e-01 2.679900000000000060e-01 1.227800000000000002e-01 3.342900000000000212e-03 2.101199999999999943e-02 1.565400000000000125e-01 2.790300000000000002e-01 2.680000000000000160e-01
3.371399999999999952e-01 1.536800000000000110e-01 1.711199999999999874e-02 3.822500000000000203e-02 1.996300000000000019e-01 3.439800000000000080e-01 3.299099999999999810e-01 1.566299999999999915e-01 1.624000000000000096e-02 3.839000000000000051e-02 1.995999999999999996e-01 3.439800000000000080e-01 3.299099999999999810e-01
4.055300000000000016e-01 1.895600000000000063e-01 3.253600000000000242e-02 5.827299999999999841e-02 2.465299999999999991e-01 4.133800000000000252e-01 3.959599999999999786e-01 1.933100000000000096e-01 3.144099999999999673e-02 5.847999999999999726e-02 2.464899999999999869e-01 4.133800000000000252e-01 3.959599999999999786e-01
4.764700000000000046e-01 2.270800000000000041e-01 4.937099999999999822e-02 7.996000000000000330e-02 2.957600000000000229e-01 4.854200000000000181e-01 4.644800000000000040e-01 2.316699999999999871e-01 4.803700000000000331e-02 8.021300000000000652e-02 2.957199999999999829e-01 4.854299999999999726e-01 4.644800000000000040e-01
5.367199999999999749e-01 2.590299999999999825e-01 6.392000000000000459e-02 9.864299999999999458e-02 3.378099999999999992e-01 5.466800000000000548e-01 5.227199999999999624e-01 2.643499999999999739e-01 6.237999999999999795e-02 9.893399999999999417e-02 3.377600000000000047e-01 5.466800000000000548e-01 5.227199999999999624e-01
5.848900000000000210e-01 2.845599999999999796e-01 7.552399999999999392e-02 1.135499999999999982e-01 3.714700000000000224e-01 5.957000000000000073e-01 5.693300000000000027e-01 2.904599999999999960e-01 7.381899999999999573e-02 1.138699999999999990e-01 3.714100000000000179e-01 5.957000000000000073e-01 5.693300000000000027e-01
6.331799999999999651e-01 3.102099999999999858e-01 8.731700000000000572e-02 1.286599999999999966e-01 4.052999999999999936e-01 6.448399999999999688e-01 6.160200000000000120e-01 3.166900000000000270e-01 8.544499999999999318e-02 1.290199999999999958e-01 4.052399999999999891e-01 6.448399999999999688e-01 6.160200000000000120e-01
6.577699999999999658e-01 3.233199999999999963e-01 9.347700000000000453e-02 1.364599999999999980e-01 4.225800000000000112e-01 6.697800000000000420e-01 6.397699999999999498e-01 3.301000000000000045e-01 9.151900000000000313e-02 1.368300000000000072e-01 4.225099999999999967e-01 6.697899999999999965e-01 6.397699999999999498e-01
0.000000000000000000e+00 0.000000000000000000e+00 0.000000000000000000e+00 0.000000000000000000e+00 0.000000000000000000e+00 0.000000000000000000e+00 0.000000000000000000e+00 0.000000000000000000e+00 0.000000000000000000e+00 0.000000000000000000e+00 0.000000000000000000e+00 0.000000000000000000e+00 0.000000000000000000e+00
2.332299999999999879e-04 2.149200000000000090e-04 2.140199999999999872e-04 2.060999999999999952e-04 2.060700000000000108e-04 2.132500000000000064e-04 2.204800000000000032e-04 2.173300000000000080e-04 2.135499999999999866e-04 2.061900000000000028e-04 2.060499999999999940e-04 2.132500000000000064e-04 2.204800000000000032e-04
1.049400000000000029e-03 1.538400000000000097e-03 2.195599999999999809e-03 2.111500000000000096e-03 1.453599999999999988e-03 8.554699999999999934e-04 9.103200000000000527e-04 1.561000000000000104e-03 2.191900000000000098e-03 2.112199999999999842e-03 1.453400000000000091e-03 8.554899999999999831e-04 9.103299999999999934e-04
3.585500000000000145e-03 3.108500000000000152e-03 2.957500000000000059e-03 2.880600000000000088e-03 3.057499999999999888e-03 3.310899999999999867e-03 3.391499999999999983e-03 3.147699999999999804e-03 2.949300000000000185e-03 2.882099999999999853e-03 3.057199999999999935e-03 3.311000000000000141e-03 3.391499999999999983e-03
1.113800000000000033e-02 5.373300000000000125e-03 3.944500000000000198e-04 6.877800000000000320e-04 5.972200000000000425e-03 1.110799999999999982e-02 1.101300000000000022e-02 5.432700000000000376e-03 3.757899999999999782e-04 6.913600000000000214e-04 5.971699999999999925e-03 1.110900000000000082e-02 1.101300000000000022e-02
2.741800000000000140e-02 6.847999999999999921e-03 -1.223699999999999961e-02 -1.069400000000000038e-02 9.444599999999999176e-03 2.865799999999999945e-02 2.792899999999999897e-02 6.891300000000000377e-03 -1.227299999999999919e-02 -1.068700000000000032e-02 9.443999999999999270e-03 2.865799999999999945e-02 2.792899999999999897e-02
4.736100000000000032e-02 1.309899999999999953e-02 -1.823100000000000068e-02 -1.555100000000000059e-02 1.773800000000000029e-02 4.937400000000000122e-02 4.807199999999999668e-02 1.320600000000000072e-02 -1.829899999999999929e-02 -1.553799999999999973e-02 1.773699999999999929e-02 4.937400000000000122e-02 4.807199999999999668e-02
7.800500000000000489e-02 2.554599999999999926e-02 -2.046200000000000102e-02 -1.593200000000000172e-02 3.394500000000000295e-02 8.081900000000000195e-02 7.836600000000000510e-02 2.585799999999999904e-02 -2.059700000000000072e-02 -1.590600000000000000e-02 3.394099999999999895e-02 8.081900000000000195e-02 7.836700000000000610e-02
1.131999999999999951e-01 4.049699999999999828e-02 -2.165399999999999964e-02 -1.497099999999999993e-02 5.328900000000000303e-02 1.169599999999999945e-01 1.131800000000000028e-01 4.104800000000000115e-02 -2.186700000000000102e-02 -1.492899999999999956e-02 5.328399999999999803e-02 1.169599999999999945e-01 1.131800000000000028e-01
1.582000000000000073e-01 6.201999999999999874e-02 -1.728000000000000022e-02 -7.850799999999999793e-03 8.083899999999999419e-02 1.627300000000000135e-01 1.570900000000000074e-01 6.297400000000000220e-02 -1.760899999999999965e-02 -7.787500000000000151e-03 8.082999999999999907e-02 1.627399999999999958e-01 1.570900000000000074e-01
2.087199999999999889e-01 8.627400000000000346e-02 -1.174000000000000044e-02 9.098500000000000251e-04 1.122699999999999948e-01 2.141500000000000070e-01 2.063300000000000134e-01 8.771299999999999930e-02 -1.220899999999999937e-02 9.997300000000001064e-04 1.122599999999999987e-01 2.141500000000000070e-01 2.063300000000000134e-01
2.686399999999999899e-01 1.171900000000000025e-01 6.207500000000000452e-05 1.656099999999999933e-02 1.521299999999999875e-01 2.748300000000000187e-01 2.642399999999999749e-01 1.192799999999999971e-01 -5.866400000000000347e-04 1.668499999999999844e-02 1.521099999999999952e-01 2.748300000000000187e-01 2.642399999999999749e-01
3.331600000000000117e-01 1.506699999999999984e-01 1.353999999999999995e-02 3.434399999999999953e-02 1.956900000000000028e-01 3.402800000000000269e-01 3.265899999999999914e-01 1.534899999999999876e-01 1.268999999999999989e-02 3.450600000000000195e-02 1.956600000000000006e-01 3.402800000000000269e-01 3.265899999999999914e-01
4.026100000000000234e-01 1.874300000000000133e-01 2.996700000000000058e-02 5.545900000000000135e-02 2.436500000000000055e-01 4.106799999999999895e-01 3.935699999999999754e-01 1.910799999999999998e-01 2.888800000000000048e-02 5.566299999999999720e-02 2.436200000000000032e-01 4.106899999999999995e-01 3.935699999999999754e-01
4.746400000000000063e-01 2.257599999999999885e-01 4.777499999999999802e-02 7.820900000000000074e-02 2.939700000000000091e-01 4.837500000000000133e-01 4.630000000000000226e-01 2.302899999999999947e-01 4.645200000000000023e-02 7.846000000000000196e-02 2.939200000000000146e-01 4.837500000000000133e-01 4.630000000000000226e-01
5.359500000000000375e-01 2.584899999999999975e-01 6.325899999999999579e-02 9.791500000000000203e-02 3.370600000000000263e-01 5.459899999999999753e-01 5.221099999999999630e-01 2.637800000000000145e-01 6.172400000000000109e-02 9.820500000000000063e-02 3.370099999999999763e-01 5.459899999999999753e-01 5.221099999999999630e-01
5.849999999999999645e-01 2.846699999999999786e-01 7.564500000000000390e-02 1.136699999999999933e-01 3.715800000000000214e-01 5.957999999999999963e-01 5.694299999999999917e-01 2.905699999999999950e-01 7.393900000000000472e-02 1.139899999999999941e-01 3.715200000000000169e-01 5.957999999999999963e-01 5.694299999999999917e-01
6.334999999999999520e-01 3.104600000000000137e-01 8.761199999999999544e-02 1.289399999999999991e-01 4.056000000000000161e-01 6.451000000000000068e-01 6.162999999999999590e-01 3.169500000000000095e-01 8.573799999999999477e-02 1.292899999999999883e-01 4.055400000000000116e-01 6.451000000000000068e-01 6.162900000000000045e-01
6.577699999999999658e-01 3.233199999999999963e-01 9.347700000000000453e-02 1.364599999999999980e-01 4.225800000000000112e-01 6.697800000000000420e-01 6.397699999999999498e-01 3.301000000000000045e-01 9.151900000000000313e-02 1.368300000000000072e-01 4.225099999999999967e-01 6.697899999999999965e-01 6.397699999999999498e-01
