0.000000000000000000e+00 0.000000000000000000e+00 0.000000000000000000e+00 0.000000000000000000e+00 0.000000000000000000e+00 0.000000000000000000e+00 0.000000000000000000e+00 0.000000000000000000e+00 0.000000000000000000e+00 0.000000000000000000e+00 0.000000000000000000e+00 0.000000000000000000e+00 0.000000000000000000e+00
1.743500000000000095e-04 -2.260700000000000090e-04 -2.576300000000000118e-04 5.463999999999999863e-05 4.176200000000000029e-04 4.453899999999999895e-04 1.344399999999999935e-04 -2.162099999999999916e-04 -2.596000000000000217e-04 5.493200000000000193e-05 4.176000000000000133e-04 4.453899999999999895e-04 1.344399999999999935e-04
3.840299999999999942e-04 3.787800000000000021e-04 2.721000000000000003e-04 4.210199999999999772e-05 -1.625799999999999918e-05 1.088899999999999959e-04 3.123600000000000248e-04 3.918200000000000263e-04 2.695999999999999937e-04 4.260599999999999831e-05 -1.631600000000000099e-05 1.088899999999999959e-04 3.123600000000000248e-04
8.675400000000000320e-05 4.166000000000000432e-03 4.052499999999999679e-03 -1.286899999999999893e-04 -4.114900000000000328e-03 -3.889300000000000049e-03 1.721100000000000039e-04 4.125799999999999780e-03 4.060900000000000100e-03 -1.294099999999999960e-04 -4.114900000000000328e-03 -3.889300000000000049e-03 1.721100000000000039e-04
5.357699999999999962e-03 1.462600000000000011e-02 1.416300000000000024e-02 3.687499999999999806e-03 -5.804300000000000084e-03 -4.983500000000000082e-03 5.065899999999999917e-03 1.462100000000000032e-02 1.416700000000000077e-02 3.688900000000000165e-03 -5.804799999999999717e-03 -4.983500000000000082e-03 5.065899999999999917e-03
1.416500000000000051e-02 3.289000000000000257e-02 3.186800000000000049e-02 1.010199999999999987e-02 -9.307700000000000348e-03 -7.441699999999999877e-03 1.331099999999999992e-02 3.291399999999999881e-02 3.186900000000000149e-02 1.010699999999999966e-02 -9.308900000000000161e-03 -7.441699999999999877e-03 1.331099999999999992e-02
2.591699999999999907e-02 5.628099999999999770e-02 5.453500000000000014e-02 1.859999999999999848e-02 -1.311000000000000013e-02 -9.861200000000000521e-03 2.427299999999999944e-02 5.635199999999999931e-02 5.453100000000000308e-02 1.860900000000000054e-02 -1.311200000000000039e-02 -9.861200000000000521e-03 2.427299999999999944e-02
4.197800000000000142e-02 8.585500000000000076e-02 8.315599999999999381e-02 3.023100000000000093e-02 -1.595999999999999849e-02 -1.090400000000000050e-02 3.919000000000000261e-02 8.601300000000000612e-02 8.314100000000000656e-02 3.024699999999999958e-02 -1.596300000000000149e-02 -1.090400000000000050e-02 3.919000000000000261e-02
6.328999999999999904e-02 1.219699999999999951e-01 1.180800000000000044e-01 4.566100000000000020e-02 -1.674499999999999947e-02 -9.421699999999999867e-03 5.886799999999999672e-02 1.222899999999999959e-01 1.180400000000000060e-01 4.568599999999999745e-02 -1.675000000000000100e-02 -9.421699999999999867e-03 5.886799999999999672e-02
9.256200000000000538e-02 1.668800000000000006e-01 1.614500000000000102e-01 6.684199999999999864e-02 -1.334899999999999975e-02 -3.133100000000000208e-03 8.569899999999999740e-02 1.674700000000000077e-01 1.613700000000000134e-01 6.688199999999999701e-02 -1.335700000000000082e-02 -3.133100000000000208e-03 8.569899999999999740e-02
1.282099999999999906e-01 2.188700000000000090e-01 2.116099999999999925e-01 9.254600000000000326e-02 -6.721500000000000044e-03 6.935600000000000098e-03 1.182700000000000001e-01 2.198299999999999976e-01 2.114699999999999913e-01 9.260599999999999388e-02 -6.732300000000000090e-03 6.935600000000000098e-03 1.182700000000000001e-01
1.702299999999999924e-01 2.776100000000000234e-01 2.682200000000000140e-01 1.227000000000000035e-01 3.369700000000000212e-03 2.101199999999999943e-02 1.565400000000000125e-01 2.790300000000000002e-01 2.680000000000000160e-01 1.227899999999999964e-01 3.355299999999999862e-03 2.101199999999999943e-02 1.565400000000000125e-01
2.176099999999999979e-01 3.420199999999999907e-01 3.302200000000000135e-01 1.565199999999999925e-01 1.627500000000000127e-02 3.839000000000000051e-02 1.995999999999999996e-01 3.439800000000000080e-01 3.299099999999999810e-01 1.566299999999999915e-01 1.625700000000000062e-02 3.839000000000000051e-02 1.995999999999999996e-01
2.692700000000000093e-01 4.108200000000000185e-01 3.963700000000000001e-01 1.931700000000000084e-01 3.148499999999999910e-02 5.847999999999999726e-02 2.464899999999999869e-01 4.133800000000000252e-01 3.959599999999999786e-01 1.933100000000000096e-01 3.146199999999999691e-02 5.847999999999999726e-02 2.464899999999999869e-01
3.235399999999999943e-01 4.822400000000000020e-01 4.650000000000000244e-01 2.315000000000000113e-01 4.809100000000000180e-02 8.021300000000000652e-02 2.957199999999999829e-01 4.854299999999999726e-01 4.644800000000000040e-01 2.316799999999999971e-01 4.806300000000000155e-02 8.021300000000000652e-02 2.957199999999999829e-01
3.698799999999999866e-01 5.429699999999999527e-01 5.233299999999999619e-01 2.641499999999999959e-01 6.244299999999999851e-02 9.893399999999999417e-02 3.377600000000000047e-01 5.466800000000000548e-01 5.227199999999999624e-01 2.643499999999999739e-01 6.241000000000000020e-02 9.893399999999999417e-02 3.377600000000000047e-01
4.069699999999999984e-01 5.915700000000000403e-01 5.700100000000000167e-01 2.902399999999999980e-01 7.388799999999999535e-02 1.138699999999999990e-01 3.714100000000000179e-01 5.957000000000000073e-01 5.693300000000000027e-01 2.904700000000000060e-01 7.385200000000000098e-02 1.138699999999999990e-01 3.714100000000000179e-01
4.442599999999999882e-01 6.402900000000000258e-01 6.167700000000000404e-01 3.164500000000000091e-01 8.552099999999999980e-02 1.290199999999999958e-01 4.052399999999999891e-01 6.448399999999999688e-01 6.160200000000000120e-01 3.166900000000000270e-01 8.548200000000000243e-02 1.290199999999999958e-01 4.052399999999999891e-01
4.633300000000000196e-01 6.650199999999999445e-01 6.405499999999999527e-01 3.298499999999999766e-01 9.159899999999999987e-02 1.368300000000000072e-01 4.225099999999999967e-01 6.697899999999999965e-01 6.397699999999999498e-01 3.301100000000000145e-01 9.155699999999999950e-02 1.368300000000000072e-01 4.225099999999999967e-01
0.000000000000000000e+00 0.000000000000000000e+00 0.000000000000000000e+00 0.000000000000000000e+00 0.000000000000000000e+00 0.000000000000000000e+00 0.000000000000000000e+00 0.000000000000000000e+00 0.000000000000000000e+00 0.000000000000000000e+00 0.000000000000000000e+00 0.000000000000000000e+00 0.000000000000000000e+00
2.206400000000000017e-04 2.105999999999999962e-04 2.209599999999999986e-04 2.172400000000000004e-04 2.135600000000000085e-04 2.061900000000000028e-04 2.060499999999999940e-04 2.132500000000000064e-04 2.204800000000000032e-04 2.173300000000000080e-04 2.135499999999999866e-04 2.061900000000000028e-04 2.060499999999999940e-04
1.584300000000000075e-03 8.278600000000000325e-04 9.155800000000000397e-04 1.560100000000000028e-03 2.191999999999999938e-03 2.112199999999999842e-03 1.453400000000000091e-03 8.554899999999999831e-04 9.103299999999999934e-04 1.561000000000000104e-03 2.191900000000000098e-03 2.112199999999999842e-03 1.453400000000000091e-03
3.293799999999999940e-03 3.270100000000000177e-03 3.398899999999999838e-03 3.146200000000000038e-03 2.949600000000000138e-03 2.882099999999999853e-03 3.057199999999999935e-03 3.311000000000000141e-03 3.391499999999999983e-03 3.147699999999999804e-03 2.949400000000000025e-03 2.882099999999999853e-03 3.057199999999999935e-03
6.355900000000000265e-03 1.107200000000000024e-02 1.101800000000000002e-02 5.430500000000000431e-03 3.765299999999999745e-04 6.913600000000000214e-04 5.971699999999999925e-03 1.110900000000000082e-02 1.101300000000000022e-02 5.432799999999999782e-03 3.761099999999999752e-04 6.913600000000000214e-04 5.971699999999999925e-03
9.818800000000000791e-03 2.872299999999999853e-02 2.791199999999999931e-02 6.889799999999999744e-03 -1.227199999999999992e-02 -1.068700000000000032e-02 9.443999999999999270e-03 2.865799999999999945e-02 2.792899999999999897e-02 6.891300000000000377e-03 -1.227199999999999992e-02 -1.068700000000000032e-02 9.443999999999999270e-03
1.856700000000000017e-02 4.945000000000000090e-02 4.804900000000000143e-02 1.320200000000000019e-02 -1.829599999999999976e-02 -1.553799999999999973e-02 1.773699999999999929e-02 4.937400000000000122e-02 4.807199999999999668e-02 1.320600000000000072e-02 -1.829799999999999829e-02 -1.553799999999999973e-02 1.773699999999999929e-02
3.606899999999999690e-02 8.078399999999999470e-02 7.835899999999999810e-02 2.584699999999999845e-02 -2.059100000000000166e-02 -1.590600000000000000e-02 3.394099999999999895e-02 8.081900000000000195e-02 7.836700000000000610e-02 2.585799999999999904e-02 -2.059400000000000119e-02 -1.590600000000000000e-02 3.394099999999999895e-02
5.692300000000000137e-02 1.168000000000000010e-01 1.131899999999999989e-01 4.102800000000000197e-02 -2.185899999999999996e-02 -1.492899999999999956e-02 5.328399999999999803e-02 1.169599999999999945e-01 1.131800000000000028e-01 4.104900000000000215e-02 -2.186400000000000149e-02 -1.492899999999999956e-02 5.328399999999999803e-02
8.691699999999999426e-02 1.622899999999999898e-01 1.571500000000000119e-01 6.293899999999999495e-02 -1.759600000000000053e-02 -7.787500000000000151e-03 8.082999999999999907e-02 1.627399999999999958e-01 1.570900000000000074e-01 6.297500000000000320e-02 -1.760300000000000059e-02 -7.787500000000000151e-03 8.082999999999999907e-02
1.212799999999999989e-01 2.133700000000000041e-01 2.064400000000000124e-01 8.766100000000000281e-02 -1.219100000000000045e-02 9.997300000000001064e-04 1.122599999999999987e-01 2.141500000000000070e-01 2.063300000000000134e-01 8.771500000000000130e-02 -1.220100000000000004e-02 9.997300000000001064e-04 1.122599999999999987e-01
1.650600000000000123e-01 2.735500000000000154e-01 2.644400000000000084e-01 1.192000000000000004e-01 -5.606300000000000042e-04 1.668499999999999844e-02 1.521099999999999952e-01 2.748300000000000187e-01 2.642399999999999749e-01 1.192799999999999971e-01 -5.745099999999999730e-04 1.668499999999999844e-02 1.521099999999999952e-01
2.129800000000000026e-01 3.384499999999999731e-01 3.268800000000000039e-01 1.533899999999999986e-01 1.272399999999999920e-02 3.450600000000000195e-02 1.956600000000000006e-01 3.402800000000000269e-01 3.265899999999999914e-01 1.534999999999999976e-01 1.270600000000000028e-02 3.450600000000000195e-02 1.956600000000000006e-01
2.658499999999999752e-01 4.082299999999999818e-01 3.939599999999999769e-01 1.909399999999999986e-01 2.893199999999999938e-02 5.566299999999999720e-02 2.436200000000000032e-01 4.106899999999999995e-01 3.935699999999999754e-01 1.910799999999999998e-01 2.890900000000000067e-02 5.566299999999999720e-02 2.436200000000000032e-01
3.213799999999999990e-01 4.806400000000000117e-01 4.635000000000000231e-01 2.301300000000000012e-01 4.650599999999999873e-02 7.846000000000000196e-02 2.939200000000000146e-01 4.837500000000000133e-01 4.630000000000000226e-01 2.303000000000000047e-01 4.647799999999999848e-02 7.846000000000000196e-02 2.939200000000000146e-01
3.689600000000000102e-01 5.423099999999999588e-01 5.227199999999999624e-01 2.635899999999999910e-01 6.178700000000000164e-02 9.820500000000000063e-02 3.370099999999999763e-01 5.459899999999999753e-01 5.221099999999999630e-01 2.637900000000000245e-01 6.175400000000000333e-02 9.820500000000000063e-02 3.370099999999999763e-01
4.070699999999999874e-01 5.916700000000000292e-01 5.701100000000000056e-01 2.903499999999999970e-01 7.400900000000000534e-02 1.139899999999999941e-01 3.715200000000000169e-01 5.957999999999999963e-01 5.694299999999999917e-01 2.905800000000000050e-01 7.397299999999999709e-02 1.139899999999999941e-01 3.715200000000000169e-01
4.446100000000000052e-01 6.405399999999999983e-01 6.170400000000000329e-01 3.167099999999999915e-01 8.581400000000000139e-02 1.292899999999999883e-01 4.055400000000000116e-01 6.451000000000000068e-01 6.162900000000000045e-01 3.169600000000000195e-01 8.577400000000000302e-02 1.292899999999999883e-01 4.055400000000000116e-01
4.633300000000000196e-01 6.650199999999999445e-01 6.405499999999999527e-01 3.298499999999999766e-01 9.159899999999999987e-02 1.368300000000000072e-01 4.225099999999999967e-01 6.697899999999999965e-01 6.397699999999999498e-01 3.301100000000000145e-01 9.155699999999999950e-02 1.368300000000000072e-01 4.225099999999999967e-01
