1.000000000000000000e+00 -1.558489999999999931e+00 3.605740000000000056e-01 1.500000000000000000e+00
2.870000000000000000e+02 -1.725266219999999961e+00 3.958840900000000218e-01 2.860072324999999971e+00
1.010000000000000000e+03 -2.056248189999999809e+00 4.601100000000000190e-01 5.600602519999999807e+00
1.886000000000000000e+03 -2.356324199999999980e+00 5.101049000000000833e-01 8.321706499999999451e+00
3.042000000000000000e+03 -2.648639000000000188e+00 5.719800000000000439e-01 1.174464110000000083e+01
4.109000000000000000e+03 -2.702446000000000126e+00 4.791300000000000003e-01 1.584810279999999949e+01
5.423000000000000000e+03 -2.576508000000000020e+00 3.669899999999999829e-01 1.994228400000000079e+01
6.667000000000000000e+03 -2.431926999999999950e+00 2.667152700000000043e-01 2.404749600000000243e+01
7.843000000000000000e+03 -2.259720000000000173e+00 1.684739999999999849e-01 2.814450100000000177e+01
8.940000000000000000e+03 -2.066699999999999982e+00 9.905900000000000816e-02 3.225458899999999574e+01
9.994000000000000000e+03 -1.872180000000000177e+00 5.636300000000005195e-02 3.636742499999999723e+01
1.095700000000000000e+04 -1.669350000000000112e+00 5.546399999999995778e-02 4.047467199999999821e+01
1.184300000000000000e+04 -1.459330000000000016e+00 9.142999999999990024e-02 4.459582199999999830e+01
1.268800000000000000e+04 -1.243659999999999988e+00 1.752699999999998148e-01 4.872155999999999665e+01
1.345300000000000000e+04 -1.024839999999999973e+00 2.894400000000001416e-01 5.284191000000000571e+01
1.412000000000000000e+04 -8.409599999999999298e-01 3.986700000000000799e-01 5.629058999999999457e+01
1.459000000000000000e+04 -6.558700000000000641e-01 4.881500000000000838e-01 5.904438999999999993e+01
1.495500000000000000e+04 -2.065569999999999906e-01 5.678099999999997038e-01 6.178298000000000201e+01
1.518600000000000000e+04 1.848000000000005194e-02 6.032000000000001805e-01 6.316252000000000066e+01
1.370000000000000000e+02 1.558489999999999931e+00 -3.636220000000000008e-01 1.500000000000000000e+00
3.970000000000000000e+02 1.725263250000000026e+00 -4.053309999999999969e-01 2.859939975000000079e+00
1.218000000000000000e+03 1.818815470000000101e+00 -4.381586000000000092e-01 5.599768309999999971e+00
2.088000000000000000e+03 1.846690900000000024e+00 -4.606750000000000012e-01 8.319523470000000032e+00
3.242000000000000000e+03 1.786617999999999817e+00 -4.671909999999999674e-01 1.173907037000000031e+01
4.428000000000000000e+03 1.852227999999999986e+00 -4.648419999999999774e-01 1.583833420000000025e+01
5.729000000000000000e+03 1.804613999999999940e+00 -4.447100000000000497e-01 1.992833519999999936e+01
6.960000000000000000e+03 1.759449000000000041e+00 -4.348269999999999635e-01 2.402923545000000161e+01
8.118000000000000000e+03 1.704969999999999875e+00 -4.177449999999999775e-01 2.812156769999999995e+01
9.204000000000000000e+03 1.652170000000000138e+00 -3.788659999999999806e-01 3.222664259999999814e+01
1.023900000000000000e+04 1.608820000000000139e+00 -3.256800000000000805e-01 3.633506899999999717e+01
1.118100000000000000e+04 1.573749999999999982e+00 -2.440499999999999892e-01 4.043788799999999384e+01
1.205600000000000000e+04 1.542479999999999851e+00 -1.395200000000000884e-01 4.455554000000000059e+01
1.287800000000000000e+04 1.515369999999999884e+00 -6.519999999999859241e-03 4.867938900000000046e+01
1.364000000000000000e+04 1.490590000000000082e+00 1.514099999999998225e-01 5.279868900000000309e+01
1.425500000000000000e+04 1.471086000000000116e+00 2.944599999999999440e-01 5.624720999999999549e+01
1.468800000000000000e+04 1.430182999999999982e+00 4.105799999999999450e-01 5.900297000000000480e+01
1.503200000000000000e+04 1.212698000000000054e+00 5.188399999999999679e-01 6.175397000000000247e+01
1.522200000000000000e+04 1.103979999999999961e+00 5.676000000000001044e-01 6.313991999999999649e+01
