1.000000000000000000e+00 0.000000000000000000e+00 0.000000000000000000e+00 0.000000000000000000e+00 0.000000000000000000e+00
2.870000000000000000e+02 1.344399999999999935e-04 5.192999999999999916e-04 -6.228699999999999504e-05 5.400300000000000456e-04
1.010000000000000000e+03 3.123600000000000248e-04 3.393100000000000022e-03 -3.183700000000000028e-04 3.422300000000000082e-03
1.886000000000000000e+03 1.721100000000000039e-04 9.327200000000000768e-03 -7.691899999999999996e-04 9.360500000000000764e-03
3.042000000000000000e+03 5.065899999999999917e-03 4.830700000000000272e-02 -5.979699999999999686e-04 4.857600000000000112e-02
4.109000000000000000e+03 1.331099999999999992e-02 9.828499999999999737e-02 7.414099999999999640e-04 9.918499999999999539e-02
5.423000000000000000e+03 2.427299999999999944e-02 1.711199999999999943e-01 3.651999999999999864e-03 1.728699999999999959e-01
6.667000000000000000e+03 3.919000000000000261e-02 2.683800000000000074e-01 8.012099999999999431e-03 2.713400000000000256e-01
7.843000000000000000e+03 5.886799999999999672e-02 3.916899999999999826e-01 1.462800000000000038e-02 3.963599999999999901e-01
8.940000000000000000e+03 8.569899999999999740e-02 5.647600000000000398e-01 2.471500000000000086e-02 5.717600000000000460e-01
9.994000000000000000e+03 1.182700000000000001e-01 7.788000000000000478e-01 3.789900000000000213e-02 7.886400000000000077e-01
1.095700000000000000e+04 1.565400000000000125e-01 1.052999999999999936e+00 5.593499999999999861e-02 1.066000000000000059e+00
1.184300000000000000e+04 1.995999999999999996e-01 1.380300000000000082e+00 7.829500000000000348e-02 1.396800000000000042e+00
1.268800000000000000e+04 2.464899999999999869e-01 1.768599999999999950e+00 1.056700000000000000e-01 1.788799999999999946e+00
1.345300000000000000e+04 2.957199999999999829e-01 2.207500000000000018e+00 1.380800000000000083e-01 2.231500000000000039e+00
1.412000000000000000e+04 3.377600000000000047e-01 2.604999999999999982e+00 1.687800000000000133e-01 2.632200000000000095e+00
1.459000000000000000e+04 3.714100000000000179e-01 2.934400000000000119e+00 1.945699999999999930e-01 2.964199999999999946e+00
1.495500000000000000e+04 4.052399999999999891e-01 3.256600000000000161e+00 2.166899999999999937e-01 3.288800000000000168e+00
1.518600000000000000e+04 4.225099999999999967e-01 3.417400000000000215e+00 2.279899999999999982e-01 3.450899999999999856e+00
1.370000000000000000e+02 0.000000000000000000e+00 0.000000000000000000e+00 0.000000000000000000e+00 0.000000000000000000e+00
3.970000000000000000e+02 2.060499999999999940e-04 9.887299999999999475e-04 9.260299999999999413e-05 1.014200000000000041e-03
1.218000000000000000e+03 1.453400000000000091e-03 5.263499999999999950e-03 3.870500000000000025e-04 5.474099999999999973e-03
2.088000000000000000e+03 3.057199999999999935e-03 1.439999999999999961e-02 9.456900000000000072e-04 1.475100000000000022e-02
3.242000000000000000e+03 5.971699999999999925e-03 3.941299999999999665e-02 2.413799999999999800e-03 3.993599999999999928e-02
4.428000000000000000e+03 9.443999999999999270e-03 7.835100000000000398e-02 3.448300000000000063e-03 7.899399999999999478e-02
5.729000000000000000e+03 1.773699999999999929e-02 1.438200000000000034e-01 4.388600000000000313e-03 1.449699999999999878e-01
6.960000000000000000e+03 3.394099999999999895e-02 2.301900000000000057e-01 6.010500000000000217e-03 2.327599999999999947e-01
8.118000000000000000e+03 5.328399999999999803e-02 3.462299999999999822e-01 8.866900000000000476e-03 3.504099999999999993e-01
9.204000000000000000e+03 8.082999999999999907e-02 5.108500000000000263e-01 1.436600000000000030e-02 5.174100000000000366e-01
1.023900000000000000e+04 1.122599999999999987e-01 7.205799999999999983e-01 2.318299999999999875e-02 7.296399999999999553e-01
1.118100000000000000e+04 1.521099999999999952e-01 9.875800000000000134e-01 3.638999999999999874e-02 9.998799999999999910e-01
1.205600000000000000e+04 1.956600000000000006e-01 1.309500000000000108e+00 5.446600000000000052e-02 1.325099999999999945e+00
1.287800000000000000e+04 2.436200000000000032e-01 1.694199999999999928e+00 7.887600000000000167e-02 1.713500000000000023e+00
1.364000000000000000e+04 2.939200000000000146e-01 2.132099999999999884e+00 1.088999999999999968e-01 2.154999999999999805e+00
1.425500000000000000e+04 3.370099999999999763e-01 2.531000000000000139e+00 1.381999999999999895e-01 2.556999999999999940e+00
1.468800000000000000e+04 3.715200000000000169e-01 2.866000000000000103e+00 1.645899999999999863e-01 2.894699999999999829e+00
1.503200000000000000e+04 4.055400000000000116e-01 3.208400000000000141e+00 1.954100000000000004e-01 3.239900000000000002e+00
1.522200000000000000e+04 4.225099999999999967e-01 3.379300000000000193e+00 2.112900000000000056e-01 3.412199999999999900e+00
