1.000000000000000000e+00 -1.558489999999999931e+00 3.605740000000000056e-01 1.500000000000000000e+00
2.870000000000000000e+02 -1.725309540000000030e+00 3.958632400000000051e-01 2.860077732999999789e+00
1.010000000000000000e+03 -2.056370329999999580e+00 4.599410999999999916e-01 5.600644809999999474e+00
1.886000000000000000e+03 -2.356389300000000020e+00 5.095600000000000129e-01 8.321817600000001036e+00
3.042000000000000000e+03 -2.649093000000000142e+00 5.688720000000000443e-01 1.174478599999999950e+01
4.109000000000000000e+03 -2.703491000000000088e+00 4.729089999999999683e-01 1.584820209999999996e+01
5.423000000000000000e+03 -2.578329000000000093e+00 3.562999999999999501e-01 1.994222999999999857e+01
6.667000000000000000e+03 -2.434798999999999936e+00 2.500252699999999662e-01 2.404718899999999948e+01
7.843000000000000000e+03 -2.263970000000000038e+00 1.441440000000000221e-01 2.814378800000000069e+01
8.940000000000000000e+03 -2.072799999999999976e+00 6.421900000000002606e-02 3.225325499999999579e+01
9.994000000000000000e+03 -1.880540000000000100e+00 8.703000000000016279e-03 3.636528799999999961e+01
1.095700000000000000e+04 -1.680379999999999985e+00 -8.216000000000001080e-03 4.047146499999999492e+01
1.184300000000000000e+04 -1.473389999999999977e+00 9.029999999999871463e-03 4.459132699999999971e+01
1.268800000000000000e+04 -1.261070000000000135e+00 7.156999999999991147e-02 4.871555999999999642e+01
1.345300000000000000e+04 -1.045760000000000023e+00 1.625400000000001288e-01 5.283422000000000196e+01
1.412000000000000000e+04 -8.649000000000000021e-01 2.519700000000000273e-01 5.628140999999999394e+01
1.459000000000000000e+04 -6.822200000000000486e-01 3.258500000000004171e-01 5.903405000000000058e+01
1.495500000000000000e+04 -2.353469999999999729e-01 3.921099999999997365e-01 6.177188999999999908e+01
1.518600000000000000e+04 -1.151000000000002021e-02 4.209000000000000519e-01 6.315103999999999473e+01
1.370000000000000000e+02 1.558489999999999931e+00 -3.636220000000000008e-01 1.500000000000000000e+00
3.970000000000000000e+02 1.725270489999999990e+00 -4.053970499999999810e-01 2.859940014999999836e+00
1.218000000000000000e+03 1.818870470000000017e+00 -4.385194000000000036e-01 5.599774969999999463e+00
2.088000000000000000e+03 1.846771700000000127e+00 -4.616309999999999580e-01 8.319541120000000234e+00
3.242000000000000000e+03 1.786522999999999861e+00 -4.696659999999999724e-01 1.173910711999999990e+01
4.428000000000000000e+03 1.851499000000000006e+00 -4.694659999999999944e-01 1.583838040000000014e+01
5.729000000000000000e+03 1.803311999999999804e+00 -4.532000000000000473e-01 1.992837940000000074e+01
6.960000000000000000e+03 1.756996000000000002e+00 -4.483869999999999800e-01 2.402924099000000169e+01
8.118000000000000000e+03 1.701189999999999980e+00 -4.380249999999999977e-01 2.812146150000000233e+01
9.204000000000000000e+03 1.646540000000000115e+00 -4.087359999999999882e-01 3.222628379999999737e+01
1.023900000000000000e+04 1.600999999999999979e+00 -3.676000000000000378e-01 3.633426899999999904e+01
1.118100000000000000e+04 1.563169999999999948e+00 -3.011000000000000343e-01 4.043640999999999508e+01
1.205600000000000000e+04 1.528799999999999937e+00 -2.144200000000000550e-01 4.455311999999999983e+01
1.287800000000000000e+04 1.498269999999999991e+00 -1.022199999999999775e-01 4.867570800000000020e+01
1.364000000000000000e+04 1.469849999999999879e+00 3.281000000000000583e-02 5.279347800000000035e+01
1.425500000000000000e+04 1.447226000000000123e+00 1.558600000000001096e-01 5.624054999999999893e+01
1.468800000000000000e+04 1.403833000000000109e+00 2.558799999999998853e-01 5.899504000000000303e+01
1.503200000000000000e+04 1.183918000000000026e+00 3.483400000000003160e-01 6.174455000000000382e+01
1.522200000000000000e+04 1.073990000000000000e+00 3.892999999999999794e-01 6.312973999999999819e+01
