1.000000000000000000e+00 0.000000000000000000e+00 0.000000000000000000e+00 0.000000000000000000e+00 0.000000000000000000e+00
2.870000000000000000e+02 1.743500000000000095e-04 5.724900000000000431e-04 -7.296199999999999702e-05 6.028799999999999741e-04
1.010000000000000000e+03 3.840299999999999942e-04 3.768500000000000148e-03 -3.906100000000000023e-04 3.808100000000000027e-03
1.886000000000000000e+03 8.675400000000000320e-05 1.041000000000000085e-02 -9.653799999999999491e-04 1.045500000000000075e-02
3.042000000000000000e+03 5.357699999999999962e-03 5.380100000000000160e-02 -9.202000000000000327e-04 5.407399999999999707e-02
4.109000000000000000e+03 1.416500000000000051e-02 1.097100000000000020e-01 4.479299999999999753e-04 1.106300000000000061e-01
5.423000000000000000e+03 2.591699999999999907e-02 1.913199999999999901e-01 3.608899999999999955e-03 1.930999999999999939e-01
6.667000000000000000e+03 4.197800000000000142e-02 3.004600000000000048e-01 8.411399999999999433e-03 3.034899999999999820e-01
7.843000000000000000e+03 6.328999999999999904e-02 4.391300000000000203e-01 1.578500000000000042e-02 4.439500000000000113e-01
8.940000000000000000e+03 9.256200000000000538e-02 6.343800000000000550e-01 2.710900000000000115e-02 6.416699999999999626e-01
9.994000000000000000e+03 1.282099999999999906e-01 8.763699999999999823e-01 4.197900000000000242e-02 8.866899999999999782e-01
1.095700000000000000e+04 1.702299999999999924e-01 1.187300000000000022e+00 6.242199999999999832e-02 1.201100000000000056e+00
1.184300000000000000e+04 2.176099999999999979e-01 1.559399999999999897e+00 8.785300000000000054e-02 1.576899999999999968e+00
1.268800000000000000e+04 2.692700000000000093e-01 2.001799999999999802e+00 1.190900000000000014e-01 2.023400000000000087e+00
1.345300000000000000e+04 3.235399999999999943e-01 2.502899999999999903e+00 1.561400000000000010e-01 2.528500000000000192e+00
1.412000000000000000e+04 3.698799999999999866e-01 2.957199999999999829e+00 1.912800000000000056e-01 2.986400000000000166e+00
1.459000000000000000e+04 4.069699999999999984e-01 3.333800000000000097e+00 2.208400000000000085e-01 3.365800000000000125e+00
1.495500000000000000e+04 4.442599999999999882e-01 3.701600000000000001e+00 2.462799999999999989e-01 3.736299999999999955e+00
1.518600000000000000e+04 4.633300000000000196e-01 3.885099999999999998e+00 2.592800000000000105e-01 3.921199999999999797e+00
1.370000000000000000e+02 0.000000000000000000e+00 0.000000000000000000e+00 0.000000000000000000e+00 0.000000000000000000e+00
3.970000000000000000e+02 2.206400000000000017e-04 1.104100000000000003e-03 1.085300000000000061e-04 1.131099999999999901e-03
1.218000000000000000e+03 1.584300000000000075e-03 5.878300000000000365e-03 4.479500000000000192e-04 6.104499999999999683e-03
2.088000000000000000e+03 3.293799999999999940e-03 1.607799999999999854e-02 1.087300000000000029e-03 1.644800000000000081e-02
3.242000000000000000e+03 6.355900000000000265e-03 4.395700000000000301e-02 2.768899999999999920e-03 4.449999999999999789e-02
4.428000000000000000e+03 9.818800000000000791e-03 8.731600000000000472e-02 3.983699999999999741e-03 8.795600000000000640e-02
5.729000000000000000e+03 1.856700000000000017e-02 1.605100000000000138e-01 5.071499999999999619e-03 1.616599999999999981e-01
6.960000000000000000e+03 3.606899999999999690e-02 2.574100000000000277e-01 6.918200000000000217e-03 2.600100000000000189e-01
8.118000000000000000e+03 5.692300000000000137e-02 3.876100000000000101e-01 1.015300000000000057e-02 3.919000000000000261e-01
9.204000000000000000e+03 8.691699999999999426e-02 5.727799999999999558e-01 1.634599999999999942e-02 5.795700000000000296e-01
1.023900000000000000e+04 1.212799999999999989e-01 8.093599999999999683e-01 2.631000000000000005e-02 8.188199999999999923e-01
1.118100000000000000e+04 1.650600000000000123e-01 1.111299999999999955e+00 4.125199999999999700e-02 1.124200000000000088e+00
1.205600000000000000e+04 2.129800000000000026e-01 1.476399999999999935e+00 6.175599999999999840e-02 1.492899999999999894e+00
1.287800000000000000e+04 2.658499999999999752e-01 1.913699999999999957e+00 8.949600000000000610e-02 1.934199999999999919e+00
1.364000000000000000e+04 3.213799999999999990e-01 2.412799999999999834e+00 1.236899999999999944e-01 2.437300000000000022e+00
1.425500000000000000e+04 3.689600000000000102e-01 2.868199999999999861e+00 1.571200000000000097e-01 2.896100000000000119e+00
1.468800000000000000e+04 4.070699999999999874e-01 3.251300000000000079e+00 1.872399999999999898e-01 3.282000000000000028e+00
1.503200000000000000e+04 4.446100000000000052e-01 3.643400000000000194e+00 2.223999999999999866e-01 3.677200000000000024e+00
1.522200000000000000e+04 4.633300000000000196e-01 3.839100000000000179e+00 2.405200000000000116e-01 3.874499999999999833e+00
