1.000000000000000000e+00 -1.558489999999999931e+00 3.605740000000000056e-01 1.500000000000000000e+00
2.870000000000000000e+02 -1.724632409999999894e+00 3.956220800000000426e-01 2.859806639999999955e+00
1.010000000000000000e+03 -2.056656339999999972e+00 4.595369000000000259e-01 5.598794400000000060e+00
1.886000000000000000e+03 -2.364564899999999970e+00 5.106291000000000579e-01 8.316838399999999965e+00
3.042000000000000000e+03 -2.669064800000000126e+00 5.699690000000000589e-01 1.173415110000000006e+01
4.109000000000000000e+03 -2.744669099999999862e+00 4.774029999999999663e-01 1.583313569999999970e+01
5.423000000000000000e+03 -2.645971999999999991e+00 3.612699999999999800e-01 1.992437939999999941e+01
6.667000000000000000e+03 -2.533903999999999712e+00 2.554452700000000021e-01 2.402731819999999985e+01
7.843000000000000000e+03 -2.398762000000000061e+00 1.501139999999999974e-01 2.812269420000000153e+01
8.940000000000000000e+03 -2.247530000000000250e+00 7.071899999999997632e-02 3.223150899999999552e+01
9.994000000000000000e+03 -2.098746100000000059e+00 1.586300000000007149e-02 3.634340000000000259e+01
1.095700000000000000e+04 -1.945030199999999931e+00 6.040000000000489422e-04 4.045002499999999657e+01
1.184300000000000000e+04 -1.787061000000000011e+00 2.042999999999994820e-02 4.457089399999999557e+01
1.268800000000000000e+04 -1.625588000000000033e+00 8.687000000000000277e-02 4.869663399999999598e+01
1.345300000000000000e+04 -1.462210000000000010e+00 1.828399999999998915e-01 5.281725000000000136e+01
1.412000000000000000e+04 -1.325245000000000006e+00 2.771700000000003605e-01 5.626630999999999716e+01
1.459000000000000000e+04 -1.177734999999999976e+00 3.554500000000002657e-01 5.902103999999999928e+01
1.495500000000000000e+04 -7.659340000000000037e-01 4.255100000000000549e-01 6.176435000000000031e+01
1.518600000000000000e+04 -5.597630000000000106e-01 4.562000000000003830e-01 6.314624999999999488e+01
1.370000000000000000e+02 1.558489999999999931e+00 -3.636220000000000008e-01 1.500000000000000000e+00
3.970000000000000000e+02 1.725263549999999979e+00 -4.054903300000000099e-01 2.860254029999999670e+00
1.218000000000000000e+03 1.820151899999999934e+00 -4.392486999999999919e-01 5.601054599999999439e+00
2.088000000000000000e+03 1.846329400000000120e+00 -4.626679999999999682e-01 8.322486500000000120e+00
3.242000000000000000e+03 1.775885999999999854e+00 -4.703410000000000091e-01 1.174603710000000056e+01
4.428000000000000000e+03 1.811296999999999935e+00 -4.676749999999999519e-01 1.584898659999999992e+01
5.729000000000000000e+03 1.736941999999999986e+00 -4.508300000000000640e-01 1.994094300000000075e+01
6.960000000000000000e+03 1.658035000000000148e+00 -4.451169999999999849e-01 2.404328100000000035e+01
8.118000000000000000e+03 1.566144999999999898e+00 -4.342949999999999866e-01 2.813650499999999965e+01
9.204000000000000000e+03 1.471835000000000004e+00 -4.049059999999999881e-01 3.224198099999999556e+01
1.023900000000000000e+04 1.382465999999999973e+00 -3.636500000000000288e-01 3.635034100000000024e+01
1.118100000000000000e+04 1.298340049999999968e+00 -2.959200000000000719e-01 4.045255999999999830e+01
1.205600000000000000e+04 1.214898000000000033e+00 -2.070200000000002039e-01 4.456907100000000099e+01
1.287800000000000000e+04 1.133588999999999958e+00 -9.101999999999987878e-02 4.869124500000000211e+01
1.364000000000000000e+04 1.053304999999999936e+00 4.900999999999999801e-02 5.280842000000000525e+01
1.425500000000000000e+04 9.868350000000000177e-01 1.771600000000002062e-01 5.625491999999999848e+01
1.468800000000000000e+04 9.083390000000000075e-01 2.817799999999999194e-01 5.900861000000000445e+01
1.503200000000000000e+04 6.533530000000000726e-01 3.791400000000000325e-01 6.175511000000000195e+01
1.522200000000000000e+04 5.257370000000000099e-01 4.227000000000002977e-01 6.313877999999999702e+01
