1.000000000000000000e+00 0.000000000000000000e+00 0.000000000000000000e+00 0.000000000000000000e+00 0.000000000000000000e+00
2.870000000000000000e+02 -2.595399999999999986e-04 6.062399999999999690e-04 7.773299999999999589e-05 6.640300000000000239e-04
1.010000000000000000e+03 2.696700000000000117e-04 3.343099999999999891e-03 6.448100000000000012e-04 3.415300000000000020e-03
1.886000000000000000e+03 4.060700000000000420e-03 8.018000000000000821e-03 1.817599999999999945e-03 9.169599999999999973e-03
3.042000000000000000e+03 1.416700000000000077e-02 4.343899999999999845e-02 4.786000000000000323e-03 4.594000000000000167e-02
4.109000000000000000e+03 3.186900000000000149e-02 8.732099999999999584e-02 8.202100000000000363e-03 9.331599999999999617e-02
5.423000000000000000e+03 5.453100000000000308e-02 1.534899999999999876e-01 1.222999999999999955e-02 1.633499999999999952e-01
6.667000000000000000e+03 8.314100000000000656e-02 2.418599999999999917e-01 1.718899999999999942e-02 2.563300000000000023e-01
7.843000000000000000e+03 1.180400000000000060e-01 3.538200000000000234e-01 2.378800000000000012e-02 3.737500000000000266e-01
8.940000000000000000e+03 1.613700000000000134e-01 5.111900000000000333e-01 3.325499999999999984e-02 5.370899999999999563e-01
9.994000000000000000e+03 2.114699999999999913e-01 7.058499999999999774e-01 4.528800000000000187e-02 7.382300000000000528e-01
1.095700000000000000e+04 2.680000000000000160e-01 9.550199999999999800e-01 6.146499999999999880e-02 9.938099999999999712e-01
1.184300000000000000e+04 3.299199999999999910e-01 1.252199999999999980e+00 8.132699999999999652e-02 1.297500000000000098e+00
1.268800000000000000e+04 3.959699999999999886e-01 1.604800000000000004e+00 1.055600000000000011e-01 1.656300000000000106e+00
1.345300000000000000e+04 4.645000000000000240e-01 2.003200000000000092e+00 1.342200000000000060e-01 2.060700000000000198e+00
1.412000000000000000e+04 5.227399999999999824e-01 2.364199999999999857e+00 1.614099999999999979e-01 2.426600000000000090e+00
1.459000000000000000e+04 5.693500000000000227e-01 2.663400000000000212e+00 1.840499999999999914e-01 2.729800000000000004e+00
1.495500000000000000e+04 6.160499999999999865e-01 2.957199999999999829e+00 2.018899999999999861e-01 3.027400000000000091e+00
1.518600000000000000e+04 6.397899999999999698e-01 3.103899999999999881e+00 2.110400000000000054e-01 3.176200000000000134e+00
1.370000000000000000e+02 0.000000000000000000e+00 0.000000000000000000e+00 0.000000000000000000e+00 0.000000000000000000e+00
3.970000000000000000e+02 2.204899999999999981e-04 9.399500000000000520e-04 -5.998500000000000251e-05 9.673299999999999694e-04
1.218000000000000000e+03 9.104700000000000293e-04 5.103599999999999803e-03 -2.250300000000000054e-04 5.189100000000000310e-03
2.088000000000000000e+03 3.391700000000000097e-03 1.354099999999999922e-02 -4.588799999999999975e-04 1.396700000000000025e-02
3.242000000000000000e+03 1.101300000000000022e-02 3.620199999999999807e-02 -8.928799999999999758e-04 3.785000000000000170e-02
4.428000000000000000e+03 2.792899999999999897e-02 7.081400000000000194e-02 -1.619599999999999903e-03 7.613899999999999835e-02
5.729000000000000000e+03 4.807199999999999668e-02 1.303700000000000137e-01 -1.620600000000000035e-03 1.389600000000000002e-01
6.960000000000000000e+03 7.836600000000000510e-02 2.088700000000000001e-01 -7.590099999999999581e-04 2.230900000000000105e-01
8.118000000000000000e+03 1.131800000000000028e-01 3.147699999999999942e-01 1.461499999999999909e-03 3.345000000000000195e-01
9.204000000000000000e+03 1.570999999999999897e-01 4.651199999999999779e-01 6.283799999999999976e-03 4.909700000000000175e-01
1.023900000000000000e+04 2.063300000000000134e-01 6.566800000000000415e-01 1.426900000000000043e-02 6.884799999999999809e-01
1.118100000000000000e+04 2.642499999999999849e-01 9.000299999999999967e-01 2.640999999999999945e-02 9.383899999999999464e-01
1.205600000000000000e+04 3.266000000000000014e-01 1.193100000000000049e+00 4.311999999999999861e-02 1.237700000000000022e+00
1.287800000000000000e+04 3.935799999999999854e-01 1.542899999999999938e+00 6.570800000000000252e-02 1.593699999999999894e+00
1.364000000000000000e+04 4.630099999999999771e-01 1.940700000000000092e+00 9.347800000000000553e-02 1.997400000000000064e+00
1.425500000000000000e+04 5.221299999999999830e-01 2.302799999999999958e+00 1.205500000000000044e-01 2.364300000000000068e+00
1.468800000000000000e+04 5.694500000000000117e-01 2.606899999999999995e+00 1.450400000000000023e-01 2.672299999999999898e+00
1.503200000000000000e+04 6.163199999999999790e-01 2.917400000000000215e+00 1.745500000000000107e-01 2.986899999999999888e+00
1.522200000000000000e+04 6.397899999999999698e-01 3.072299999999999809e+00 1.897399999999999920e-01 3.143899999999999917e+00
