1.000000000000000000e+00 -1.558489999999999931e+00 3.605740000000000056e-01 1.500000000000000000e+00
2.870000000000000000e+02 -1.725266439999999957e+00 3.958838800000000213e-01 2.860072390000000020e+00
1.010000000000000000e+03 -2.056248479999999823e+00 4.601084000000000285e-01 5.600602959999999797e+00
1.886000000000000000e+03 -2.356323300000000120e+00 5.101002000000000036e-01 8.321707700000001040e+00
3.042000000000000000e+03 -2.648639000000000188e+00 5.719570000000000487e-01 1.174464329999999990e+01
4.109000000000000000e+03 -2.702446999999999822e+00 4.790820000000000078e-01 1.584810539999999968e+01
5.423000000000000000e+03 -2.576509000000000160e+00 3.669000000000000039e-01 1.994228599999999929e+01
6.667000000000000000e+03 -2.431929999999999925e+00 2.665852699999999853e-01 2.404749600000000243e+01
7.843000000000000000e+03 -2.259730000000000238e+00 1.682740000000000069e-01 2.814449800000000224e+01
8.940000000000000000e+03 -2.066710000000000047e+00 9.875900000000004120e-02 3.225458100000000172e+01
9.994000000000000000e+03 -1.872200000000000086e+00 5.594300000000007600e-02 3.636741099999999705e+01
1.095700000000000000e+04 -1.669379999999999864e+00 5.486400000000002386e-02 4.047464699999999738e+01
1.184300000000000000e+04 -1.459369999999999834e+00 9.062999999999998835e-02 4.459578399999999476e+01
1.268800000000000000e+04 -1.243720000000000159e+00 1.742699999999999250e-01 4.872151000000000209e+01
1.345300000000000000e+04 -1.024909999999999988e+00 2.881400000000000627e-01 5.284183000000000163e+01
1.412000000000000000e+04 -8.410400000000000098e-01 3.971700000000000230e-01 5.629048999999999836e+01
1.459000000000000000e+04 -6.559600000000000986e-01 4.863500000000002821e-01 5.904428000000000054e+01
1.495500000000000000e+04 -2.066569999999999796e-01 5.658099999999999241e-01 6.178285000000000338e+01
1.518600000000000000e+04 1.838000000000006295e-02 6.011000000000001897e-01 6.316237999999999886e+01
1.370000000000000000e+02 1.558489999999999931e+00 -3.636220000000000008e-01 1.500000000000000000e+00
3.970000000000000000e+02 1.725263189999999947e+00 -4.053315000000000112e-01 2.859939884999999737e+00
1.218000000000000000e+03 1.818814860000000033e+00 -4.381610999999999700e-01 5.599767959999999434e+00
2.088000000000000000e+03 1.846690100000000001e+00 -4.606819999999999804e-01 8.319522649999999686e+00
3.242000000000000000e+03 1.786617999999999817e+00 -4.672100000000000142e-01 1.173906831000000039e+01
4.428000000000000000e+03 1.852228999999999903e+00 -4.648809999999999887e-01 1.583833100000000016e+01
5.729000000000000000e+03 1.804615999999999998e+00 -4.447800000000000642e-01 1.992833110000000119e+01
6.960000000000000000e+03 1.759448000000000123e+00 -4.349370000000000180e-01 2.402923018000000255e+01
8.118000000000000000e+03 1.704969999999999875e+00 -4.179249999999999909e-01 2.812156060000000224e+01
9.204000000000000000e+03 1.652170000000000138e+00 -3.791359999999999730e-01 3.222663219999999740e+01
1.023900000000000000e+04 1.608810000000000073e+00 -3.260600000000001275e-01 3.633505300000000204e+01
1.118100000000000000e+04 1.573720000000000008e+00 -2.445900000000000851e-01 4.043786499999999506e+01
1.205600000000000000e+04 1.542440000000000033e+00 -1.402200000000000113e-01 4.455550600000000117e+01
1.287800000000000000e+04 1.515320000000000000e+00 -7.419999999999982165e-03 4.867933999999999628e+01
1.364000000000000000e+04 1.490520000000000067e+00 1.502099999999999547e-01 5.279862200000000172e+01
1.425500000000000000e+04 1.471006000000000036e+00 2.929600000000003313e-01 5.624712999999999852e+01
1.468800000000000000e+04 1.430092999999999837e+00 4.088799999999999102e-01 5.900285999999999831e+01
1.503200000000000000e+04 1.212598000000000065e+00 5.169399999999999551e-01 6.175384999999999991e+01
1.522200000000000000e+04 1.103879999999999972e+00 5.656000000000003247e-01 6.313978999999999786e+01
