1.000000000000000000e+00 0.000000000000000000e+00 0.000000000000000000e+00 0.000000000000000000e+00 0.000000000000000000e+00
2.870000000000000000e+02 5.492399999999999794e-05 4.595399999999999810e-04 -5.562199999999999702e-05 4.661399999999999788e-04
1.010000000000000000e+03 4.259299999999999691e-05 2.960700000000000137e-03 -2.631199999999999880e-04 2.972600000000000155e-03
1.886000000000000000e+03 -1.293800000000000115e-04 8.034400000000000569e-03 -6.271000000000000098e-04 8.059900000000000050e-03
3.042000000000000000e+03 3.688900000000000165e-03 4.127200000000000313e-02 -5.116499999999999954e-04 4.143999999999999767e-02
4.109000000000000000e+03 1.010600000000000040e-02 8.400000000000000522e-02 5.936000000000000087e-04 8.460800000000000265e-02
5.423000000000000000e+03 1.860900000000000054e-02 1.461699999999999944e-01 3.046600000000000003e-03 1.473899999999999932e-01
6.667000000000000000e+03 3.024599999999999858e-02 2.290500000000000036e-01 6.725100000000000348e-03 2.311400000000000121e-01
7.843000000000000000e+03 4.568599999999999745e-02 3.339400000000000146e-01 1.229899999999999917e-02 3.372700000000000142e-01
8.940000000000000000e+03 6.688099999999999601e-02 4.811400000000000121e-01 2.080699999999999911e-02 4.862099999999999755e-01
9.994000000000000000e+03 9.260500000000000675e-02 6.631200000000000427e-01 3.194400000000000017e-02 6.703200000000000269e-01
1.095700000000000000e+04 1.227800000000000002e-01 8.963499999999999801e-01 4.721700000000000202e-02 9.059500000000000330e-01
1.184300000000000000e+04 1.566299999999999915e-01 1.174700000000000077e+00 6.618899999999999784e-02 1.186900000000000066e+00
1.268800000000000000e+04 1.933100000000000096e-01 1.505200000000000093e+00 8.947700000000000098e-02 1.520199999999999996e+00
1.345300000000000000e+04 2.316699999999999871e-01 1.878900000000000015e+00 1.171200000000000019e-01 1.896700000000000053e+00
1.412000000000000000e+04 2.643499999999999739e-01 2.217600000000000016e+00 1.433599999999999874e-01 2.237899999999999778e+00
1.459000000000000000e+04 2.904599999999999960e-01 2.498699999999999921e+00 1.654899999999999982e-01 2.520900000000000141e+00
1.495500000000000000e+04 3.166900000000000270e-01 2.774900000000000144e+00 1.848599999999999965e-01 2.798999999999999932e+00
1.518600000000000000e+04 3.301000000000000045e-01 2.912799999999999834e+00 1.947599999999999887e-01 2.937899999999999956e+00
1.370000000000000000e+02 0.000000000000000000e+00 0.000000000000000000e+00 0.000000000000000000e+00 0.000000000000000000e+00
3.970000000000000000e+02 2.173300000000000080e-04 8.333200000000000243e-04 9.685400000000000476e-05 8.666200000000000205e-04
1.218000000000000000e+03 1.561000000000000104e-03 4.412700000000000303e-03 4.186300000000000221e-04 4.699400000000000278e-03
2.088000000000000000e+03 3.147699999999999804e-03 1.215600000000000014e-02 1.024500000000000020e-03 1.259799999999999982e-02
3.242000000000000000e+03 5.432700000000000376e-03 3.358400000000000274e-02 2.595300000000000037e-03 3.411899999999999655e-02
4.428000000000000000e+03 6.891300000000000377e-03 6.732100000000000584e-02 3.724299999999999833e-03 6.777500000000000191e-02
5.729000000000000000e+03 1.320600000000000072e-02 1.234200000000000019e-01 4.703099999999999989e-03 1.242100000000000010e-01
6.960000000000000000e+03 2.585799999999999904e-02 1.973399999999999876e-01 6.263000000000000338e-03 1.991300000000000014e-01
8.118000000000000000e+03 4.104800000000000115e-02 2.967199999999999838e-01 8.870299999999999366e-03 2.996699999999999919e-01
9.204000000000000000e+03 6.297400000000000220e-02 4.374000000000000110e-01 1.375400000000000060e-02 4.421300000000000230e-01
1.023900000000000000e+04 8.771299999999999930e-02 6.165300000000000225e-01 2.145599999999999938e-02 6.230999999999999872e-01
1.118100000000000000e+04 1.192799999999999971e-01 8.444700000000000539e-01 3.289500000000000063e-02 8.534800000000000164e-01
1.205600000000000000e+04 1.534899999999999876e-01 1.119199999999999973e+00 4.845399999999999707e-02 1.130700000000000038e+00
1.287800000000000000e+04 1.910799999999999998e-01 1.447400000000000020e+00 6.937799999999999523e-02 1.461600000000000010e+00
1.364000000000000000e+04 2.302899999999999947e-01 1.820799999999999974e+00 9.501800000000000523e-02 1.837800000000000100e+00
1.425500000000000000e+04 2.637800000000000145e-01 2.160800000000000054e+00 1.199899999999999994e-01 2.180200000000000138e+00
1.468800000000000000e+04 2.905699999999999950e-01 2.446499999999999897e+00 1.424300000000000010e-01 2.467799999999999994e+00
1.503200000000000000e+04 3.169500000000000095e-01 2.738100000000000200e+00 1.684400000000000064e-01 2.761499999999999844e+00
1.522200000000000000e+04 3.301000000000000045e-01 2.883599999999999941e+00 1.818299999999999916e-01 2.908100000000000129e+00
