1.000000000000000000e+00 -1.558489999999999931e+00 3.605740000000000056e-01 1.500000000000000000e+00
2.870000000000000000e+02 -1.725266189999999922e+00 3.958841100000000113e-01 2.860072317999999836e+00
1.010000000000000000e+03 -2.056248159999999991e+00 4.601102000000000247e-01 5.600602469999999222e+00
1.886000000000000000e+03 -2.356324300000000260e+00 5.101054000000000421e-01 8.321706300000000667e+00
3.042000000000000000e+03 -2.648639000000000188e+00 5.719830000000000192e-01 1.174464080000000088e+01
4.109000000000000000e+03 -2.702446000000000126e+00 4.791360000000000063e-01 1.584810249999999954e+01
5.423000000000000000e+03 -2.576508000000000020e+00 3.669999999999999929e-01 1.994228400000000079e+01
6.667000000000000000e+03 -2.431925999999999810e+00 2.667352700000000243e-01 2.404749600000000243e+01
7.843000000000000000e+03 -2.259720000000000173e+00 1.685040000000000149e-01 2.814450100000000177e+01
8.940000000000000000e+03 -2.066699999999999982e+00 9.908899999999998265e-02 3.225459000000000032e+01
9.994000000000000000e+03 -1.872180000000000177e+00 5.641300000000004644e-02 3.636742699999999928e+01
1.095700000000000000e+04 -1.669350000000000112e+00 5.556399999999994677e-02 4.047467499999999774e+01
1.184300000000000000e+04 -1.459319999999999951e+00 9.152999999999988923e-02 4.459582599999999530e+01
1.268800000000000000e+04 -1.243659999999999988e+00 1.753699999999998038e-01 4.872156999999999982e+01
1.345300000000000000e+04 -1.024829999999999908e+00 2.895399999999999086e-01 5.284192000000000178e+01
1.412000000000000000e+04 -8.409499999999999753e-01 3.988700000000000578e-01 5.629059999999999775e+01
1.459000000000000000e+04 -6.558600000000001096e-01 4.883500000000000618e-01 5.904440000000000310e+01
1.495500000000000000e+04 -2.065469999999999251e-01 5.680100000000001259e-01 6.178298999999999808e+01
1.518600000000000000e+04 1.849999999999996092e-02 6.034000000000001585e-01 6.316252999999999673e+01
1.370000000000000000e+02 1.558489999999999931e+00 -3.636220000000000008e-01 1.500000000000000000e+00
3.970000000000000000e+02 1.725263259999999965e+00 -4.053309999999999969e-01 2.859939985999999656e+00
1.218000000000000000e+03 1.818815540000000119e+00 -4.381583000000000006e-01 5.599768349999999728e+00
2.088000000000000000e+03 1.846691099999999919e+00 -4.606739999999999724e-01 8.319523569999999424e+00
3.242000000000000000e+03 1.786618999999999957e+00 -4.671879999999999922e-01 1.173907061000000063e+01
4.428000000000000000e+03 1.852227999999999986e+00 -4.648379999999999734e-01 1.583833459999999960e+01
5.729000000000000000e+03 1.804613999999999940e+00 -4.447000000000000397e-01 1.992833560000000048e+01
6.960000000000000000e+03 1.759449000000000041e+00 -4.348069999999999435e-01 2.402923606000000234e+01
8.118000000000000000e+03 1.704969999999999875e+00 -4.177250000000000130e-01 2.812156850000000219e+01
9.204000000000000000e+03 1.652179999999999982e+00 -3.788359999999999506e-01 3.222664369999999678e+01
1.023900000000000000e+04 1.608829999999999982e+00 -3.256300000000000860e-01 3.633507000000000176e+01
1.118100000000000000e+04 1.573749999999999982e+00 -2.439900000000000402e-01 4.043789099999999337e+01
1.205600000000000000e+04 1.542479999999999851e+00 -1.394200000000000994e-01 4.455554300000000012e+01
1.287800000000000000e+04 1.515379999999999949e+00 -6.319999999999881268e-03 4.867939400000000205e+01
1.364000000000000000e+04 1.490599999999999925e+00 1.515100000000000335e-01 5.279869700000000421e+01
1.425500000000000000e+04 1.471096000000000181e+00 2.946600000000003661e-01 5.624721999999999866e+01
1.468800000000000000e+04 1.430193000000000048e+00 4.107799999999999230e-01 5.900298000000000087e+01
1.503200000000000000e+04 1.212708000000000119e+00 5.190399999999999459e-01 6.175399000000000171e+01
1.522200000000000000e+04 1.103999999999999870e+00 5.678000000000000824e-01 6.313993999999999573e+01
