1.000000000000000000e+00 -1.558489999999999931e+00 3.605740000000000056e-01 1.500000000000000000e+00
2.870000000000000000e+02 -1.725309599999999888e+00 3.958631900000000314e-01 2.860077748999999780e+00
1.010000000000000000e+03 -2.056370399999999599e+00 4.599406999999999801e-01 5.600644919999999694e+00
1.886000000000000000e+03 -2.356389100000000347e+00 5.095590000000000952e-01 8.321817900000000989e+00
3.042000000000000000e+03 -2.649093000000000142e+00 5.688670000000000115e-01 1.174478659999999941e+01
4.109000000000000000e+03 -2.703491000000000088e+00 4.728979999999999850e-01 1.584820269999999987e+01
5.423000000000000000e+03 -2.578329000000000093e+00 3.562799999999999856e-01 1.994223099999999960e+01
6.667000000000000000e+03 -2.434798999999999936e+00 2.499952699999999917e-01 2.404719000000000051e+01
7.843000000000000000e+03 -2.263970000000000038e+00 1.441039999999999821e-01 2.814378800000000069e+01
8.940000000000000000e+03 -2.072799999999999976e+00 6.414900000000001157e-02 3.225325300000000084e+01
9.994000000000000000e+03 -1.880540000000000100e+00 8.603000000000027292e-03 3.636528500000000008e+01
1.095700000000000000e+04 -1.680379999999999985e+00 -8.356000000000030070e-03 4.047145899999999585e+01
1.184300000000000000e+04 -1.473400000000000043e+00 8.829999999999893490e-03 4.459131800000000112e+01
1.268800000000000000e+04 -1.261080000000000201e+00 7.126999999999994451e-02 4.871555000000000035e+01
1.345300000000000000e+04 -1.045779999999999932e+00 1.622399999999999398e-01 5.283421000000000589e+01
1.412000000000000000e+04 -8.649200000000000221e-01 2.515700000000000713e-01 5.628138999999999470e+01
1.459000000000000000e+04 -6.822400000000000686e-01 3.254500000000000171e-01 5.903403000000000134e+01
1.495500000000000000e+04 -2.353669999999999929e-01 3.916100000000000136e-01 6.177186000000000377e+01
1.518600000000000000e+04 -1.153000000000004022e-02 4.204000000000003290e-01 6.315100999999999942e+01
1.370000000000000000e+02 1.558489999999999931e+00 -3.636220000000000008e-01 1.500000000000000000e+00
3.970000000000000000e+02 1.725270480000000051e+00 -4.053971599999999786e-01 2.859939992999999792e+00
1.218000000000000000e+03 1.818870329999999980e+00 -4.385198999999999625e-01 5.599774889999999949e+00
2.088000000000000000e+03 1.846771500000000010e+00 -4.616319999999999868e-01 8.319540930000000500e+00
3.242000000000000000e+03 1.786522999999999861e+00 -4.696710000000000051e-01 1.173910663000000021e+01
4.428000000000000000e+03 1.851499000000000006e+00 -4.694749999999999757e-01 1.583837969999999906e+01
5.729000000000000000e+03 1.803311999999999804e+00 -4.532200000000000673e-01 1.992837850000000088e+01
6.960000000000000000e+03 1.756996000000000002e+00 -4.484169999999999545e-01 2.402923974000000129e+01
8.118000000000000000e+03 1.701189999999999980e+00 -4.380649999999999822e-01 2.812145990000000140e+01
9.204000000000000000e+03 1.646530000000000049e+00 -4.087959999999999927e-01 3.222628129999999658e+01
1.023900000000000000e+04 1.600999999999999979e+00 -3.676800000000001178e-01 3.633426500000000203e+01
1.118100000000000000e+04 1.563160000000000105e+00 -3.012200000000000433e-01 4.043640399999999602e+01
1.205600000000000000e+04 1.528789999999999871e+00 -2.146200000000000330e-01 4.455311199999999872e+01
1.287800000000000000e+04 1.498259999999999925e+00 -1.024199999999999555e-01 4.867569600000000207e+01
1.364000000000000000e+04 1.469840000000000035e+00 3.250999999999981682e-02 5.279346200000000522e+01
1.425500000000000000e+04 1.447216000000000058e+00 1.555600000000003647e-01 5.624052999999999969e+01
1.468800000000000000e+04 1.403823000000000043e+00 2.554799999999999294e-01 5.899501000000000062e+01
1.503200000000000000e+04 1.183898000000000117e+00 3.478400000000001491e-01 6.174452000000000140e+01
1.522200000000000000e+04 1.073969999999999869e+00 3.888000000000002565e-01 6.312970999999999577e+01
