1.000000000000000000e+00 0.000000000000000000e+00 0.000000000000000000e+00 0.000000000000000000e+00 0.000000000000000000e+00
2.870000000000000000e+02 4.175900000000000185e-04 3.650799999999999944e-04 -1.933600000000000054e-04 5.874100000000000155e-04
1.010000000000000000e+03 -1.633999999999999941e-05 2.938899999999999933e-03 -1.205600000000000031e-03 3.176700000000000183e-03
1.886000000000000000e+03 -4.114900000000000328e-03 9.087100000000000732e-03 -3.161600000000000087e-03 1.046399999999999934e-02
3.042000000000000000e+03 -5.804799999999999717e-03 4.453599999999999920e-02 -5.848899999999999759e-03 4.529199999999999893e-02
4.109000000000000000e+03 -9.309100000000000708e-03 9.181499999999999384e-02 -6.864300000000000263e-03 9.253999999999999726e-02
5.423000000000000000e+03 -1.311200000000000039e-02 1.584599999999999898e-01 -5.620599999999999902e-03 1.590999999999999914e-01
6.667000000000000000e+03 -1.596399999999999902e-02 2.472799999999999998e-01 -2.681799999999999809e-03 2.478100000000000025e-01
7.843000000000000000e+03 -1.675199999999999953e-02 3.597899999999999987e-01 2.694199999999999894e-03 3.601900000000000102e-01
8.940000000000000000e+03 -1.336000000000000035e-02 5.176899999999999835e-01 1.150900000000000013e-02 5.179899999999999505e-01
9.994000000000000000e+03 -6.736100000000000074e-03 7.130100000000000326e-01 2.340000000000000066e-02 7.134200000000000541e-01
1.095700000000000000e+04 3.349800000000000000e-03 9.638400000000000301e-01 4.002499999999999808e-02 9.646799999999999820e-01
1.184300000000000000e+04 1.624899999999999956e-02 1.263600000000000056e+00 6.089399999999999674e-02 1.265200000000000102e+00
1.268800000000000000e+04 3.145200000000000079e-02 1.620100000000000096e+00 8.663400000000000267e-02 1.622700000000000031e+00
1.345300000000000000e+04 4.805000000000000243e-02 2.023499999999999854e+00 1.172499999999999931e-01 2.027499999999999858e+00
1.412000000000000000e+04 6.239499999999999907e-02 2.389400000000000190e+00 1.463099999999999956e-01 2.394699999999999829e+00
1.459000000000000000e+04 7.383499999999999786e-02 2.693000000000000060e+00 1.710399999999999976e-01 2.699399999999999800e+00
1.495500000000000000e+04 8.546299999999999730e-02 2.990600000000000147e+00 1.943499999999999950e-01 2.998099999999999987e+00
1.518600000000000000e+04 9.153699999999999337e-02 3.139200000000000212e+00 2.062499999999999889e-01 3.147299999999999986e+00
1.370000000000000000e+02 0.000000000000000000e+00 0.000000000000000000e+00 0.000000000000000000e+00 0.000000000000000000e+00
3.970000000000000000e+02 2.135499999999999866e-04 8.466699999999999964e-04 2.540299999999999785e-04 9.093900000000000464e-04
1.218000000000000000e+03 2.191900000000000098e-03 4.374300000000000237e-03 1.054599999999999939e-03 5.005100000000000174e-03
2.088000000000000000e+03 2.949400000000000025e-03 1.250399999999999949e-02 2.486499999999999995e-03 1.308600000000000041e-02
3.242000000000000000e+03 3.759999999999999779e-04 3.552700000000000302e-02 6.037100000000000105e-03 3.603900000000000159e-02
4.428000000000000000e+03 -1.227299999999999919e-02 7.260500000000000287e-02 8.986600000000000837e-03 7.418099999999999694e-02
5.729000000000000000e+03 -1.829799999999999829e-02 1.327399999999999969e-01 1.094299999999999960e-02 1.344400000000000039e-01
6.960000000000000000e+03 -2.059499999999999872e-02 2.121399999999999952e-01 1.328099999999999940e-02 2.135499999999999898e-01
8.118000000000000000e+03 -2.186499999999999902e-02 3.185000000000000053e-01 1.650499999999999884e-02 3.196700000000000097e-01
9.204000000000000000e+03 -1.760499999999999912e-02 4.689499999999999780e-01 2.198100000000000054e-02 4.697899999999999854e-01
1.023900000000000000e+04 -1.220399999999999957e-02 6.606300000000000505e-01 3.034099999999999991e-02 6.614400000000000279e-01
1.118100000000000000e+04 -5.799499999999999751e-04 9.052099999999999591e-01 4.256000000000000061e-02 9.062099999999999600e-01
1.205600000000000000e+04 1.269799999999999922e-02 1.200499999999999901e+00 5.907099999999999851e-02 1.201999999999999957e+00
1.287800000000000000e+04 2.889900000000000108e-02 1.554100000000000037e+00 8.124499999999999778e-02 1.556400000000000006e+00
1.364000000000000000e+04 4.646499999999999936e-02 1.956900000000000084e+00 1.084200000000000025e-01 1.960499999999999909e+00
1.425500000000000000e+04 6.173900000000000221e-02 2.324100000000000055e+00 1.349200000000000121e-01 2.328899999999999970e+00
1.468800000000000000e+04 7.395599999999999397e-02 2.632800000000000029e+00 1.586100000000000010e-01 2.638599999999999834e+00
1.503200000000000000e+04 8.575499999999999790e-02 2.948199999999999932e+00 1.851099999999999968e-01 2.955299999999999816e+00
1.522200000000000000e+04 9.153699999999999337e-02 3.105700000000000127e+00 1.987800000000000122e-01 3.113399999999999945e+00
