1.000000000000000000e+00 -1.558489999999999931e+00 3.605740000000000056e-01 1.500000000000000000e+00
2.870000000000000000e+02 -1.725276070000000050e+00 3.958746100000000157e-01 2.860075208000000035e+00
1.010000000000000000e+03 -2.056261219999999668e+00 4.600390999999999786e-01 5.600622289999999559e+00
1.886000000000000000e+03 -2.356284000000000045e+00 5.098941000000000168e-01 8.321760400000000502e+00
3.042000000000000000e+03 -2.648634000000000377e+00 5.709340000000000526e-01 1.174474170000000051e+01
4.109000000000000000e+03 -2.702469999999999928e+00 4.769390000000000018e-01 1.584821810000000042e+01
5.423000000000000000e+03 -2.576579000000000175e+00 3.631199999999999983e-01 1.994236700000000084e+01
6.667000000000000000e+03 -2.432084999999999830e+00 2.605752700000000255e-01 2.404750800000000055e+01
7.843000000000000000e+03 -2.260040000000000049e+00 1.593839999999999979e-01 2.814438000000000173e+01
8.940000000000000000e+03 -2.067290000000000294e+00 8.569899999999996965e-02 3.225424100000000038e+01
9.994000000000000000e+03 -1.873140000000000249e+00 3.759299999999998754e-02 3.636675999999999931e+01
1.095700000000000000e+04 -1.670770000000000088e+00 2.955399999999996918e-02 4.047354599999999891e+01
1.184300000000000000e+04 -1.461289999999999978e+00 5.682999999999993612e-02 4.459409999999999741e+01
1.268800000000000000e+04 -1.246220000000000105e+00 1.300699999999999079e-01 4.871909000000000134e+01
1.345300000000000000e+04 -1.028019999999999934e+00 2.320400000000002461e-01 5.283850999999999942e+01
1.412000000000000000e+04 -8.446700000000000319e-01 3.300700000000000855e-01 5.628631000000000029e+01
1.459000000000000000e+04 -6.600000000000000311e-01 4.102500000000000036e-01 5.903936000000000206e+01
1.495500000000000000e+04 -2.111069999999999336e-01 4.810099999999999376e-01 6.177725999999999829e+01
1.518600000000000000e+04 1.371999999999995445e-02 5.119000000000002437e-01 6.315644999999999953e+01
1.370000000000000000e+02 1.558489999999999931e+00 -3.636220000000000008e-01 1.500000000000000000e+00
3.970000000000000000e+02 1.725260599999999922e+00 -4.053528399999999920e-01 2.859935939000000094e+00
1.218000000000000000e+03 1.818787860000000034e+00 -4.382740999999999998e-01 5.599752599999999525e+00
2.088000000000000000e+03 1.846650099999999961e+00 -4.609929999999999861e-01 8.319486799999999960e+00
3.242000000000000000e+03 1.786581999999999892e+00 -4.680570000000000008e-01 1.173897840000000059e+01
4.428000000000000000e+03 1.852292999999999967e+00 -4.665619999999999767e-01 1.583819189999999999e+01
5.729000000000000000e+03 1.804689999999999905e+00 -4.479100000000000303e-01 1.992815369999999930e+01
6.960000000000000000e+03 1.759414000000000033e+00 -4.400469999999999660e-01 2.402900046999999972e+01
8.118000000000000000e+03 1.704809999999999937e+00 -4.257050000000000001e-01 2.812125040000000098e+01
9.204000000000000000e+03 1.651730000000000143e+00 -3.907959999999999767e-01 3.222618179999999910e+01
1.023900000000000000e+04 1.608040000000000136e+00 -3.428000000000001046e-01 3.633437700000000348e+01
1.118100000000000000e+04 1.572470000000000034e+00 -2.679599999999999760e-01 4.043685099999999721e+01
1.205600000000000000e+04 1.540649999999999853e+00 -1.718200000000000838e-01 4.455402300000000082e+01
1.287800000000000000e+04 1.512919999999999821e+00 -4.911999999999983046e-02 4.867721799999999632e+01
1.364000000000000000e+04 1.487479999999999913e+00 9.681000000000006267e-02 5.279570000000000363e+01
1.425500000000000000e+04 1.467405999999999988e+00 2.287600000000002964e-01 5.624342000000000041e+01
1.468800000000000000e+04 1.426053000000000015e+00 3.354800000000000004e-01 5.899844999999999828e+01
1.503200000000000000e+04 1.208137999999999934e+00 4.339400000000002144e-01 6.174862999999999857e+01
1.522200000000000000e+04 1.099219999999999864e+00 4.778999999999999915e-01 6.313415999999999428e+01
