1.000000000000000000e+00 -1.558489999999999931e+00 3.605740000000000056e-01 1.500000000000000000e+00
2.870000000000000000e+02 -1.724604620000000033e+00 3.956456700000000049e-01 2.859807099999999824e+00
1.010000000000000000e+03 -2.056531129999999763e+00 4.596987000000000156e-01 5.598793099999999967e+00
1.886000000000000000e+03 -2.364339300000000144e+00 5.111059000000000019e-01 8.316839800000000338e+00
3.042000000000000000e+03 -2.668243600000000271e+00 5.727710000000000301e-01 1.173425970000000085e+01
4.109000000000000000e+03 -2.742802100000000021e+00 4.829649999999999777e-01 1.583340869999999967e+01
5.423000000000000000e+03 -2.642721900000000179e+00 3.709000000000000075e-01 1.992488290000000006e+01
6.667000000000000000e+03 -2.528845999999999705e+00 2.705552700000000144e-01 2.402813109999999952e+01
7.843000000000000000e+03 -2.391433600000000048e+00 1.721740000000000215e-01 2.812394130000000203e+01
8.940000000000000000e+03 -2.237306000000000239e+00 1.023290000000000033e-01 3.223337399999999775e+01
9.994000000000000000e+03 -2.085078600000000115e+00 5.909300000000006214e-02 3.634603299999999848e+01
1.095700000000000000e+04 -1.927373999999999921e+00 5.826400000000009349e-02 4.045364099999999752e+01
1.184300000000000000e+04 -1.764928000000000052e+00 9.482999999999996987e-02 4.457565999999999917e+01
1.268800000000000000e+04 -1.598570000000000046e+00 1.800699999999999523e-01 4.870270699999999664e+01
1.345300000000000000e+04 -1.430059999999999887e+00 2.964400000000002589e-01 5.282474000000000558e+01
1.412000000000000000e+04 -1.288721000000000005e+00 4.080700000000003769e-01 5.627503999999999706e+01
1.459000000000000000e+04 -1.137720000000000065e+00 4.994500000000003936e-01 5.903068000000000382e+01
1.495500000000000000e+04 -7.223969999999999558e-01 5.808100000000000485e-01 6.177441000000000315e+01
1.518600000000000000e+04 -5.144900000000000029e-01 6.171000000000002039e-01 6.315652000000000044e+01
1.370000000000000000e+02 1.558489999999999931e+00 -3.636220000000000008e-01 1.500000000000000000e+00
3.970000000000000000e+02 1.725256190000000078e+00 -4.054281699999999766e-01 2.860246960000000005e+00
1.218000000000000000e+03 1.820072200000000029e+00 -4.389042999999999695e-01 5.601019199999999643e+00
2.088000000000000000e+03 1.846262000000000070e+00 -4.617739999999999623e-01 8.322401100000000440e+00
3.242000000000000000e+03 1.776201209999999975e+00 -4.680659999999999821e-01 1.174583170000000010e+01
4.428000000000000000e+03 1.812883000000000022e+00 -4.634789999999999743e-01 1.584866740000000007e+01
5.729000000000000000e+03 1.739701999999999860e+00 -4.431000000000000494e-01 1.994055699999999831e+01
6.960000000000000000e+03 1.662723000000000173e+00 -4.327769999999999673e-01 2.404286800000000213e+01
8.118000000000000000e+03 1.573078999999999894e+00 -4.158449999999999647e-01 2.813613900000000001e+01
9.204000000000000000e+03 1.481649700000000180e+00 -3.777259999999999507e-01 3.224179499999999621e+01
1.023900000000000000e+04 1.395665640000000041e+00 -3.255400000000000515e-01 3.635051099999999735e+01
1.118100000000000000e+04 1.315599000000000185e+00 -2.441900000000000182e-01 4.045330799999999982e+01
1.205600000000000000e+04 1.236697999999999853e+00 -1.393200000000001104e-01 4.457064099999999485e+01
1.287800000000000000e+04 1.160342999999999902e+00 -4.919999999999813411e-03 4.869393199999999666e+01
1.364000000000000000e+04 1.085286999999999891e+00 1.552099999999998481e-01 5.281247000000000469e+01
1.425500000000000000e+04 1.023286000000000140e+00 3.007600000000003604e-01 5.626025999999999527e+01
1.468800000000000000e+04 9.483530000000000015e-01 4.191799999999998860e-01 5.901509000000000071e+01
1.503200000000000000e+04 6.968680000000000430e-01 5.299400000000002997e-01 6.176299999999999812e+01
1.522200000000000000e+04 5.710100000000000176e-01 5.801000000000002821e-01 6.314737999999999829e+01
