1.000000000000000000e+00 -1.558489999999999931e+00 3.605740000000000056e-01 1.500000000000000000e+00
2.870000000000000000e+02 -1.724632659999999929e+00 3.956218200000000129e-01 2.859806709999999974e+00
1.010000000000000000e+03 -2.056656709999999944e+00 4.595350000000000268e-01 5.598794799999999405e+00
1.886000000000000000e+03 -2.364564099999999947e+00 5.106236000000000663e-01 8.316839599999999777e+00
3.042000000000000000e+03 -2.669064500000000173e+00 5.699450000000000349e-01 1.173415349999999968e+01
4.109000000000000000e+03 -2.744669399999999815e+00 4.773529999999999718e-01 1.583313839999999928e+01
5.423000000000000000e+03 -2.645973999999999826e+00 3.611800000000000010e-01 1.992438119999999913e+01
6.667000000000000000e+03 -2.533907999999999827e+00 2.553052699999999731e-01 2.402731819999999985e+01
7.843000000000000000e+03 -2.398770000000000291e+00 1.499140000000000195e-01 2.812269120000000200e+01
8.940000000000000000e+03 -2.247545000000000126e+00 7.041900000000000936e-02 3.223150100000000151e+01
9.994000000000000000e+03 -2.098771100000000001e+00 1.544299999999998452e-02 3.634338499999999783e+01
1.095700000000000000e+04 -1.945066900000000043e+00 4.400000000004400391e-05 4.044999999999999574e+01
1.184300000000000000e+04 -1.787110999999999894e+00 1.972999999999980325e-02 4.457085800000000120e+01
1.268800000000000000e+04 -1.625653000000000015e+00 8.586999999999989086e-02 4.869658299999999684e+01
1.345300000000000000e+04 -1.462291000000000007e+00 1.816400000000000237e-01 5.281718000000000046e+01
1.412000000000000000e+04 -1.325339000000000045e+00 2.758700000000002817e-01 5.626623000000000019e+01
1.459000000000000000e+04 -1.177839999999999998e+00 3.538499999999999979e-01 5.902094000000000307e+01
1.495500000000000000e+04 -7.660499999999998977e-01 4.238100000000000200e-01 6.176424000000000092e+01
1.518600000000000000e+04 -5.598849999999999660e-01 4.544000000000001371e-01 6.314612999999999943e+01
1.370000000000000000e+02 1.558489999999999931e+00 -3.636220000000000008e-01 1.500000000000000000e+00
3.970000000000000000e+02 1.725263479999999960e+00 -4.054908400000000190e-01 2.860253929999999833e+00
1.218000000000000000e+03 1.820151199999999969e+00 -4.392514000000000141e-01 5.601054199999999206e+00
2.088000000000000000e+03 1.846328299999999922e+00 -4.626750000000000029e-01 8.322485600000000261e+00
3.242000000000000000e+03 1.775884849999999959e+00 -4.703609999999999736e-01 1.174603500000000089e+01
4.428000000000000000e+03 1.811297999999999853e+00 -4.677169999999999939e-01 1.584898330000000044e+01
5.729000000000000000e+03 1.736941999999999986e+00 -4.509100000000000330e-01 1.994093900000000019e+01
6.960000000000000000e+03 1.658032000000000172e+00 -4.452369999999999939e-01 2.404327600000000231e+01
8.118000000000000000e+03 1.566138999999999948e+00 -4.344949999999999646e-01 2.813649799999999956e+01
9.204000000000000000e+03 1.471821000000000046e+00 -4.051959999999999451e-01 3.224197000000000202e+01
1.023900000000000000e+04 1.382443000000000088e+00 -3.640500000000000957e-01 3.635032600000000258e+01
1.118100000000000000e+04 1.298304660000000110e+00 -2.964600000000000568e-01 4.045253799999999700e+01
1.205600000000000000e+04 1.214848999999999846e+00 -2.077200000000001268e-01 4.456903899999999652e+01
1.287800000000000000e+04 1.133524999999999894e+00 -9.201999999999999069e-02 4.869120000000000203e+01
1.364000000000000000e+04 1.053223999999999938e+00 4.780999999999990813e-02 5.280836000000000041e+01
1.425500000000000000e+04 9.867409999999999792e-01 1.758600000000001273e-01 5.625484999999999758e+01
1.468800000000000000e+04 9.082329999999999570e-01 2.802799999999998626e-01 5.900852000000000430e+01
1.503200000000000000e+04 6.532370000000000676e-01 3.774399999999999977e-01 6.175500999999999863e+01
1.522200000000000000e+04 5.256149999999999434e-01 4.209000000000000519e-01 6.313866999999999763e+01
