1.000000000000000000e+00 -1.558489999999999931e+00 3.605740000000000056e-01 1.500000000000000000e+00
2.870000000000000000e+02 -1.724915549999999964e+00 3.957763100000000200e-01 2.859937711999999799e+00
1.010000000000000000e+03 -2.056327629999999740e+00 4.599911999999999890e-01 5.599681630000000077e+00
1.886000000000000000e+03 -2.360277900000000262e+00 5.108693000000000817e-01 8.319230790000000653e+00
3.042000000000000000e+03 -2.658194100000000226e+00 5.737410000000000565e-01 1.173940199000000106e+01
4.109000000000000000e+03 -2.722049000000000163e+00 4.838739999999999708e-01 1.584074135999999910e+01
5.423000000000000000e+03 -2.608586999999999989e+00 3.739299999999999846e-01 1.993365199999999859e+01
6.667000000000000000e+03 -2.478748999999999647e+00 2.765452700000000097e-01 2.403801209999999955e+01
7.843000000000000000e+03 -2.323141000000000123e+00 1.820139999999999814e-01 2.813462799999999930e+01
8.940000000000000000e+03 -2.148470000000000102e+00 1.177989999999999871e-01 3.224471599999999682e+01
9.994000000000000000e+03 -1.973740000000000050e+00 8.166300000000004111e-02 3.635789900000000330e+01
1.095700000000000000e+04 -1.791840000000000099e+00 8.976399999999995494e-02 4.046593599999999924e+01
1.184300000000000000e+04 -1.603699999999999903e+00 1.371299999999999741e-01 4.458829599999999971e+01
1.268800000000000000e+04 -1.410550000000000193e+00 2.353699999999998571e-01 4.871567999999999898e+01
1.345300000000000000e+04 -1.214539999999999953e+00 3.668400000000000549e-01 5.283808000000000504e+01
1.412000000000000000e+04 -1.049879999999999924e+00 4.928700000000003634e-01 5.628878999999999877e+01
1.459000000000000000e+04 -8.801500000000000989e-01 5.968500000000003247e-01 5.904457000000000022e+01
1.495500000000000000e+04 -4.461569999999999703e-01 6.915100000000000691e-01 6.178669000000000011e+01
1.518600000000000000e+04 -2.287799999999999834e-01 7.345000000000001528e-01 6.316799999999999926e+01
1.370000000000000000e+02 1.558489999999999931e+00 -3.636220000000000008e-01 1.500000000000000000e+00
3.970000000000000000e+02 1.725256050000000041e+00 -4.053482600000000158e-01 2.860092604999999732e+00
1.218000000000000000e+03 1.819413399999999958e+00 -4.383595000000000130e-01 5.600387060000000083e+00
2.088000000000000000e+03 1.846437200000000001e+00 -4.607719999999999594e-01 8.320945710000000162e+00
3.242000000000000000e+03 1.781481699999999835e+00 -4.664550000000000085e-01 1.174241390000000074e+01
4.428000000000000000e+03 1.833013999999999921e+00 -4.619280000000000053e-01 1.584344839999999976e+01
5.729000000000000000e+03 1.772976999999999803e+00 -4.397500000000000298e-01 1.993438859999999835e+01
6.960000000000000000e+03 1.712571999999999983e+00 -4.270570000000000199e-01 2.403601060000000089e+01
8.118000000000000000e+03 1.641293999999999809e+00 -4.065650000000000097e-01 2.812886710000000079e+01
9.204000000000000000e+03 1.570271000000000194e+00 -3.629959999999999853e-01 3.223436600000000141e+01
1.023900000000000000e+04 1.506930000000000103e+00 -3.036800000000000610e-01 3.634318300000000335e+01
1.118100000000000000e+04 1.451030000000000042e+00 -2.135400000000000631e-01 4.044638999999999385e+01
1.205600000000000000e+04 1.397859999999999880e+00 -9.801999999999999602e-02 4.456446700000000050e+01
1.287800000000000000e+04 1.348309999999999897e+00 4.908000000000001251e-02 4.868887800000000254e+01
1.364000000000000000e+04 1.300769999999999982e+00 2.243100000000000094e-01 5.280890000000000128e+01
1.425500000000000000e+04 1.262105999999999950e+00 3.840600000000002900e-01 5.625820999999999827e+01
1.468800000000000000e+04 1.205913000000000013e+00 5.150799999999997603e-01 5.901458999999999833e+01
1.503200000000000000e+04 9.731380000000000585e-01 6.394400000000000084e-01 6.176541999999999888e+01
1.522200000000000000e+04 8.567199999999999260e-01 6.964000000000001300e-01 6.315129999999999910e+01
