1.000000000000000000e+00 0.000000000000000000e+00 0.000000000000000000e+00 0.000000000000000000e+00 0.000000000000000000e+00
2.870000000000000000e+02 4.453799999999999946e-04 3.886699999999999769e-04 -1.928999999999999996e-04 6.218000000000000436e-04
1.010000000000000000e+03 1.088700000000000063e-04 3.100700000000000071e-03 -1.206899999999999900e-03 3.328999999999999928e-03
1.886000000000000000e+03 -3.889300000000000049e-03 9.563900000000000179e-03 -3.160200000000000162e-03 1.079699999999999931e-02
3.042000000000000000e+03 -4.983600000000000356e-03 4.733799999999999814e-02 -5.740300000000000263e-03 4.794500000000000151e-02
4.109000000000000000e+03 -7.442100000000000104e-03 9.737700000000000522e-02 -6.591299999999999590e-03 9.788299999999999779e-02
5.423000000000000000e+03 -9.861899999999999833e-03 1.680899999999999894e-01 -5.117100000000000294e-03 1.684599999999999986e-01
6.667000000000000000e+03 -1.090600000000000076e-02 2.623900000000000121e-01 -1.868899999999999945e-03 2.626200000000000201e-01
7.843000000000000000e+03 -9.423600000000000726e-03 3.818500000000000227e-01 3.941300000000000012e-03 3.819899999999999962e-01
8.940000000000000000e+03 -3.135999999999999899e-03 5.493000000000000105e-01 1.337400000000000047e-02 5.494700000000000140e-01
9.994000000000000000e+03 6.931399999999999888e-03 7.562400000000000233e-01 2.603300000000000058e-02 7.567199999999999482e-01
1.095700000000000000e+04 2.100600000000000037e-02 1.021500000000000075e+00 4.364099999999999924e-02 1.022599999999999953e+00
1.184300000000000000e+04 3.838199999999999945e-02 1.338000000000000078e+00 6.565999999999999615e-02 1.340100000000000069e+00
1.268800000000000000e+04 5.847000000000000114e-02 1.713300000000000045e+00 9.270699999999999774e-02 1.716800000000000104e+00
1.345300000000000000e+04 8.019999999999999352e-02 2.137100000000000222e+00 1.247400000000000037e-01 2.142199999999999882e+00
1.412000000000000000e+04 9.891900000000000692e-02 2.520300000000000207e+00 1.550400000000000111e-01 2.527000000000000135e+00
1.459000000000000000e+04 1.138500000000000068e-01 2.837000000000000188e+00 1.806800000000000073e-01 2.845099999999999962e+00
1.495500000000000000e+04 1.290000000000000036e-01 3.145900000000000141e+00 2.044100000000000084e-01 3.155199999999999783e+00
1.518600000000000000e+04 1.368099999999999872e-01 3.300100000000000033e+00 2.165199999999999902e-01 3.310000000000000053e+00
1.370000000000000000e+02 0.000000000000000000e+00 0.000000000000000000e+00 0.000000000000000000e+00 0.000000000000000000e+00
3.970000000000000000e+02 2.061900000000000028e-04 9.088300000000000111e-04 2.469600000000000072e-04 9.640900000000000207e-04
1.218000000000000000e+03 2.112199999999999842e-03 4.718700000000000151e-03 1.019200000000000054e-03 5.269300000000000199e-03
2.088000000000000000e+03 2.882000000000000013e-03 1.339800000000000019e-02 2.401100000000000196e-03 1.391300000000000002e-02
3.242000000000000000e+03 6.912100000000000449e-04 3.780200000000000227e-02 5.831700000000000425e-03 3.825599999999999834e-02
4.428000000000000000e+03 -1.068700000000000032e-02 7.680099999999999427e-02 8.667400000000000451e-03 7.802399999999999614e-02
5.729000000000000000e+03 -1.553799999999999973e-02 1.404700000000000115e-01 1.055700000000000041e-02 1.417200000000000126e-01
6.960000000000000000e+03 -1.590700000000000100e-02 2.244800000000000129e-01 1.286799999999999923e-02 2.254099999999999993e-01
8.118000000000000000e+03 -1.493099999999999983e-02 3.369500000000000273e-01 1.613900000000000057e-02 3.376700000000000257e-01
9.204000000000000000e+03 -7.790300000000000002e-03 4.961300000000000154e-01 2.179499999999999840e-02 4.966700000000000004e-01
1.023900000000000000e+04 9.956399999999998932e-04 6.987400000000000277e-01 3.051099999999999993e-02 6.994000000000000217e-01
1.118100000000000000e+04 1.667899999999999938e-02 9.569400000000000128e-01 4.330799999999999927e-02 9.580699999999999772e-01
1.205600000000000000e+04 3.449800000000000089e-02 1.268199999999999994e+00 6.064100000000000046e-02 1.270199999999999996e+00
1.287800000000000000e+04 5.565300000000000108e-02 1.640200000000000102e+00 8.393200000000000660e-02 1.643299999999999983e+00
1.364000000000000000e+04 7.844700000000000284e-02 2.063099999999999934e+00 1.124700000000000005e-01 2.067699999999999871e+00
1.425500000000000000e+04 9.818999999999999950e-02 2.447700000000000209e+00 1.402599999999999958e-01 2.453699999999999992e+00
1.468800000000000000e+04 1.139700000000000019e-01 2.770199999999999996e+00 1.650899999999999868e-01 2.777499999999999858e+00
1.503200000000000000e+04 1.292699999999999960e-01 3.099000000000000199e+00 1.930000000000000049e-01 3.107699999999999907e+00
1.522200000000000000e+04 1.368099999999999872e-01 3.263100000000000112e+00 2.073800000000000088e-01 3.272499999999999964e+00
