1.000000000000000000e+00 0.000000000000000000e+00 0.000000000000000000e+00 0.000000000000000000e+00 0.000000000000000000e+00
2.870000000000000000e+02 4.733999999999999737e-05 4.502500000000000209e-04 -5.361800000000000062e-05 4.558899999999999736e-04
1.010000000000000000e+03 2.936599999999999972e-05 2.894400000000000098e-03 -2.493800000000000010e-04 2.905299999999999983e-03
1.886000000000000000e+03 -1.112100000000000008e-04 7.843100000000000419e-03 -5.895699999999999812e-04 7.866099999999999134e-03
3.042000000000000000e+03 3.649599999999999806e-03 4.032399999999999873e-02 -4.471699999999999894e-04 4.049200000000000021e-02
4.109000000000000000e+03 9.983699999999999866e-03 8.201400000000000357e-02 6.570900000000000395e-04 8.262200000000000100e-02
5.423000000000000000e+03 1.836499999999999938e-02 1.426499999999999990e-01 3.069399999999999906e-03 1.438599999999999879e-01
6.667000000000000000e+03 2.982500000000000082e-02 2.234399999999999997e-01 6.673499999999999745e-03 2.255300000000000082e-01
7.843000000000000000e+03 4.500300000000000133e-02 3.256299999999999750e-01 1.211600000000000003e-02 3.289500000000000202e-01
8.940000000000000000e+03 6.579799999999999538e-02 4.689099999999999935e-01 2.040799999999999906e-02 4.739399999999999724e-01
9.994000000000000000e+03 9.101099999999999468e-02 6.459099999999999842e-01 3.124599999999999947e-02 6.530399999999999539e-01
1.095700000000000000e+04 1.205600000000000005e-01 8.725699999999999568e-01 4.609100000000000003e-02 8.820599999999999552e-01
1.184300000000000000e+04 1.536800000000000110e-01 1.142900000000000027e+00 6.451199999999999990e-02 1.154900000000000038e+00
1.268800000000000000e+04 1.895600000000000063e-01 1.463500000000000023e+00 8.710199999999999887e-02 1.478299999999999947e+00
1.345300000000000000e+04 2.270800000000000041e-01 1.825900000000000079e+00 1.139000000000000012e-01 1.843499999999999917e+00
1.412000000000000000e+04 2.590299999999999825e-01 2.154300000000000104e+00 1.393300000000000094e-01 2.174300000000000122e+00
1.459000000000000000e+04 2.845599999999999796e-01 2.426699999999999857e+00 1.607599999999999862e-01 2.448599999999999888e+00
1.495500000000000000e+04 3.102099999999999858e-01 2.694399999999999906e+00 1.794999999999999929e-01 2.718199999999999950e+00
1.518600000000000000e+04 3.233199999999999963e-01 2.828199999999999825e+00 1.890999999999999903e-01 2.852899999999999991e+00
1.370000000000000000e+02 0.000000000000000000e+00 0.000000000000000000e+00 0.000000000000000000e+00 0.000000000000000000e+00
3.970000000000000000e+02 2.149200000000000090e-04 8.131899999999999849e-04 9.390000000000000560e-05 8.463400000000000046e-04
1.218000000000000000e+03 1.538400000000000097e-03 4.305500000000000299e-03 4.073500000000000081e-04 4.590200000000000009e-03
2.088000000000000000e+03 3.108500000000000152e-03 1.186300000000000028e-02 9.983500000000000620e-04 1.230400000000000070e-02
3.242000000000000000e+03 5.373300000000000125e-03 3.278899999999999870e-02 2.529700000000000178e-03 3.332299999999999846e-02
4.428000000000000000e+03 6.847999999999999921e-03 6.574699999999999989e-02 3.624599999999999957e-03 6.620199999999999696e-02
5.729000000000000000e+03 1.309899999999999953e-02 1.204800000000000038e-01 4.575700000000000253e-03 1.212799999999999989e-01
6.960000000000000000e+03 2.554599999999999926e-02 1.925399999999999889e-01 6.094099999999999864e-03 1.943300000000000027e-01
8.118000000000000000e+03 4.049699999999999828e-02 2.894100000000000006e-01 8.632900000000000643e-03 2.923499999999999988e-01
9.204000000000000000e+03 6.201999999999999874e-02 4.264399999999999857e-01 1.339199999999999939e-02 4.311400000000000232e-01
1.023900000000000000e+04 8.627400000000000346e-02 6.007799999999999807e-01 2.088699999999999932e-02 6.072999999999999510e-01
1.118100000000000000e+04 1.171900000000000025e-01 8.224599999999999689e-01 3.201400000000000079e-02 8.313800000000000079e-01
1.205600000000000000e+04 1.506699999999999984e-01 1.089399999999999924e+00 4.713500000000000328e-02 1.100800000000000001e+00
1.287800000000000000e+04 1.874300000000000133e-01 1.408099999999999907e+00 6.745600000000000207e-02 1.422199999999999909e+00
1.364000000000000000e+04 2.257599999999999885e-01 1.770399999999999974e+00 9.233700000000000241e-02 1.787099999999999911e+00
1.425500000000000000e+04 2.584899999999999975e-01 2.100099999999999856e+00 1.165599999999999969e-01 2.119200000000000195e+00
1.468800000000000000e+04 2.846699999999999786e-01 2.376999999999999780e+00 1.383099999999999885e-01 2.397899999999999920e+00
1.503200000000000000e+04 3.104600000000000137e-01 2.659400000000000208e+00 1.635300000000000087e-01 2.682500000000000107e+00
1.522200000000000000e+04 3.233199999999999963e-01 2.800399999999999778e+00 1.765200000000000102e-01 2.824500000000000011e+00
