0.000000000000000000e+00 0.000000000000000000e+00 0.000000000000000000e+00 0.000000000000000000e+00 0.000000000000000000e+00 0.000000000000000000e+00 0.000000000000000000e+00 0.000000000000000000e+00 0.000000000000000000e+00 0.000000000000000000e+00 0.000000000000000000e+00 0.000000000000000000e+00 0.000000000000000000e+00
4.101199999999999833e-04 3.801699999999999871e-04 5.207599999999999946e-04 6.268800000000000153e-04 6.062399999999999690e-04 4.595199999999999914e-04 3.650799999999999944e-04 3.886699999999999769e-04 5.193100000000000407e-04 6.271099999999999505e-04 6.061900000000000491e-04 4.595499999999999759e-04 3.650999999999999840e-04
3.241299999999999910e-03 3.044499999999999897e-03 3.403300000000000162e-03 3.510399999999999892e-03 3.343099999999999891e-03 2.960599999999999864e-03 2.938899999999999933e-03 3.100700000000000071e-03 3.393199999999999862e-03 3.512200000000000044e-03 3.342700000000000098e-03 2.960700000000000137e-03 2.939000000000000206e-03
9.930500000000000091e-03 9.410099999999999368e-03 9.356099999999999139e-03 8.558200000000000182e-03 8.018000000000000821e-03 8.034200000000000022e-03 9.087100000000000732e-03 9.563900000000000179e-03 9.327300000000000174e-03 8.563400000000000525e-03 8.016999999999999821e-03 8.034599999999999381e-03 9.087299999999999545e-03
4.880400000000000016e-02 4.657900000000000235e-02 4.844899999999999901e-02 4.652400000000000285e-02 4.343899999999999845e-02 4.127100000000000213e-02 4.453599999999999920e-02 4.733799999999999814e-02 4.830799999999999678e-02 4.655000000000000110e-02 4.343400000000000039e-02 4.127299999999999719e-02 4.453599999999999920e-02
1.006900000000000017e-01 9.578599999999999615e-02 9.858300000000000396e-02 9.349399999999999378e-02 8.732099999999999584e-02 8.399700000000000222e-02 9.181499999999999384e-02 9.737700000000000522e-02 9.828599999999999837e-02 9.354800000000000615e-02 8.730999999999999872e-02 8.400199999999999334e-02 9.181599999999999484e-02
1.742200000000000137e-01 1.652500000000000080e-01 1.716499999999999970e-01 1.640900000000000136e-01 1.534899999999999876e-01 1.461699999999999944e-01 1.584599999999999898e-01 1.680899999999999894e-01 1.711199999999999943e-01 1.641900000000000026e-01 1.534699999999999953e-01 1.461800000000000044e-01 1.584599999999999898e-01
2.723700000000000010e-01 2.578400000000000136e-01 2.692200000000000149e-01 2.584199999999999831e-01 2.418599999999999917e-01 2.290399999999999936e-01 2.472799999999999998e-01 2.623900000000000121e-01 2.683800000000000074e-01 2.585700000000000220e-01 2.418299999999999894e-01 2.290600000000000136e-01 2.472900000000000098e-01
3.969400000000000150e-01 3.750899999999999790e-01 3.929400000000000115e-01 3.779500000000000082e-01 3.538200000000000234e-01 3.339300000000000046e-01 3.597899999999999987e-01 3.818500000000000227e-01 3.916899999999999826e-01 3.781800000000000161e-01 3.537799999999999834e-01 3.339500000000000246e-01 3.598000000000000087e-01
5.722399999999999709e-01 5.393200000000000216e-01 5.666200000000000125e-01 5.457300000000000484e-01 5.111900000000000333e-01 4.811199999999999921e-01 5.176899999999999835e-01 5.493000000000000105e-01 5.647699999999999942e-01 5.460599999999999898e-01 5.111200000000000188e-01 4.811500000000000221e-01 5.177000000000000490e-01
7.894700000000000051e-01 7.421799999999999509e-01 7.814100000000000490e-01 7.530900000000000372e-01 7.058499999999999774e-01 6.631000000000000227e-01 7.130100000000000326e-01 7.562400000000000233e-01 7.788100000000000023e-01 7.535600000000000076e-01 7.057499999999999885e-01 6.631399999999999517e-01 7.130300000000000527e-01
1.068999999999999950e+00 1.002000000000000002e+00 1.056599999999999984e+00 1.018100000000000005e+00 9.550199999999999800e-01 8.963200000000000056e-01 9.638400000000000301e-01 1.021500000000000075e+00 1.052999999999999936e+00 1.018799999999999928e+00 9.548799999999999510e-01 8.963700000000000001e-01 9.638700000000000045e-01
1.403699999999999948e+00 1.311900000000000066e+00 1.385099999999999998e+00 1.333800000000000097e+00 1.252199999999999980e+00 1.174600000000000088e+00 1.263600000000000056e+00 1.338000000000000078e+00 1.380300000000000082e+00 1.334699999999999998e+00 1.252000000000000002e+00 1.174700000000000077e+00 1.263700000000000045e+00
1.802300000000000013e+00 1.679300000000000015e+00 1.774899999999999922e+00 1.707500000000000018e+00 1.604800000000000004e+00 1.505100000000000104e+00 1.620100000000000096e+00 1.713300000000000045e+00 1.768599999999999950e+00 1.708599999999999897e+00 1.604500000000000037e+00 1.505200000000000093e+00 1.620100000000000096e+00
2.254100000000000215e+00 2.093799999999999883e+00 2.215599999999999792e+00 2.128800000000000026e+00 2.003200000000000092e+00 1.878800000000000026e+00 2.023499999999999854e+00 2.137100000000000222e+00 2.207500000000000018e+00 2.130199999999999871e+00 2.002899999999999903e+00 1.878900000000000015e+00 2.023600000000000065e+00
2.664299999999999891e+00 2.468599999999999905e+00 2.614700000000000024e+00 2.509399999999999853e+00 2.364199999999999857e+00 2.217600000000000016e+00 2.389400000000000190e+00 2.520300000000000207e+00 2.605100000000000193e+00 2.511099999999999888e+00 2.363799999999999901e+00 2.217699999999999783e+00 2.389499999999999957e+00
3.004700000000000149e+00 2.778300000000000214e+00 2.945399999999999796e+00 2.823900000000000077e+00 2.663400000000000212e+00 2.498600000000000154e+00 2.693000000000000060e+00 2.837000000000000188e+00 2.934400000000000119e+00 2.825899999999999856e+00 2.662999999999999812e+00 2.498800000000000132e+00 2.693099999999999827e+00
3.338000000000000078e+00 3.080499999999999794e+00 3.268899999999999917e+00 3.130900000000000016e+00 2.957199999999999829e+00 2.774799999999999933e+00 2.990600000000000147e+00 3.145900000000000141e+00 3.256600000000000161e+00 3.133100000000000218e+00 2.956700000000000106e+00 2.774900000000000144e+00 2.990699999999999914e+00
3.504300000000000193e+00 3.231300000000000061e+00 3.430400000000000116e+00 3.284100000000000019e+00 3.103899999999999881e+00 2.912799999999999834e+00 3.139200000000000212e+00 3.300100000000000033e+00 3.417499999999999982e+00 3.286399999999999988e+00 3.103400000000000158e+00 2.912900000000000045e+00 3.139400000000000190e+00
0.000000000000000000e+00 0.000000000000000000e+00 0.000000000000000000e+00 0.000000000000000000e+00 0.000000000000000000e+00 0.000000000000000000e+00 0.000000000000000000e+00 0.000000000000000000e+00 0.000000000000000000e+00 0.000000000000000000e+00 0.000000000000000000e+00 0.000000000000000000e+00 0.000000000000000000e+00
9.381399999999999592e-04 8.922199999999999923e-04 9.917700000000001081e-04 1.005500000000000100e-03 9.399500000000000520e-04 8.332899999999999856e-04 8.466699999999999964e-04 9.088300000000000111e-04 9.887400000000001049e-04 1.005999999999999950e-03 9.398399999999999463e-04 8.333400000000000139e-04 8.466899999999999860e-04
4.864199999999999947e-03 4.629699999999999614e-03 5.279700000000000018e-03 5.461899999999999568e-03 5.103599999999999803e-03 4.412600000000000029e-03 4.374300000000000237e-03 4.718700000000000151e-03 5.263499999999999950e-03 5.464700000000000286e-03 5.103100000000000171e-03 4.412799999999999709e-03 4.374399999999999643e-03
1.383099999999999954e-02 1.315700000000000029e-02 1.444400000000000024e-02 1.448999999999999941e-02 1.354099999999999922e-02 1.215499999999999914e-02 1.250399999999999949e-02 1.339800000000000019e-02 1.439999999999999961e-02 1.449800000000000047e-02 1.353999999999999995e-02 1.215600000000000014e-02 1.250399999999999949e-02
3.910199999999999787e-02 3.715399999999999953e-02 3.953299999999999870e-02 3.865799999999999792e-02 3.620199999999999807e-02 3.358300000000000174e-02 3.552700000000000302e-02 3.780200000000000227e-02 3.941299999999999665e-02 3.867999999999999911e-02 3.619700000000000001e-02 3.358499999999999680e-02 3.552799999999999708e-02
7.964799999999999658e-02 7.551800000000000179e-02 7.858900000000000607e-02 7.539899999999999380e-02 7.081400000000000194e-02 6.731900000000000384e-02 7.260500000000000287e-02 7.680099999999999427e-02 7.835200000000000498e-02 7.544199999999999517e-02 7.080500000000000682e-02 6.732200000000000684e-02 7.260700000000000487e-02
1.458699999999999997e-01 1.380699999999999983e-01 1.442599999999999993e-01 1.387899999999999967e-01 1.303700000000000137e-01 1.234100000000000058e-01 1.327399999999999969e-01 1.404700000000000115e-01 1.438200000000000034e-01 1.388699999999999934e-01 1.303499999999999936e-01 1.234200000000000019e-01 1.327399999999999969e-01
2.335599999999999898e-01 2.205600000000000060e-01 2.309199999999999864e-01 2.223199999999999898e-01 2.088700000000000001e-01 1.973399999999999876e-01 2.121399999999999952e-01 2.244800000000000129e-01 2.301999999999999880e-01 2.224500000000000088e-01 2.088399999999999979e-01 1.973499999999999976e-01 2.121500000000000052e-01
3.510800000000000032e-01 3.309599999999999764e-01 3.473399999999999821e-01 3.348700000000000010e-01 3.147699999999999942e-01 2.967099999999999738e-01 3.185000000000000053e-01 3.369500000000000273e-01 3.462299999999999822e-01 3.350699999999999790e-01 3.147300000000000098e-01 2.967199999999999838e-01 3.185100000000000153e-01
5.177100000000000035e-01 4.871300000000000074e-01 5.125199999999999756e-01 4.947199999999999931e-01 4.651199999999999779e-01 4.373900000000000010e-01 4.689499999999999780e-01 4.961300000000000154e-01 5.108599999999999808e-01 4.950200000000000156e-01 4.650599999999999734e-01 4.374199999999999755e-01 4.689599999999999880e-01
7.304899999999999727e-01 6.857999999999999652e-01 7.229900000000000215e-01 6.982199999999999518e-01 6.566800000000000415e-01 6.165100000000000025e-01 6.606300000000000505e-01 6.987400000000000277e-01 7.206000000000000183e-01 6.986499999999999932e-01 6.565999999999999615e-01 6.165399999999999769e-01 6.606499999999999595e-01
1.002399999999999958e+00 9.388600000000000279e-01 9.909400000000000430e-01 9.565399999999999459e-01 9.000299999999999967e-01 8.444399999999999684e-01 9.052099999999999591e-01 9.569400000000000128e-01 9.875899999999999679e-01 9.571399999999999908e-01 8.999099999999999877e-01 8.444899999999999629e-01 9.052499999999999991e-01
1.331499999999999906e+00 1.243800000000000017e+00 1.314000000000000057e+00 1.267300000000000093e+00 1.193100000000000049e+00 1.119099999999999984e+00 1.200499999999999901e+00 1.268199999999999994e+00 1.309500000000000108e+00 1.268100000000000005e+00 1.192900000000000071e+00 1.119199999999999973e+00 1.200599999999999890e+00
1.726099999999999968e+00 1.608000000000000096e+00 1.700199999999999934e+00 1.637699999999999934e+00 1.542899999999999938e+00 1.447400000000000020e+00 1.554100000000000037e+00 1.640200000000000102e+00 1.694199999999999928e+00 1.638800000000000034e+00 1.542699999999999960e+00 1.447500000000000009e+00 1.554100000000000037e+00
2.176600000000000090e+00 2.021799999999999820e+00 2.139899999999999913e+00 2.058100000000000041e+00 1.940700000000000092e+00 1.820799999999999974e+00 1.956900000000000084e+00 2.063099999999999934e+00 2.132200000000000095e+00 2.059400000000000119e+00 1.940399999999999903e+00 1.820899999999999963e+00 1.957000000000000073e+00
2.587899999999999867e+00 2.398099999999999898e+00 2.540299999999999780e+00 2.439900000000000180e+00 2.302799999999999958e+00 2.160800000000000054e+00 2.324100000000000055e+00 2.447700000000000209e+00 2.531000000000000139e+00 2.441600000000000215e+00 2.302500000000000213e+00 2.160899999999999821e+00 2.324300000000000033e+00
2.934000000000000163e+00 2.713400000000000034e+00 2.876700000000000035e+00 2.759900000000000020e+00 2.606899999999999995e+00 2.446400000000000130e+00 2.632800000000000029e+00 2.770199999999999996e+00 2.866099999999999870e+00 2.761800000000000033e+00 2.606500000000000039e+00 2.446600000000000108e+00 2.633000000000000007e+00
3.288100000000000023e+00 3.034899999999999931e+00 3.220499999999999918e+00 3.085999999999999854e+00 2.917400000000000215e+00 2.737999999999999989e+00 2.948199999999999932e+00 3.099000000000000199e+00 3.208499999999999908e+00 3.088099999999999845e+00 2.916900000000000048e+00 2.738199999999999967e+00 2.948399999999999910e+00
3.464900000000000091e+00 3.195300000000000029e+00 3.392100000000000115e+00 3.248600000000000154e+00 3.072299999999999809e+00 2.883500000000000174e+00 3.105700000000000127e+00 3.263100000000000112e+00 3.379399999999999959e+00 3.250799999999999912e+00 3.071800000000000086e+00 2.883700000000000152e+00 3.105799999999999894e+00
