1.000000000000000000e+00 0.000000000000000000e+00 0.000000000000000000e+00 0.000000000000000000e+00 0.000000000000000000e+00
2.870000000000000000e+02 4.175800000000000236e-04 3.650699999999999995e-04 -1.933600000000000054e-04 5.873900000000000258e-04
1.010000000000000000e+03 -1.636700000000000101e-05 2.938800000000000093e-03 -1.205600000000000031e-03 3.176500000000000070e-03
1.886000000000000000e+03 -4.114999999999999734e-03 9.086699999999999638e-03 -3.161600000000000087e-03 1.046399999999999934e-02
3.042000000000000000e+03 -5.805099999999999670e-03 4.453399999999999720e-02 -5.848800000000000353e-03 4.528999999999999693e-02
4.109000000000000000e+03 -9.309700000000000614e-03 9.181100000000000372e-02 -6.864300000000000263e-03 9.253699999999999426e-02
5.423000000000000000e+03 -1.311299999999999966e-02 1.584500000000000075e-01 -5.620700000000000175e-03 1.590900000000000092e-01
6.667000000000000000e+03 -1.596600000000000102e-02 2.472699999999999898e-01 -2.682100000000000196e-03 2.477999999999999925e-01
7.843000000000000000e+03 -1.675400000000000153e-02 3.597799999999999887e-01 2.693699999999999827e-03 3.601800000000000002e-01
8.940000000000000000e+03 -1.336299999999999988e-02 5.176699999999999635e-01 1.150799999999999913e-02 5.179700000000000415e-01
9.994000000000000000e+03 -6.741300000000000417e-03 7.129699999999999926e-01 2.339899999999999966e-02 7.133899999999999686e-01
1.095700000000000000e+04 3.342900000000000212e-03 9.637999999999999901e-01 4.002300000000000302e-02 9.646299999999999875e-01
1.184300000000000000e+04 1.624000000000000096e-02 1.263600000000000056e+00 6.089100000000000068e-02 1.265099999999999891e+00
1.268800000000000000e+04 3.144099999999999673e-02 1.620000000000000107e+00 8.662999999999999867e-02 1.622600000000000042e+00
1.345300000000000000e+04 4.803700000000000331e-02 2.023400000000000087e+00 1.172399999999999970e-01 2.027400000000000091e+00
1.412000000000000000e+04 6.237999999999999795e-02 2.389299999999999979e+00 1.463099999999999956e-01 2.394600000000000062e+00
1.459000000000000000e+04 7.381899999999999573e-02 2.692800000000000082e+00 1.710299999999999876e-01 2.699300000000000033e+00
1.495500000000000000e+04 8.544499999999999318e-02 2.990499999999999936e+00 1.943400000000000127e-01 2.998000000000000220e+00
1.518600000000000000e+04 9.151900000000000313e-02 3.139100000000000001e+00 2.062400000000000067e-01 3.147200000000000220e+00
1.370000000000000000e+02 0.000000000000000000e+00 0.000000000000000000e+00 0.000000000000000000e+00 0.000000000000000000e+00
3.970000000000000000e+02 2.135499999999999866e-04 8.466300000000000171e-04 2.540299999999999785e-04 9.093499999999999587e-04
1.218000000000000000e+03 2.191900000000000098e-03 4.374099999999999690e-03 1.054599999999999939e-03 5.004899999999999627e-03
2.088000000000000000e+03 2.949300000000000185e-03 1.250300000000000022e-02 2.486400000000000155e-03 1.308499999999999941e-02
3.242000000000000000e+03 3.757899999999999782e-04 3.552600000000000202e-02 6.036999999999999832e-03 3.603699999999999959e-02
4.428000000000000000e+03 -1.227299999999999919e-02 7.260199999999999987e-02 8.986499999999999697e-03 7.417799999999999394e-02
5.729000000000000000e+03 -1.829899999999999929e-02 1.327299999999999869e-01 1.094299999999999960e-02 1.344400000000000039e-01
6.960000000000000000e+03 -2.059700000000000072e-02 2.121300000000000130e-01 1.328099999999999940e-02 2.135400000000000076e-01
8.118000000000000000e+03 -2.186700000000000102e-02 3.184799999999999853e-01 1.650499999999999884e-02 3.196599999999999997e-01
9.204000000000000000e+03 -1.760899999999999965e-02 4.689300000000000135e-01 2.197999999999999954e-02 4.697700000000000209e-01
1.023900000000000000e+04 -1.220899999999999937e-02 6.605999999999999650e-01 3.034099999999999991e-02 6.614100000000000534e-01
1.118100000000000000e+04 -5.866400000000000347e-04 9.051700000000000301e-01 4.255899999999999961e-02 9.061700000000000310e-01
1.205600000000000000e+04 1.268999999999999989e-02 1.200499999999999901e+00 5.906900000000000345e-02 1.201999999999999957e+00
1.287800000000000000e+04 2.888800000000000048e-02 1.554000000000000048e+00 8.124199999999999477e-02 1.556400000000000006e+00
1.364000000000000000e+04 4.645200000000000023e-02 1.956800000000000095e+00 1.084200000000000025e-01 1.960399999999999920e+00
1.425500000000000000e+04 6.172400000000000109e-02 2.323999999999999844e+00 1.349200000000000121e-01 2.328800000000000203e+00
1.468800000000000000e+04 7.393900000000000472e-02 2.632699999999999818e+00 1.586100000000000010e-01 2.638500000000000068e+00
1.503200000000000000e+04 8.573799999999999477e-02 2.948100000000000165e+00 1.851099999999999968e-01 2.955200000000000049e+00
1.522200000000000000e+04 9.151900000000000313e-02 3.105500000000000149e+00 1.987700000000000022e-01 3.113199999999999967e+00
