1.000000000000000000e+00 0.000000000000000000e+00 0.000000000000000000e+00 0.000000000000000000e+00 0.000000000000000000e+00
2.870000000000000000e+02 1.344499999999999884e-04 5.193100000000000407e-04 -6.228799999999999723e-05 5.400399999999999862e-04
1.010000000000000000e+03 3.123700000000000196e-04 3.393199999999999862e-03 -3.183700000000000028e-04 3.422399999999999921e-03
1.886000000000000000e+03 1.721000000000000090e-04 9.327300000000000174e-03 -7.692099999999999892e-04 9.360600000000000170e-03
3.042000000000000000e+03 5.065899999999999917e-03 4.830799999999999678e-02 -5.980099999999999479e-04 4.857600000000000112e-02
4.109000000000000000e+03 1.331099999999999992e-02 9.828599999999999837e-02 7.413600000000000441e-04 9.918599999999999639e-02
5.423000000000000000e+03 2.427299999999999944e-02 1.711199999999999943e-01 3.651999999999999864e-03 1.728699999999999959e-01
6.667000000000000000e+03 3.919099999999999667e-02 2.683800000000000074e-01 8.012099999999999431e-03 2.713499999999999801e-01
7.843000000000000000e+03 5.886899999999999772e-02 3.916899999999999826e-01 1.462800000000000038e-02 3.963599999999999901e-01
8.940000000000000000e+03 8.569999999999999840e-02 5.647699999999999942e-01 2.471599999999999839e-02 5.717700000000000005e-01
9.994000000000000000e+03 1.182700000000000001e-01 7.788100000000000023e-01 3.789900000000000213e-02 7.886499999999999622e-01
1.095700000000000000e+04 1.565400000000000125e-01 1.052999999999999936e+00 5.593599999999999961e-02 1.066100000000000048e+00
1.184300000000000000e+04 1.996100000000000096e-01 1.380300000000000082e+00 7.829600000000000448e-02 1.396800000000000042e+00
1.268800000000000000e+04 2.464899999999999869e-01 1.768599999999999950e+00 1.056799999999999962e-01 1.788799999999999946e+00
1.345300000000000000e+04 2.957199999999999829e-01 2.207500000000000018e+00 1.380800000000000083e-01 2.231500000000000039e+00
1.412000000000000000e+04 3.377600000000000047e-01 2.605100000000000193e+00 1.687899999999999956e-01 2.632299999999999862e+00
1.459000000000000000e+04 3.714199999999999724e-01 2.934400000000000119e+00 1.945699999999999930e-01 2.964199999999999946e+00
1.495500000000000000e+04 4.052399999999999891e-01 3.256600000000000161e+00 2.166899999999999937e-01 3.288899999999999935e+00
1.518600000000000000e+04 4.225200000000000067e-01 3.417499999999999982e+00 2.280000000000000082e-01 3.451000000000000068e+00
1.370000000000000000e+02 0.000000000000000000e+00 0.000000000000000000e+00 0.000000000000000000e+00 0.000000000000000000e+00
3.970000000000000000e+02 2.060499999999999940e-04 9.887400000000001049e-04 9.260499999999999851e-05 1.014200000000000041e-03
1.218000000000000000e+03 1.453400000000000091e-03 5.263499999999999950e-03 3.870599999999999974e-04 5.474200000000000246e-03
2.088000000000000000e+03 3.057199999999999935e-03 1.439999999999999961e-02 9.457099999999999968e-04 1.475199999999999949e-02
3.242000000000000000e+03 5.971699999999999925e-03 3.941299999999999665e-02 2.413900000000000073e-03 3.993599999999999928e-02
4.428000000000000000e+03 9.443999999999999270e-03 7.835200000000000498e-02 3.448399999999999903e-03 7.899499999999999578e-02
5.729000000000000000e+03 1.773699999999999929e-02 1.438200000000000034e-01 4.388600000000000313e-03 1.449699999999999878e-01
6.960000000000000000e+03 3.394199999999999995e-02 2.301999999999999880e-01 6.010599999999999624e-03 2.327599999999999947e-01
8.118000000000000000e+03 5.328399999999999803e-02 3.462299999999999822e-01 8.867099999999999288e-03 3.504200000000000093e-01
9.204000000000000000e+03 8.083100000000000007e-02 5.108599999999999808e-01 1.436600000000000030e-02 5.174100000000000366e-01
1.023900000000000000e+04 1.122599999999999987e-01 7.206000000000000183e-01 2.318299999999999875e-02 7.296599999999999753e-01
1.118100000000000000e+04 1.521099999999999952e-01 9.875899999999999679e-01 3.638999999999999874e-02 9.999000000000000110e-01
1.205600000000000000e+04 1.956600000000000006e-01 1.309500000000000108e+00 5.446700000000000153e-02 1.325199999999999934e+00
1.287800000000000000e+04 2.436200000000000032e-01 1.694199999999999928e+00 7.887800000000000367e-02 1.713500000000000023e+00
1.364000000000000000e+04 2.939300000000000246e-01 2.132200000000000095e+00 1.088999999999999968e-01 2.155100000000000016e+00
1.425500000000000000e+04 3.370099999999999763e-01 2.531000000000000139e+00 1.382099999999999995e-01 2.557100000000000151e+00
1.468800000000000000e+04 3.715300000000000269e-01 2.866099999999999870e+00 1.645899999999999863e-01 2.894699999999999829e+00
1.503200000000000000e+04 4.055400000000000116e-01 3.208499999999999908e+00 1.954200000000000104e-01 3.239900000000000002e+00
1.522200000000000000e+04 4.225200000000000067e-01 3.379399999999999959e+00 2.112999999999999878e-01 3.412300000000000111e+00
