1.000000000000000000e+00 0.000000000000000000e+00 0.000000000000000000e+00 0.000000000000000000e+00 0.000000000000000000e+00
2.870000000000000000e+02 1.344999999999999896e-04 5.193799999999999502e-04 -6.229999999999999644e-05 5.401200000000000532e-04
1.010000000000000000e+03 3.124700000000000220e-04 3.393699999999999928e-03 -3.184600000000000104e-04 3.422899999999999988e-03
1.886000000000000000e+03 1.720199999999999963e-04 9.328700000000000533e-03 -7.694400000000000328e-04 9.362000000000000530e-03
3.042000000000000000e+03 5.066300000000000144e-03 4.831400000000000278e-02 -5.984000000000000170e-04 4.858300000000000118e-02
4.109000000000000000e+03 1.331199999999999918e-02 9.829999999999999849e-02 7.410300000000000524e-04 9.919999999999999651e-02
5.423000000000000000e+03 2.427500000000000144e-02 1.711399999999999866e-01 3.651999999999999864e-03 1.728999999999999981e-01
6.667000000000000000e+03 3.919399999999999967e-02 2.684199999999999919e-01 8.012699999999999337e-03 2.713900000000000201e-01
7.843000000000000000e+03 5.887499999999999678e-02 3.917499999999999871e-01 1.463000000000000064e-02 3.964199999999999946e-01
8.940000000000000000e+03 8.570899999999999352e-02 5.648600000000000287e-01 2.471900000000000139e-02 5.718600000000000350e-01
9.994000000000000000e+03 1.182799999999999963e-01 7.789300000000000113e-01 3.790400000000000019e-02 7.887699999999999712e-01
1.095700000000000000e+04 1.565600000000000047e-01 1.053199999999999914e+00 5.594500000000000167e-02 1.066200000000000037e+00
1.184300000000000000e+04 1.996300000000000019e-01 1.380500000000000060e+00 7.830900000000000361e-02 1.397100000000000009e+00
1.268800000000000000e+04 2.465299999999999991e-01 1.768899999999999917e+00 1.056900000000000062e-01 1.789099999999999913e+00
1.345300000000000000e+04 2.957600000000000229e-01 2.207899999999999974e+00 1.381100000000000105e-01 2.231899999999999995e+00
1.412000000000000000e+04 3.378099999999999992e-01 2.605599999999999916e+00 1.688199999999999978e-01 2.632800000000000029e+00
1.459000000000000000e+04 3.714700000000000224e-01 2.935000000000000053e+00 1.946100000000000052e-01 2.964799999999999880e+00
1.495500000000000000e+04 4.052999999999999936e-01 3.257200000000000095e+00 2.167300000000000060e-01 3.289499999999999869e+00
1.518600000000000000e+04 4.225800000000000112e-01 3.418099999999999916e+00 2.280399999999999927e-01 3.451700000000000212e+00
1.370000000000000000e+02 0.000000000000000000e+00 0.000000000000000000e+00 0.000000000000000000e+00 0.000000000000000000e+00
3.970000000000000000e+02 2.060700000000000108e-04 9.888799999999999240e-04 9.262399999999999952e-05 1.014399999999999937e-03
1.218000000000000000e+03 1.453599999999999988e-03 5.264300000000000403e-03 3.871300000000000153e-04 5.474999999999999832e-03
2.088000000000000000e+03 3.057499999999999888e-03 1.440199999999999987e-02 9.458700000000000224e-04 1.475399999999999975e-02
3.242000000000000000e+03 5.972200000000000425e-03 3.941900000000000265e-02 2.414299999999999866e-03 3.994199999999999834e-02
4.428000000000000000e+03 9.444599999999999176e-03 7.836300000000000210e-02 3.448999999999999809e-03 7.900600000000000678e-02
5.729000000000000000e+03 1.773800000000000029e-02 1.438399999999999956e-01 4.389399999999999899e-03 1.449900000000000078e-01
6.960000000000000000e+03 3.394500000000000295e-02 2.302299999999999902e-01 6.011700000000000030e-03 2.328000000000000069e-01
8.118000000000000000e+03 5.328900000000000303e-02 3.462799999999999767e-01 8.868600000000000788e-03 3.504700000000000037e-01
9.204000000000000000e+03 8.083899999999999419e-02 5.109399999999999498e-01 1.436800000000000056e-02 5.174900000000000055e-01
1.023900000000000000e+04 1.122699999999999948e-01 7.207099999999999618e-01 2.318699999999999928e-02 7.297700000000000298e-01
1.118100000000000000e+04 1.521299999999999875e-01 9.877500000000000169e-01 3.639699999999999880e-02 1.000099999999999989e+00
1.205600000000000000e+04 1.956900000000000028e-01 1.309700000000000086e+00 5.447699999999999765e-02 1.325399999999999912e+00
1.287800000000000000e+04 2.436500000000000055e-01 1.694499999999999895e+00 7.889200000000000379e-02 1.713799999999999990e+00
1.364000000000000000e+04 2.939700000000000091e-01 2.132499999999999840e+00 1.089200000000000029e-01 2.155499999999999972e+00
1.425500000000000000e+04 3.370600000000000263e-01 2.531499999999999861e+00 1.382299999999999918e-01 2.557599999999999874e+00
1.468800000000000000e+04 3.715800000000000214e-01 2.866600000000000037e+00 1.646199999999999886e-01 2.895300000000000207e+00
1.503200000000000000e+04 4.056000000000000161e-01 3.209099999999999842e+00 1.954500000000000126e-01 3.240499999999999936e+00
1.522200000000000000e+04 4.225800000000000112e-01 3.379999999999999893e+00 2.113299999999999901e-01 3.412900000000000045e+00
