1.000000000000000000e+00 0.000000000000000000e+00 0.000000000000000000e+00 0.000000000000000000e+00 0.000000000000000000e+00
2.870000000000000000e+02 -2.260700000000000090e-04 6.176099999999999906e-04 7.520800000000000228e-05 6.619700000000000063e-04
1.010000000000000000e+03 3.787800000000000021e-04 3.441099999999999888e-03 6.222899999999999526e-04 3.517300000000000114e-03
1.886000000000000000e+03 4.166000000000000432e-03 8.352099999999999455e-03 1.760400000000000072e-03 9.497999999999999499e-03
3.042000000000000000e+03 1.462600000000000011e-02 4.550099999999999978e-02 4.741699999999999735e-03 4.802900000000000225e-02
4.109000000000000000e+03 3.289000000000000257e-02 9.135100000000000164e-02 8.218100000000000752e-03 9.743899999999999784e-02
5.423000000000000000e+03 5.628099999999999770e-02 1.603100000000000080e-01 1.236699999999999952e-02 1.703500000000000014e-01
6.667000000000000000e+03 8.585500000000000076e-02 2.524100000000000232e-01 1.750799999999999926e-02 2.671899999999999831e-01
7.843000000000000000e+03 1.219699999999999951e-01 3.690599999999999992e-01 2.437999999999999889e-02 3.894599999999999729e-01
8.940000000000000000e+03 1.668800000000000006e-01 5.326699999999999768e-01 3.424100000000000060e-02 5.592500000000000249e-01
9.994000000000000000e+03 2.188700000000000090e-01 7.347399999999999487e-01 4.676000000000000295e-02 7.680799999999999850e-01
1.095700000000000000e+04 2.776100000000000234e-01 9.927899999999999503e-01 6.354600000000000526e-02 1.032799999999999940e+00
1.184300000000000000e+04 3.420199999999999907e-01 1.300000000000000044e+00 8.409999999999999420e-02 1.346799999999999997e+00
1.268800000000000000e+04 4.108200000000000185e-01 1.663300000000000001e+00 1.090900000000000064e-01 1.716699999999999893e+00
1.345300000000000000e+04 4.822400000000000020e-01 2.072700000000000209e+00 1.385099999999999942e-01 2.132499999999999840e+00
1.412000000000000000e+04 5.429699999999999527e-01 2.442299999999999915e+00 1.663100000000000134e-01 2.507499999999999840e+00
1.459000000000000000e+04 5.915700000000000403e-01 2.747799999999999798e+00 1.893600000000000005e-01 2.817099999999999937e+00
1.495500000000000000e+04 6.402900000000000258e-01 3.046100000000000030e+00 2.072599999999999998e-01 3.119499999999999940e+00
1.518600000000000000e+04 6.650199999999999445e-01 3.194900000000000073e+00 2.164500000000000035e-01 3.270599999999999952e+00
1.370000000000000000e+02 0.000000000000000000e+00 0.000000000000000000e+00 0.000000000000000000e+00 0.000000000000000000e+00
3.970000000000000000e+02 2.105999999999999962e-04 9.841599999999999827e-04 -6.406099999999999533e-05 1.008500000000000065e-03
1.218000000000000000e+03 8.278600000000000325e-04 5.348900000000000182e-03 -2.473999999999999962e-04 5.418199999999999752e-03
2.088000000000000000e+03 3.270100000000000177e-03 1.417900000000000063e-02 -5.132000000000000060e-04 1.456000000000000003e-02
3.242000000000000000e+03 1.107200000000000024e-02 3.781099999999999739e-02 -1.021599999999999895e-03 3.941200000000000259e-02
4.428000000000000000e+03 2.872299999999999853e-02 7.371800000000000574e-02 -1.808099999999999985e-03 7.913699999999999901e-02
5.729000000000000000e+03 4.945000000000000090e-02 1.356600000000000028e-01 -1.846299999999999938e-03 1.444000000000000006e-01
6.960000000000000000e+03 8.078399999999999470e-02 2.172099999999999864e-01 -9.995299999999999931e-04 2.317500000000000115e-01
8.118000000000000000e+03 1.168000000000000010e-01 3.270899999999999919e-01 1.250400000000000036e-03 3.473200000000000176e-01
9.204000000000000000e+03 1.622899999999999898e-01 4.830599999999999894e-01 6.181800000000000316e-03 5.096300000000000274e-01
1.023900000000000000e+04 2.133700000000000041e-01 6.814799999999999747e-01 1.437699999999999916e-02 7.142500000000000515e-01
1.118100000000000000e+04 2.735500000000000154e-01 9.331700000000000550e-01 2.685099999999999987e-02 9.727999999999999980e-01
1.205600000000000000e+04 3.384499999999999731e-01 1.235700000000000021e+00 4.402299999999999963e-02 1.282000000000000028e+00
1.287800000000000000e+04 4.082299999999999818e-01 1.596000000000000085e+00 6.721799999999999997e-02 1.648800000000000043e+00
1.364000000000000000e+04 4.806400000000000117e-01 2.004700000000000149e+00 9.569999999999999341e-02 2.063699999999999868e+00
1.425500000000000000e+04 5.423099999999999588e-01 2.375700000000000145e+00 1.234200000000000019e-01 2.439900000000000180e+00
1.468800000000000000e+04 5.916700000000000292e-01 2.686500000000000110e+00 1.484499999999999986e-01 2.754799999999999915e+00
1.503200000000000000e+04 6.405399999999999983e-01 3.003000000000000114e+00 1.786300000000000110e-01 3.075800000000000090e+00
1.522200000000000000e+04 6.650199999999999445e-01 3.160899999999999821e+00 1.941599999999999993e-01 3.235899999999999999e+00
