1.000000000000000000e+00 0.000000000000000000e+00 0.000000000000000000e+00 0.000000000000000000e+00 0.000000000000000000e+00
2.870000000000000000e+02 4.176000000000000133e-04 3.650999999999999840e-04 -1.933600000000000054e-04 5.874300000000000051e-04
1.010000000000000000e+03 -1.631600000000000099e-05 2.939000000000000206e-03 -1.205600000000000031e-03 3.176800000000000023e-03
1.886000000000000000e+03 -4.114900000000000328e-03 9.087299999999999545e-03 -3.161699999999999927e-03 1.046500000000000034e-02
3.042000000000000000e+03 -5.804799999999999717e-03 4.453700000000000020e-02 -5.848899999999999759e-03 4.529199999999999893e-02
4.109000000000000000e+03 -9.308900000000000161e-03 9.181699999999999584e-02 -6.864300000000000263e-03 9.254300000000000026e-02
5.423000000000000000e+03 -1.311200000000000039e-02 1.584699999999999998e-01 -5.620599999999999902e-03 1.591100000000000014e-01
6.667000000000000000e+03 -1.596300000000000149e-02 2.472900000000000098e-01 -2.681699999999999969e-03 2.478200000000000125e-01
7.843000000000000000e+03 -1.675000000000000100e-02 3.598100000000000187e-01 2.694600000000000120e-03 3.602099999999999747e-01
8.940000000000000000e+03 -1.335700000000000082e-02 5.177100000000000035e-01 1.150900000000000013e-02 5.180099999999999705e-01
9.994000000000000000e+03 -6.732300000000000090e-03 7.130300000000000527e-01 2.340199999999999919e-02 7.134500000000000286e-01
1.095700000000000000e+04 3.355299999999999862e-03 9.638799999999999590e-01 4.002700000000000008e-02 9.647200000000000220e-01
1.184300000000000000e+04 1.625700000000000062e-02 1.263700000000000045e+00 6.089800000000000074e-02 1.265300000000000091e+00
1.268800000000000000e+04 3.146199999999999691e-02 1.620100000000000096e+00 8.663899999999999380e-02 1.622700000000000031e+00
1.345300000000000000e+04 4.806300000000000155e-02 2.023600000000000065e+00 1.172600000000000031e-01 2.027600000000000069e+00
1.412000000000000000e+04 6.241000000000000020e-02 2.389600000000000168e+00 1.463200000000000056e-01 2.394899999999999807e+00
1.459000000000000000e+04 7.385200000000000098e-02 2.693099999999999827e+00 1.710500000000000076e-01 2.699500000000000011e+00
1.495500000000000000e+04 8.548200000000000243e-02 2.990800000000000125e+00 1.943600000000000050e-01 2.998299999999999965e+00
1.518600000000000000e+04 9.155699999999999950e-02 3.139400000000000190e+00 2.062599999999999989e-01 3.147499999999999964e+00
1.370000000000000000e+02 0.000000000000000000e+00 0.000000000000000000e+00 0.000000000000000000e+00 0.000000000000000000e+00
3.970000000000000000e+02 2.135499999999999866e-04 8.467000000000000351e-04 2.540299999999999785e-04 9.094100000000000360e-04
1.218000000000000000e+03 2.191900000000000098e-03 4.374399999999999643e-03 1.054599999999999939e-03 5.005199999999999580e-03
2.088000000000000000e+03 2.949400000000000025e-03 1.250399999999999949e-02 2.486499999999999995e-03 1.308600000000000041e-02
3.242000000000000000e+03 3.761099999999999752e-04 3.552799999999999708e-02 6.037200000000000379e-03 3.604000000000000259e-02
4.428000000000000000e+03 -1.227199999999999992e-02 7.260700000000000487e-02 8.986700000000000244e-03 7.418299999999999894e-02
5.729000000000000000e+03 -1.829799999999999829e-02 1.327399999999999969e-01 1.094299999999999960e-02 1.344499999999999862e-01
6.960000000000000000e+03 -2.059400000000000119e-02 2.121500000000000052e-01 1.328099999999999940e-02 2.135599999999999998e-01
8.118000000000000000e+03 -2.186400000000000149e-02 3.185100000000000153e-01 1.650599999999999984e-02 3.196800000000000197e-01
9.204000000000000000e+03 -1.760300000000000059e-02 4.689699999999999980e-01 2.198100000000000054e-02 4.698100000000000054e-01
1.023900000000000000e+04 -1.220100000000000004e-02 6.606600000000000250e-01 3.034200000000000091e-02 6.614700000000000024e-01
1.118100000000000000e+04 -5.745099999999999730e-04 9.052499999999999991e-01 4.256200000000000261e-02 9.062500000000000000e-01
1.205600000000000000e+04 1.270600000000000028e-02 1.200599999999999890e+00 5.907300000000000051e-02 1.202099999999999946e+00
1.287800000000000000e+04 2.890900000000000067e-02 1.554100000000000037e+00 8.124900000000000178e-02 1.556499999999999995e+00
1.364000000000000000e+04 4.647799999999999848e-02 1.957000000000000073e+00 1.084299999999999986e-01 1.960599999999999898e+00
1.425500000000000000e+04 6.175400000000000333e-02 2.324300000000000033e+00 1.349299999999999944e-01 2.329000000000000181e+00
1.468800000000000000e+04 7.397299999999999709e-02 2.633000000000000007e+00 1.586200000000000110e-01 2.638799999999999812e+00
1.503200000000000000e+04 8.577400000000000302e-02 2.948399999999999910e+00 1.851200000000000068e-01 2.955499999999999794e+00
1.522200000000000000e+04 9.155699999999999950e-02 3.105799999999999894e+00 1.987899999999999945e-01 3.113500000000000156e+00
