1.000000000000000000e+00 -1.558489999999999931e+00 3.605740000000000056e-01 1.500000000000000000e+00
2.870000000000000000e+02 -1.724875649999999982e+00 3.958294900000000061e-01 2.859927037999999921e+00
1.010000000000000000e+03 -2.056255969999999600e+00 4.603665000000000118e-01 5.599609389999999465e+00
1.886000000000000000e+03 -2.360363246000000359e+00 5.119520000000000737e-01 8.319034620000000047e+00
3.042000000000000000e+03 -2.657902300000000384e+00 5.792340000000000266e-01 1.173907980000000073e+01
4.109000000000000000e+03 -2.721194999999999808e+00 4.952980000000000160e-01 1.584044792999999984e+01
5.423000000000000000e+03 -2.606942999999999788e+00 3.941299999999999804e-01 1.993360889999999941e+01
6.667000000000000000e+03 -2.475961999999999996e+00 3.086252700000000071e-01 2.403841140000000109e+01
7.843000000000000000e+03 -2.318720000000000336e+00 2.294540000000000191e-01 2.813578500000000204e+01
8.940000000000000000e+03 -2.141608000000000178e+00 1.874090000000000478e-01 3.224710900000000180e+01
9.994000000000000000e+03 -1.963800000000000212e+00 1.792230000000000212e-01 3.636197899999999805e+01
1.095700000000000000e+04 -1.778150000000000119e+00 2.240640000000000409e-01 4.047242199999999457e+01
1.184300000000000000e+04 -1.585699999999999887e+00 3.162299999999997890e-01 4.459785300000000063e+01
1.268800000000000000e+04 -1.387770000000000170e+00 4.685699999999997090e-01 4.872908999999999935e+01
1.345300000000000000e+04 -1.186719999999999997e+00 6.622399999999999398e-01 5.285614000000000345e+01
1.412000000000000000e+04 -1.017759999999999998e+00 8.449699999999999989e-01 5.631127999999999645e+01
1.459000000000000000e+04 -8.446000000000000174e-01 9.962500000000003020e-01 5.907084000000000401e+01
1.495500000000000000e+04 -4.071369999999999711e-01 1.136509999999999909e+00 6.181627999999999901e+01
1.518600000000000000e+04 -1.879699999999999704e-01 1.202100000000000168e+00 6.319927999999999457e+01
1.370000000000000000e+02 1.558489999999999931e+00 -3.636220000000000008e-01 1.500000000000000000e+00
3.970000000000000000e+02 1.725270639999999966e+00 -4.052329000000000070e-01 2.860108529999999760e+00
1.218000000000000000e+03 1.819544300000000003e+00 -4.377446999999999866e-01 5.600447949999999508e+00
2.088000000000000000e+03 1.846673800000000032e+00 -4.590940000000000021e-01 8.321087300000000297e+00
3.242000000000000000e+03 1.781865899999999892e+00 -4.619109999999999605e-01 1.174276889999999973e+01
4.428000000000000000e+03 1.833388799999999819e+00 -4.529639999999999778e-01 1.584398369999999900e+01
5.729000000000000000e+03 1.773806999999999912e+00 -4.230599999999999916e-01 1.993507149999999939e+01
6.960000000000000000e+03 1.714698999999999973e+00 -3.998469999999999525e-01 2.403691820000000234e+01
8.118000000000000000e+03 1.644932999999999979e+00 -3.651849999999999818e-01 2.813015299999999996e+01
9.204000000000000000e+03 1.576357000000000008e+00 -3.010760000000000103e-01 3.223634599999999750e+01
1.023900000000000000e+04 1.515950000000000131e+00 -2.149200000000001110e-01 3.634631000000000256e+01
1.118100000000000000e+04 1.463980000000000059e+00 -8.983000000000007645e-02 4.045125199999999666e+01
1.205600000000000000e+04 1.415179999999999882e+00 6.887999999999983025e-02 4.457175600000000060e+01
1.287800000000000000e+04 1.370539999999999869e+00 2.685800000000000409e-01 4.869949599999999634e+01
1.364000000000000000e+04 1.328219999999999956e+00 5.049099999999997479e-01 5.282369000000000625e+01
1.425500000000000000e+04 1.294056000000000095e+00 7.212600000000000122e-01 5.627711999999999648e+01
1.468800000000000000e+04 1.241452999999999918e+00 9.002799999999999692e-01 5.903724000000000416e+01
1.503200000000000000e+04 1.012207999999999997e+00 1.074340000000000295e+00 6.179240000000000066e+01
1.522200000000000000e+04 8.975299999999999390e-01 1.156100000000000350e+00 6.318051999999999424e+01
