1.000000000000000000e+00 0.000000000000000000e+00 0.000000000000000000e+00 0.000000000000000000e+00 0.000000000000000000e+00
2.870000000000000000e+02 4.176200000000000029e-04 3.651400000000000175e-04 -1.933700000000000002e-04 5.874699999999999844e-04
1.010000000000000000e+03 -1.625799999999999918e-05 2.939300000000000159e-03 -1.205700000000000088e-03 3.177000000000000136e-03
1.886000000000000000e+03 -4.114900000000000328e-03 9.088099999999999998e-03 -3.161699999999999927e-03 1.046500000000000034e-02
3.042000000000000000e+03 -5.804300000000000084e-03 4.454000000000000320e-02 -5.849000000000000032e-03 4.529600000000000293e-02
4.109000000000000000e+03 -9.307700000000000348e-03 9.182500000000000384e-02 -6.864300000000000263e-03 9.255099999999999438e-02
5.423000000000000000e+03 -1.311000000000000013e-02 1.584800000000000098e-01 -5.620299999999999949e-03 1.591200000000000114e-01
6.667000000000000000e+03 -1.595999999999999849e-02 2.473100000000000021e-01 -2.681100000000000063e-03 2.478400000000000047e-01
7.843000000000000000e+03 -1.674499999999999947e-02 3.598399999999999932e-01 2.695799999999999932e-03 3.602400000000000047e-01
8.940000000000000000e+03 -1.334899999999999975e-02 5.177599999999999980e-01 1.151199999999999966e-02 5.180599999999999650e-01
9.994000000000000000e+03 -6.721500000000000044e-03 7.130999999999999561e-01 2.340499999999999872e-02 7.135200000000000431e-01
1.095700000000000000e+04 3.369700000000000212e-03 9.639799999999999480e-01 4.003199999999999814e-02 9.648099999999999454e-01
1.184300000000000000e+04 1.627500000000000127e-02 1.263800000000000034e+00 6.090500000000000080e-02 1.265400000000000080e+00
1.268800000000000000e+04 3.148499999999999910e-02 1.620300000000000074e+00 8.664900000000000380e-02 1.622900000000000009e+00
1.345300000000000000e+04 4.809100000000000180e-02 2.023800000000000043e+00 1.172699999999999992e-01 2.027800000000000047e+00
1.412000000000000000e+04 6.244299999999999851e-02 2.389800000000000146e+00 1.463399999999999979e-01 2.395099999999999785e+00
1.459000000000000000e+04 7.388799999999999535e-02 2.693400000000000016e+00 1.710699999999999998e-01 2.699800000000000200e+00
1.495500000000000000e+04 8.552099999999999980e-02 2.991099999999999870e+00 1.943900000000000072e-01 2.998600000000000154e+00
1.518600000000000000e+04 9.159899999999999987e-02 3.139800000000000146e+00 2.062799999999999911e-01 3.147899999999999920e+00
1.370000000000000000e+02 0.000000000000000000e+00 0.000000000000000000e+00 0.000000000000000000e+00 0.000000000000000000e+00
3.970000000000000000e+02 2.135600000000000085e-04 8.467799999999999936e-04 2.540399999999999733e-04 9.095000000000000437e-04
1.218000000000000000e+03 2.191999999999999938e-03 4.374900000000000143e-03 1.054599999999999939e-03 5.005700000000000080e-03
2.088000000000000000e+03 2.949600000000000138e-03 1.250599999999999976e-02 2.486599999999999835e-03 1.308699999999999967e-02
3.242000000000000000e+03 3.765299999999999745e-04 3.553200000000000108e-02 6.037299999999999785e-03 3.604299999999999865e-02
4.428000000000000000e+03 -1.227199999999999992e-02 7.261399999999999799e-02 8.986900000000000791e-03 7.418900000000000494e-02
5.729000000000000000e+03 -1.829599999999999976e-02 1.327599999999999891e-01 1.094400000000000060e-02 1.344599999999999962e-01
6.960000000000000000e+03 -2.059100000000000166e-02 2.121699999999999975e-01 1.328200000000000040e-02 2.135799999999999921e-01
8.118000000000000000e+03 -2.185899999999999996e-02 3.185399999999999898e-01 1.650599999999999984e-02 3.197099999999999942e-01
9.204000000000000000e+03 -1.759600000000000053e-02 4.690099999999999825e-01 2.198200000000000154e-02 4.698499999999999899e-01
1.023900000000000000e+04 -1.219100000000000045e-02 6.607199999999999740e-01 3.034399999999999945e-02 6.615299999999999514e-01
1.118100000000000000e+04 -5.606300000000000042e-04 9.053400000000000336e-01 4.256499999999999867e-02 9.063400000000000345e-01
1.205600000000000000e+04 1.272399999999999920e-02 1.200700000000000101e+00 5.907799999999999857e-02 1.202199999999999935e+00
1.287800000000000000e+04 2.893199999999999938e-02 1.554300000000000015e+00 8.125599999999999490e-02 1.556699999999999973e+00
1.364000000000000000e+04 4.650599999999999873e-02 1.957200000000000051e+00 1.084399999999999947e-01 1.960800000000000098e+00
1.425500000000000000e+04 6.178700000000000164e-02 2.324500000000000011e+00 1.349400000000000044e-01 2.329299999999999926e+00
1.468800000000000000e+04 7.400900000000000534e-02 2.633300000000000196e+00 1.586400000000000032e-01 2.639100000000000001e+00
1.503200000000000000e+04 8.581400000000000139e-02 2.948700000000000099e+00 1.851399999999999990e-01 2.955799999999999983e+00
1.522200000000000000e+04 9.159899999999999987e-02 3.106199999999999850e+00 1.988099999999999867e-01 3.113900000000000112e+00
