1.000000000000000000e+00 0.000000000000000000e+00 0.000000000000000000e+00 0.000000000000000000e+00 0.000000000000000000e+00
2.870000000000000000e+02 4.414500000000000238e-04 3.801699999999999871e-04 -1.921299999999999918e-04 6.134499999999999762e-04
1.010000000000000000e+03 9.721200000000000370e-05 3.044499999999999897e-03 -1.201800000000000047e-03 3.274599999999999907e-03
1.886000000000000000e+03 -3.899399999999999915e-03 9.410099999999999368e-03 -3.146499999999999991e-03 1.066100000000000034e-02
3.042000000000000000e+03 -5.074900000000000244e-03 4.657900000000000235e-02 -5.726900000000000046e-03 4.720300000000000190e-02
4.109000000000000000e+03 -7.679899999999999921e-03 9.578599999999999615e-02 -6.599500000000000331e-03 9.631900000000000184e-02
5.423000000000000000e+03 -1.030599999999999919e-02 1.652500000000000080e-01 -5.174500000000000280e-03 1.656499999999999917e-01
6.667000000000000000e+03 -1.163199999999999998e-02 2.578400000000000136e-01 -2.001800000000000194e-03 2.581100000000000061e-01
7.843000000000000000e+03 -1.053199999999999970e-02 3.750899999999999790e-01 3.688600000000000212e-03 3.752599999999999825e-01
8.940000000000000000e+03 -4.778300000000000082e-03 5.393200000000000216e-01 1.293200000000000079e-02 5.394999999999999796e-01
9.994000000000000000e+03 4.628400000000000396e-03 7.421799999999999509e-01 2.533600000000000088e-02 7.426300000000000123e-01
1.095700000000000000e+04 1.790900000000000131e-02 1.002000000000000002e+00 4.258499999999999786e-02 1.003100000000000103e+00
1.184300000000000000e+04 3.437099999999999878e-02 1.311900000000000066e+00 6.414799999999999669e-02 1.314000000000000057e+00
1.268800000000000000e+04 5.344399999999999845e-02 1.679300000000000015e+00 9.062499999999999722e-02 1.682600000000000096e+00
1.345300000000000000e+04 7.409100000000000408e-02 2.093799999999999883e+00 1.219800000000000051e-01 2.098700000000000010e+00
1.412000000000000000e+04 9.187700000000000033e-02 2.468599999999999905e+00 1.516299999999999870e-01 2.474899999999999878e+00
1.459000000000000000e+04 1.060600000000000015e-01 2.778300000000000214e+00 1.767199999999999882e-01 2.786000000000000032e+00
1.495500000000000000e+04 1.204500000000000015e-01 3.080499999999999794e+00 1.999799999999999911e-01 3.089300000000000157e+00
1.518600000000000000e+04 1.278700000000000114e-01 3.231300000000000061e+00 2.118599999999999928e-01 3.240699999999999914e+00
1.370000000000000000e+02 0.000000000000000000e+00 0.000000000000000000e+00 0.000000000000000000e+00 0.000000000000000000e+00
3.970000000000000000e+02 2.040499999999999996e-04 8.922199999999999923e-04 2.455599999999999732e-04 9.476299999999999784e-04
1.218000000000000000e+03 2.096100000000000046e-03 4.629699999999999614e-03 1.014099999999999984e-03 5.182299999999999927e-03
2.088000000000000000e+03 2.845100000000000146e-03 1.315700000000000029e-02 2.389399999999999857e-03 1.367100000000000086e-02
3.242000000000000000e+03 6.038499999999999597e-04 3.715399999999999953e-02 5.802599999999999772e-03 3.760899999999999660e-02
4.428000000000000000e+03 -1.086299999999999939e-02 7.551800000000000179e-02 8.626500000000000487e-03 7.678100000000000203e-02
5.729000000000000000e+03 -1.586999999999999869e-02 1.380699999999999983e-01 1.050399999999999945e-02 1.393699999999999939e-01
6.960000000000000000e+03 -1.654999999999999874e-02 2.205600000000000060e-01 1.279199999999999955e-02 2.215499999999999969e-01
8.118000000000000000e+03 -1.593999999999999931e-02 3.309599999999999764e-01 1.601699999999999999e-02 3.317300000000000249e-01
9.204000000000000000e+03 -9.330800000000000205e-03 4.871300000000000074e-01 2.157900000000000096e-02 4.877000000000000224e-01
1.023900000000000000e+04 -1.188199999999999933e-03 6.857999999999999652e-01 3.013499999999999859e-02 6.864599999999999591e-01
1.118100000000000000e+04 1.367900000000000019e-02 9.388600000000000279e-01 4.268399999999999972e-02 9.399300000000000432e-01
1.205600000000000000e+04 3.057800000000000101e-02 1.243800000000000017e+00 5.966400000000000176e-02 1.245600000000000041e+00
1.287800000000000000e+04 5.070000000000000201e-02 1.608000000000000096e+00 8.246499999999999664e-02 1.610899999999999999e+00
1.364000000000000000e+04 7.238700000000000689e-02 2.021799999999999820e+00 1.103900000000000020e-01 2.026199999999999779e+00
1.425500000000000000e+04 9.117000000000000104e-02 2.398099999999999898e+00 1.375599999999999878e-01 2.403700000000000170e+00
1.468800000000000000e+04 1.061799999999999966e-01 2.713400000000000034e+00 1.618300000000000016e-01 2.720299999999999940e+00
1.503200000000000000e+04 1.207199999999999940e-01 3.034899999999999931e+00 1.890699999999999881e-01 3.043200000000000127e+00
1.522200000000000000e+04 1.278700000000000114e-01 3.195300000000000029e+00 2.031199999999999950e-01 3.204299999999999926e+00
