1.000000000000000000e+00 -1.558489999999999931e+00 3.605740000000000056e-01 1.500000000000000000e+00
2.870000000000000000e+02 -1.725309599999999888e+00 3.958631900000000314e-01 2.860077749999999863e+00
1.010000000000000000e+03 -2.056370399999999599e+00 4.599406999999999801e-01 5.600644929999999633e+00
1.886000000000000000e+03 -2.356389000000000067e+00 5.095588000000000894e-01 8.321817900000000989e+00
3.042000000000000000e+03 -2.649093000000000142e+00 5.688660000000000938e-01 1.174478659999999941e+01
4.109000000000000000e+03 -2.703491000000000088e+00 4.728970000000000118e-01 1.584820279999999926e+01
5.423000000000000000e+03 -2.578329000000000093e+00 3.562799999999999856e-01 1.994223099999999960e+01
6.667000000000000000e+03 -2.434799999999999631e+00 2.499852700000000094e-01 2.404719000000000051e+01
7.843000000000000000e+03 -2.263970000000000038e+00 1.440939999999999721e-01 2.814378800000000069e+01
8.940000000000000000e+03 -2.072799999999999976e+00 6.414900000000001157e-02 3.225325300000000084e+01
9.994000000000000000e+03 -1.880540000000000100e+00 8.593000000000072802e-03 3.636528400000000261e+01
1.095700000000000000e+04 -1.680390000000000050e+00 -8.365999999999984560e-03 4.047145799999999838e+01
1.184300000000000000e+04 -1.473400000000000043e+00 8.829999999999893490e-03 4.459131699999999654e+01
1.268800000000000000e+04 -1.261080000000000201e+00 7.126999999999994451e-02 4.871555000000000035e+01
1.345300000000000000e+04 -1.045779999999999932e+00 1.622399999999999398e-01 5.283420000000000272e+01
1.412000000000000000e+04 -8.649200000000000221e-01 2.515700000000000713e-01 5.628138999999999470e+01
1.459000000000000000e+04 -6.822400000000000686e-01 3.254500000000000171e-01 5.903401999999999816e+01
1.495500000000000000e+04 -2.353769999999999474e-01 3.916100000000000136e-01 6.177185000000000059e+01
1.518600000000000000e+04 -1.153000000000004022e-02 4.204000000000003290e-01 6.315099999999999625e+01
1.370000000000000000e+02 1.558489999999999931e+00 -3.636220000000000008e-01 1.500000000000000000e+00
3.970000000000000000e+02 1.725270480000000051e+00 -4.053971700000000289e-01 2.859939991000000070e+00
1.218000000000000000e+03 1.818870320000000040e+00 -4.385199999999999654e-01 5.599774880000000010e+00
2.088000000000000000e+03 1.846771500000000010e+00 -4.616319999999999868e-01 8.319540910000000622e+00
3.242000000000000000e+03 1.786522999999999861e+00 -4.696710000000000051e-01 1.173910657999999962e+01
4.428000000000000000e+03 1.851499000000000006e+00 -4.694760000000000044e-01 1.583837959999999967e+01
5.729000000000000000e+03 1.803311999999999804e+00 -4.532200000000000673e-01 1.992837829999999855e+01
6.960000000000000000e+03 1.756996000000000002e+00 -4.484169999999999545e-01 2.402923960000000037e+01
8.118000000000000000e+03 1.701189999999999980e+00 -4.380749999999999922e-01 2.812145970000000261e+01
9.204000000000000000e+03 1.646530000000000049e+00 -4.088059999999999472e-01 3.222628110000000135e+01
1.023900000000000000e+04 1.600999999999999979e+00 -3.676900000000000723e-01 3.633426500000000203e+01
1.118100000000000000e+04 1.563160000000000105e+00 -3.012299999999999978e-01 4.043640299999999854e+01
1.205600000000000000e+04 1.528789999999999871e+00 -2.146200000000000330e-01 4.455311100000000124e+01
1.287800000000000000e+04 1.498259999999999925e+00 -1.024199999999999555e-01 4.867569499999999749e+01
1.364000000000000000e+04 1.469840000000000035e+00 3.250999999999981682e-02 5.279346000000000316e+01
1.425500000000000000e+04 1.447205999999999992e+00 1.554600000000001536e-01 5.624052999999999969e+01
1.468800000000000000e+04 1.403812999999999978e+00 2.554799999999999294e-01 5.899501000000000062e+01
1.503200000000000000e+04 1.183898000000000117e+00 3.478400000000001491e-01 6.174452000000000140e+01
1.522200000000000000e+04 1.073969999999999869e+00 3.888000000000002565e-01 6.312969999999999970e+01
