0.000000000000000000e+00 0.000000000000000000e+00 0.000000000000000000e+00 0.000000000000000000e+00 0.000000000000000000e+00 0.000000000000000000e+00 0.000000000000000000e+00 0.000000000000000000e+00 0.000000000000000000e+00 0.000000000000000000e+00 0.000000000000000000e+00 0.000000000000000000e+00 0.000000000000000000e+00
6.512799999999999579e-04 4.502500000000000209e-04 3.669999999999999760e-04 3.883399999999999851e-04 5.193799999999999502e-04 6.270899999999999608e-04 6.061900000000000491e-04 4.595399999999999810e-04 3.650699999999999995e-04 3.886900000000000207e-04 5.192999999999999916e-04 6.270899999999999608e-04 6.061900000000000491e-04
3.687999999999999872e-03 2.894400000000000098e-03 2.951699999999999810e-03 3.098500000000000126e-03 3.393699999999999928e-03 3.511999999999999931e-03 3.342700000000000098e-03 2.960700000000000137e-03 2.938800000000000093e-03 3.100799999999999911e-03 3.393100000000000022e-03 3.511999999999999931e-03 3.342700000000000098e-03
9.061899999999999469e-03 7.843100000000000419e-03 9.122299999999999853e-03 9.557799999999999976e-03 9.328700000000000533e-03 8.562900000000000025e-03 8.016799999999999274e-03 8.034400000000000569e-03 9.086699999999999638e-03 9.564200000000000132e-03 9.327200000000000768e-03 8.563100000000000572e-03 8.016900000000000415e-03
4.871099999999999736e-02 4.032399999999999873e-02 4.470799999999999774e-02 4.730800000000000283e-02 4.831400000000000278e-02 4.654699999999999810e-02 4.343299999999999939e-02 4.127200000000000313e-02 4.453399999999999720e-02 4.733899999999999914e-02 4.830700000000000272e-02 4.654799999999999910e-02 4.343400000000000039e-02
9.829899999999999749e-02 8.201400000000000357e-02 9.217599999999999405e-02 9.731499999999999873e-02 9.829999999999999849e-02 9.354200000000000015e-02 8.730899999999999772e-02 8.400000000000000522e-02 9.181100000000000372e-02 9.737999999999999434e-02 9.828499999999999737e-02 9.354400000000000215e-02 8.730999999999999872e-02
1.727700000000000069e-01 1.426499999999999990e-01 1.591100000000000014e-01 1.679799999999999904e-01 1.711399999999999866e-01 1.641799999999999926e-01 1.534699999999999953e-01 1.461699999999999944e-01 1.584500000000000075e-01 1.680999999999999994e-01 1.711199999999999943e-01 1.641799999999999926e-01 1.534699999999999953e-01
2.723599999999999910e-01 2.234399999999999997e-01 2.483200000000000129e-01 2.622099999999999986e-01 2.684199999999999919e-01 2.585500000000000020e-01 2.418200000000000072e-01 2.290500000000000036e-01 2.472699999999999898e-01 2.624000000000000221e-01 2.683800000000000074e-01 2.585600000000000120e-01 2.418299999999999894e-01
3.988300000000000178e-01 3.256299999999999750e-01 3.613299999999999845e-01 3.815899999999999848e-01 3.917499999999999871e-01 3.781499999999999861e-01 3.537699999999999734e-01 3.339400000000000146e-01 3.597799999999999887e-01 3.818699999999999872e-01 3.916899999999999826e-01 3.781599999999999961e-01 3.537799999999999834e-01
5.770600000000000174e-01 4.689099999999999935e-01 5.199599999999999778e-01 5.489100000000000090e-01 5.648600000000000287e-01 5.460300000000000153e-01 5.111200000000000188e-01 4.811400000000000121e-01 5.176699999999999635e-01 5.493200000000000305e-01 5.647600000000000398e-01 5.460399999999999698e-01 5.111200000000000188e-01
7.979699999999999571e-01 6.459099999999999842e-01 7.162100000000000133e-01 7.556899999999999729e-01 7.789300000000000113e-01 7.535100000000000131e-01 7.057400000000000340e-01 6.631200000000000427e-01 7.129699999999999926e-01 7.562699999999999978e-01 7.788000000000000478e-01 7.535199999999999676e-01 7.057499999999999885e-01
1.081599999999999895e+00 8.725699999999999568e-01 9.682800000000000296e-01 1.020699999999999941e+00 1.053199999999999914e+00 1.018699999999999939e+00 9.548699999999999966e-01 8.963499999999999801e-01 9.637999999999999901e-01 1.021500000000000075e+00 1.052999999999999936e+00 1.018699999999999939e+00 9.548699999999999966e-01
1.420700000000000074e+00 1.142900000000000027e+00 1.269600000000000062e+00 1.336999999999999966e+00 1.380500000000000060e+00 1.334600000000000009e+00 1.252000000000000002e+00 1.174700000000000077e+00 1.263600000000000056e+00 1.338000000000000078e+00 1.380300000000000082e+00 1.334600000000000009e+00 1.252000000000000002e+00
1.824000000000000066e+00 1.463500000000000023e+00 1.627899999999999903e+00 1.711999999999999966e+00 1.768899999999999917e+00 1.708499999999999908e+00 1.604500000000000037e+00 1.505200000000000093e+00 1.620000000000000107e+00 1.713400000000000034e+00 1.768599999999999950e+00 1.708499999999999908e+00 1.604500000000000037e+00
2.280699999999999950e+00 1.825900000000000079e+00 2.033500000000000085e+00 2.135400000000000187e+00 2.207899999999999974e+00 2.130100000000000104e+00 2.002899999999999903e+00 1.878900000000000015e+00 2.023400000000000087e+00 2.137199999999999989e+00 2.207500000000000018e+00 2.130100000000000104e+00 2.002899999999999903e+00
2.694900000000000073e+00 2.154300000000000104e+00 2.401400000000000201e+00 2.518200000000000216e+00 2.605599999999999916e+00 2.510899999999999910e+00 2.363799999999999901e+00 2.217600000000000016e+00 2.389299999999999979e+00 2.520399999999999974e+00 2.604999999999999982e+00 2.511000000000000121e+00 2.363700000000000134e+00
3.038600000000000190e+00 2.426699999999999857e+00 2.706500000000000128e+00 2.834700000000000220e+00 2.935000000000000053e+00 2.825699999999999878e+00 2.662999999999999812e+00 2.498699999999999921e+00 2.692800000000000082e+00 2.837200000000000166e+00 2.934400000000000119e+00 2.825699999999999878e+00 2.662900000000000045e+00
3.375199999999999978e+00 2.694399999999999906e+00 3.005799999999999805e+00 3.143400000000000194e+00 3.257200000000000095e+00 3.132899999999999796e+00 2.956700000000000106e+00 2.774900000000000144e+00 2.990499999999999936e+00 3.146100000000000119e+00 3.256600000000000161e+00 3.132899999999999796e+00 2.956700000000000106e+00
3.543200000000000127e+00 2.828199999999999825e+00 3.155199999999999783e+00 3.297400000000000109e+00 3.418099999999999916e+00 3.286200000000000010e+00 3.103400000000000158e+00 2.912799999999999834e+00 3.139100000000000001e+00 3.300199999999999800e+00 3.417400000000000215e+00 3.286200000000000010e+00 3.103400000000000158e+00
0.000000000000000000e+00 0.000000000000000000e+00 0.000000000000000000e+00 0.000000000000000000e+00 0.000000000000000000e+00 0.000000000000000000e+00 0.000000000000000000e+00 0.000000000000000000e+00 0.000000000000000000e+00 0.000000000000000000e+00 0.000000000000000000e+00 0.000000000000000000e+00 0.000000000000000000e+00
1.048000000000000103e-03 8.131899999999999849e-04 8.504400000000000501e-04 9.081700000000000276e-04 9.888799999999999240e-04 1.005999999999999950e-03 9.398300000000000057e-04 8.333200000000000243e-04 8.466300000000000171e-04 9.088600000000000498e-04 9.887299999999999475e-04 1.005999999999999950e-03 9.398399999999999463e-04
5.675699999999999669e-03 4.305500000000000299e-03 4.394499999999999969e-03 4.715200000000000120e-03 5.264300000000000403e-03 5.464400000000000333e-03 5.102999999999999897e-03 4.412700000000000303e-03 4.374099999999999690e-03 4.718800000000000425e-03 5.263499999999999950e-03 5.464499999999999739e-03 5.102999999999999897e-03
1.511900000000000049e-02 1.186300000000000028e-02 1.255900000000000072e-02 1.338800000000000059e-02 1.440199999999999987e-02 1.449699999999999947e-02 1.353999999999999995e-02 1.215600000000000014e-02 1.250300000000000022e-02 1.339800000000000019e-02 1.439999999999999961e-02 1.449699999999999947e-02 1.353999999999999995e-02
4.050200000000000328e-02 3.278899999999999870e-02 3.567499999999999838e-02 3.777699999999999808e-02 3.941900000000000265e-02 3.867700000000000304e-02 3.619700000000000001e-02 3.358400000000000274e-02 3.552600000000000202e-02 3.780300000000000327e-02 3.941299999999999665e-02 3.867799999999999710e-02 3.619700000000000001e-02
7.932000000000000162e-02 6.574699999999999989e-02 7.289700000000000346e-02 7.675099999999999978e-02 7.836300000000000210e-02 7.543800000000000505e-02 7.080400000000000582e-02 6.732100000000000584e-02 7.260199999999999987e-02 7.680299999999999627e-02 7.835100000000000398e-02 7.543900000000000605e-02 7.080400000000000582e-02
1.461699999999999944e-01 1.204800000000000038e-01 1.332899999999999918e-01 1.403699999999999948e-01 1.438399999999999956e-01 1.388600000000000112e-01 1.303499999999999936e-01 1.234200000000000019e-01 1.327299999999999869e-01 1.404700000000000115e-01 1.438200000000000034e-01 1.388600000000000112e-01 1.303499999999999936e-01
2.346000000000000030e-01 1.925399999999999889e-01 2.130400000000000071e-01 2.243300000000000016e-01 2.302299999999999902e-01 2.224299999999999888e-01 2.088399999999999979e-01 1.973399999999999876e-01 2.121300000000000130e-01 2.244899999999999951e-01 2.301900000000000057e-01 2.224399999999999988e-01 2.088399999999999979e-01
3.538399999999999879e-01 2.894100000000000006e-01 3.198599999999999777e-01 3.367200000000000193e-01 3.462799999999999767e-01 3.350500000000000145e-01 3.147199999999999998e-01 2.967199999999999838e-01 3.184799999999999853e-01 3.369599999999999818e-01 3.462299999999999822e-01 3.350500000000000145e-01 3.147199999999999998e-01
5.235100000000000309e-01 4.264399999999999857e-01 4.709999999999999742e-01 4.957699999999999885e-01 5.109399999999999498e-01 4.949899999999999856e-01 4.650500000000000189e-01 4.374000000000000110e-01 4.689300000000000135e-01 4.961400000000000254e-01 5.108500000000000263e-01 4.949899999999999856e-01 4.650500000000000189e-01
7.402600000000000291e-01 6.007799999999999807e-01 6.635900000000000132e-01 6.982300000000000173e-01 7.207099999999999618e-01 6.985999999999999988e-01 6.565900000000000070e-01 6.165300000000000225e-01 6.605999999999999650e-01 6.987600000000000477e-01 7.205799999999999983e-01 6.986099999999999532e-01 6.565900000000000070e-01
1.016399999999999970e+00 8.224599999999999689e-01 9.093499999999999917e-01 9.562300000000000244e-01 9.877500000000000169e-01 9.570800000000000418e-01 8.999000000000000332e-01 8.444700000000000539e-01 9.051700000000000301e-01 9.569800000000000528e-01 9.875800000000000134e-01 9.570899999999999963e-01 8.999000000000000332e-01
1.349900000000000100e+00 1.089399999999999924e+00 1.206099999999999950e+00 1.267300000000000093e+00 1.309700000000000086e+00 1.268000000000000016e+00 1.192900000000000071e+00 1.119199999999999973e+00 1.200499999999999901e+00 1.268299999999999983e+00 1.309500000000000108e+00 1.268000000000000016e+00 1.192900000000000071e+00
1.749000000000000110e+00 1.408099999999999907e+00 1.561500000000000110e+00 1.638900000000000023e+00 1.694499999999999895e+00 1.638600000000000056e+00 1.542699999999999960e+00 1.447400000000000020e+00 1.554000000000000048e+00 1.640300000000000091e+00 1.694199999999999928e+00 1.638700000000000045e+00 1.542699999999999960e+00
2.204200000000000159e+00 1.770399999999999974e+00 1.966399999999999926e+00 2.061500000000000110e+00 2.132499999999999840e+00 2.059299999999999908e+00 1.940399999999999903e+00 1.820799999999999974e+00 1.956800000000000095e+00 2.063200000000000145e+00 2.132099999999999884e+00 2.059299999999999908e+00 1.940399999999999903e+00
2.619400000000000173e+00 2.100099999999999856e+00 2.335599999999999898e+00 2.445800000000000196e+00 2.531499999999999861e+00 2.441399999999999793e+00 2.302400000000000002e+00 2.160800000000000054e+00 2.323999999999999844e+00 2.447799999999999976e+00 2.531000000000000139e+00 2.441399999999999793e+00 2.302400000000000002e+00
2.968599999999999905e+00 2.376999999999999780e+00 2.645999999999999908e+00 2.767999999999999794e+00 2.866600000000000037e+00 2.761600000000000055e+00 2.606500000000000039e+00 2.446499999999999897e+00 2.632699999999999818e+00 2.770300000000000207e+00 2.866000000000000103e+00 2.761600000000000055e+00 2.606500000000000039e+00
3.325800000000000090e+00 2.659400000000000208e+00 2.963099999999999845e+00 3.096499999999999808e+00 3.209099999999999842e+00 3.087899999999999867e+00 2.916900000000000048e+00 2.738100000000000200e+00 2.948100000000000165e+00 3.099200000000000177e+00 3.208400000000000141e+00 3.087899999999999867e+00 2.916799999999999837e+00
3.504100000000000215e+00 2.800399999999999778e+00 3.121399999999999952e+00 3.260400000000000187e+00 3.379999999999999893e+00 3.250599999999999934e+00 3.071800000000000086e+00 2.883599999999999941e+00 3.105500000000000149e+00 3.263199999999999878e+00 3.379300000000000193e+00 3.250599999999999934e+00 3.071699999999999875e+00
