0.000000000000000000e+00 0.000000000000000000e+00 0.000000000000000000e+00 0.000000000000000000e+00 0.000000000000000000e+00 0.000000000000000000e+00 0.000000000000000000e+00 0.000000000000000000e+00 0.000000000000000000e+00 0.000000000000000000e+00 0.000000000000000000e+00 0.000000000000000000e+00 0.000000000000000000e+00
5.724900000000000431e-04 6.176099999999999906e-04 6.079600000000000542e-04 4.591899999999999996e-04 3.651400000000000175e-04 3.886900000000000207e-04 5.192999999999999916e-04 6.270899999999999608e-04 6.061900000000000491e-04 4.595499999999999759e-04 3.650999999999999840e-04 3.886900000000000207e-04 5.192999999999999916e-04
3.768500000000000148e-03 3.441099999999999888e-03 3.356099999999999882e-03 2.958199999999999805e-03 2.939300000000000159e-03 3.100799999999999911e-03 3.393100000000000022e-03 3.511999999999999931e-03 3.342700000000000098e-03 2.960700000000000137e-03 2.939000000000000206e-03 3.100799999999999911e-03 3.393100000000000022e-03
1.041000000000000085e-02 8.352099999999999455e-03 8.056999999999999926e-03 8.027299999999999366e-03 9.088099999999999998e-03 9.564200000000000132e-03 9.327200000000000768e-03 8.563100000000000572e-03 8.016900000000000415e-03 8.034599999999999381e-03 9.087299999999999545e-03 9.564200000000000132e-03 9.327200000000000768e-03
5.380100000000000160e-02 4.550099999999999978e-02 4.363100000000000311e-02 4.123700000000000282e-02 4.454000000000000320e-02 4.733899999999999914e-02 4.830700000000000272e-02 4.654799999999999910e-02 4.343400000000000039e-02 4.127299999999999719e-02 4.453700000000000020e-02 4.733899999999999914e-02 4.830700000000000272e-02
1.097100000000000020e-01 9.135100000000000164e-02 8.772399999999999642e-02 8.392600000000000060e-02 9.182500000000000384e-02 9.737999999999999434e-02 9.828499999999999737e-02 9.354400000000000215e-02 8.730999999999999872e-02 8.400199999999999334e-02 9.181699999999999584e-02 9.737999999999999434e-02 9.828499999999999737e-02
1.913199999999999901e-01 1.603100000000000080e-01 1.542000000000000037e-01 1.460400000000000031e-01 1.584800000000000098e-01 1.680999999999999994e-01 1.711199999999999943e-01 1.641799999999999926e-01 1.534699999999999953e-01 1.461800000000000044e-01 1.584699999999999998e-01 1.680999999999999994e-01 1.711199999999999943e-01
3.004600000000000048e-01 2.524100000000000232e-01 2.429900000000000115e-01 2.288399999999999879e-01 2.473100000000000021e-01 2.624000000000000221e-01 2.683800000000000074e-01 2.585600000000000120e-01 2.418299999999999894e-01 2.290600000000000136e-01 2.472900000000000098e-01 2.624000000000000221e-01 2.683800000000000074e-01
4.391300000000000203e-01 3.690599999999999992e-01 3.554899999999999727e-01 3.336299999999999821e-01 3.598399999999999932e-01 3.818699999999999872e-01 3.916899999999999826e-01 3.781599999999999961e-01 3.537799999999999834e-01 3.339500000000000246e-01 3.598100000000000187e-01 3.818699999999999872e-01 3.916899999999999826e-01
6.343800000000000550e-01 5.326699999999999768e-01 5.136500000000000510e-01 4.806900000000000062e-01 5.177599999999999980e-01 5.493200000000000305e-01 5.647600000000000398e-01 5.460399999999999698e-01 5.111200000000000188e-01 4.811500000000000221e-01 5.177100000000000035e-01 5.493200000000000305e-01 5.647600000000000398e-01
8.763699999999999823e-01 7.347399999999999487e-01 7.093000000000000416e-01 6.624799999999999578e-01 7.130999999999999561e-01 7.562699999999999978e-01 7.788000000000000478e-01 7.535199999999999676e-01 7.057499999999999885e-01 6.631399999999999517e-01 7.130300000000000527e-01 7.562699999999999978e-01 7.788000000000000478e-01
1.187300000000000022e+00 9.927899999999999503e-01 9.597900000000000320e-01 8.954600000000000337e-01 9.639799999999999480e-01 1.021500000000000075e+00 1.052999999999999936e+00 1.018699999999999939e+00 9.548699999999999966e-01 8.963700000000000001e-01 9.638799999999999590e-01 1.021500000000000075e+00 1.052999999999999936e+00
1.559399999999999897e+00 1.300000000000000044e+00 1.258599999999999941e+00 1.173499999999999988e+00 1.263800000000000034e+00 1.338000000000000078e+00 1.380300000000000082e+00 1.334600000000000009e+00 1.252000000000000002e+00 1.174700000000000077e+00 1.263700000000000045e+00 1.338000000000000078e+00 1.380300000000000082e+00
2.001799999999999802e+00 1.663300000000000001e+00 1.613099999999999978e+00 1.503600000000000048e+00 1.620300000000000074e+00 1.713400000000000034e+00 1.768599999999999950e+00 1.708499999999999908e+00 1.604500000000000037e+00 1.505200000000000093e+00 1.620100000000000096e+00 1.713400000000000034e+00 1.768599999999999950e+00
2.502899999999999903e+00 2.072700000000000209e+00 2.013799999999999812e+00 1.876900000000000013e+00 2.023800000000000043e+00 2.137199999999999989e+00 2.207500000000000018e+00 2.130100000000000104e+00 2.002899999999999903e+00 1.878900000000000015e+00 2.023600000000000065e+00 2.137199999999999989e+00 2.207500000000000018e+00
2.957199999999999829e+00 2.442299999999999915e+00 2.376900000000000013e+00 2.215300000000000047e+00 2.389800000000000146e+00 2.520399999999999974e+00 2.604999999999999982e+00 2.511000000000000121e+00 2.363700000000000134e+00 2.217699999999999783e+00 2.389600000000000168e+00 2.520399999999999974e+00 2.604999999999999982e+00
3.333800000000000097e+00 2.747799999999999798e+00 2.677900000000000169e+00 2.495999999999999996e+00 2.693400000000000016e+00 2.837200000000000166e+00 2.934400000000000119e+00 2.825699999999999878e+00 2.662900000000000045e+00 2.498699999999999921e+00 2.693099999999999827e+00 2.837200000000000166e+00 2.934400000000000119e+00
3.701600000000000001e+00 3.046100000000000030e+00 2.973399999999999821e+00 2.771799999999999820e+00 2.991099999999999870e+00 3.146100000000000119e+00 3.256600000000000161e+00 3.132899999999999796e+00 2.956700000000000106e+00 2.774900000000000144e+00 2.990800000000000125e+00 3.146100000000000119e+00 3.256600000000000161e+00
3.885099999999999998e+00 3.194900000000000073e+00 3.120899999999999785e+00 2.909600000000000186e+00 3.139800000000000146e+00 3.300199999999999800e+00 3.417400000000000215e+00 3.286200000000000010e+00 3.103400000000000158e+00 2.912900000000000045e+00 3.139400000000000190e+00 3.300199999999999800e+00 3.417400000000000215e+00
0.000000000000000000e+00 0.000000000000000000e+00 0.000000000000000000e+00 0.000000000000000000e+00 0.000000000000000000e+00 0.000000000000000000e+00 0.000000000000000000e+00 0.000000000000000000e+00 0.000000000000000000e+00 0.000000000000000000e+00 0.000000000000000000e+00 0.000000000000000000e+00 0.000000000000000000e+00
1.104100000000000003e-03 9.841599999999999827e-04 9.439500000000000408e-04 8.325799999999999737e-04 8.467799999999999936e-04 9.088600000000000498e-04 9.887299999999999475e-04 1.005999999999999950e-03 9.398399999999999463e-04 8.333400000000000139e-04 8.467000000000000351e-04 9.088600000000000498e-04 9.887299999999999475e-04
5.878300000000000365e-03 5.348900000000000182e-03 5.124799999999999668e-03 4.408800000000000045e-03 4.374900000000000143e-03 4.718800000000000425e-03 5.263499999999999950e-03 5.464499999999999739e-03 5.102999999999999897e-03 4.412799999999999709e-03 4.374399999999999643e-03 4.718800000000000425e-03 5.263499999999999950e-03
1.607799999999999854e-02 1.417900000000000063e-02 1.359999999999999924e-02 1.214499999999999955e-02 1.250599999999999976e-02 1.339800000000000019e-02 1.439999999999999961e-02 1.449699999999999947e-02 1.353999999999999995e-02 1.215600000000000014e-02 1.250399999999999949e-02 1.339800000000000019e-02 1.439999999999999961e-02
4.395700000000000301e-02 3.781099999999999739e-02 3.636099999999999749e-02 3.355400000000000049e-02 3.553200000000000108e-02 3.780300000000000327e-02 3.941299999999999665e-02 3.867799999999999710e-02 3.619700000000000001e-02 3.358499999999999680e-02 3.552799999999999708e-02 3.780300000000000327e-02 3.941299999999999665e-02
8.731600000000000472e-02 7.371800000000000574e-02 7.112999999999999878e-02 6.726200000000000234e-02 7.261399999999999799e-02 7.680299999999999627e-02 7.835100000000000398e-02 7.543900000000000605e-02 7.080400000000000582e-02 6.732200000000000684e-02 7.260700000000000487e-02 7.680299999999999627e-02 7.835100000000000398e-02
1.605100000000000138e-01 1.356600000000000028e-01 1.309599999999999931e-01 1.233100000000000029e-01 1.327599999999999891e-01 1.404700000000000115e-01 1.438200000000000034e-01 1.388600000000000112e-01 1.303499999999999936e-01 1.234200000000000019e-01 1.327399999999999969e-01 1.404700000000000115e-01 1.438200000000000034e-01
2.574100000000000277e-01 2.172099999999999864e-01 2.098299999999999887e-01 1.971600000000000019e-01 2.121699999999999975e-01 2.244899999999999951e-01 2.301900000000000057e-01 2.224399999999999988e-01 2.088399999999999979e-01 1.973499999999999976e-01 2.121500000000000052e-01 2.244899999999999951e-01 2.301900000000000057e-01
3.876100000000000101e-01 3.270899999999999919e-01 3.162300000000000111e-01 2.964399999999999813e-01 3.185399999999999898e-01 3.369599999999999818e-01 3.462299999999999822e-01 3.350500000000000145e-01 3.147199999999999998e-01 2.967199999999999838e-01 3.185100000000000153e-01 3.369599999999999818e-01 3.462299999999999822e-01
5.727799999999999558e-01 4.830599999999999894e-01 4.673200000000000132e-01 4.369999999999999996e-01 4.690099999999999825e-01 4.961400000000000254e-01 5.108500000000000263e-01 4.949899999999999856e-01 4.650500000000000189e-01 4.374199999999999755e-01 4.689699999999999980e-01 4.961400000000000254e-01 5.108500000000000263e-01
8.093599999999999683e-01 6.814799999999999747e-01 6.598399999999999821e-01 6.159400000000000430e-01 6.607199999999999740e-01 6.987600000000000477e-01 7.205799999999999983e-01 6.986099999999999532e-01 6.565900000000000070e-01 6.165399999999999769e-01 6.606600000000000250e-01 6.987600000000000477e-01 7.205799999999999983e-01
1.111299999999999955e+00 9.331700000000000550e-01 9.044499999999999762e-01 8.436500000000000110e-01 9.053400000000000336e-01 9.569800000000000528e-01 9.875800000000000134e-01 9.570899999999999963e-01 8.999000000000000332e-01 8.444899999999999629e-01 9.052499999999999991e-01 9.569800000000000528e-01 9.875800000000000134e-01
1.476399999999999935e+00 1.235700000000000021e+00 1.199100000000000055e+00 1.118100000000000094e+00 1.200700000000000101e+00 1.268299999999999983e+00 1.309500000000000108e+00 1.268000000000000016e+00 1.192900000000000071e+00 1.119199999999999973e+00 1.200599999999999890e+00 1.268299999999999983e+00 1.309500000000000108e+00
1.913699999999999957e+00 1.596000000000000085e+00 1.550799999999999956e+00 1.445899999999999963e+00 1.554300000000000015e+00 1.640300000000000091e+00 1.694199999999999928e+00 1.638700000000000045e+00 1.542699999999999960e+00 1.447500000000000009e+00 1.554100000000000037e+00 1.640300000000000091e+00 1.694199999999999928e+00
2.412799999999999834e+00 2.004700000000000149e+00 1.950800000000000090e+00 1.818899999999999961e+00 1.957200000000000051e+00 2.063200000000000145e+00 2.132099999999999884e+00 2.059299999999999908e+00 1.940399999999999903e+00 1.820899999999999963e+00 1.957000000000000073e+00 2.063200000000000145e+00 2.132099999999999884e+00
2.868199999999999861e+00 2.375700000000000145e+00 2.314999999999999947e+00 2.158599999999999852e+00 2.324500000000000011e+00 2.447799999999999976e+00 2.531000000000000139e+00 2.441399999999999793e+00 2.302400000000000002e+00 2.160899999999999821e+00 2.324300000000000033e+00 2.447799999999999976e+00 2.531000000000000139e+00
3.251300000000000079e+00 2.686500000000000110e+00 2.620899999999999785e+00 2.443900000000000183e+00 2.633300000000000196e+00 2.770300000000000207e+00 2.866000000000000103e+00 2.761600000000000055e+00 2.606500000000000039e+00 2.446600000000000108e+00 2.633000000000000007e+00 2.770300000000000207e+00 2.866000000000000103e+00
3.643400000000000194e+00 3.003000000000000114e+00 2.933199999999999807e+00 2.735100000000000087e+00 2.948700000000000099e+00 3.099200000000000177e+00 3.208400000000000141e+00 3.087899999999999867e+00 2.916799999999999837e+00 2.738100000000000200e+00 2.948399999999999910e+00 3.099200000000000177e+00 3.208400000000000141e+00
3.839100000000000179e+00 3.160899999999999821e+00 3.088999999999999968e+00 2.880500000000000060e+00 3.106199999999999850e+00 3.263199999999999878e+00 3.379300000000000193e+00 3.250599999999999934e+00 3.071699999999999875e+00 2.883700000000000152e+00 3.105799999999999894e+00 3.263199999999999878e+00 3.379300000000000193e+00
