1.000000000000000000e+00 -1.558489999999999931e+00 3.605740000000000056e-01 1.500000000000000000e+00
2.870000000000000000e+02 -1.724995086000000066e+00 3.957165200000000160e-01 2.859944379999999953e+00
1.010000000000000000e+03 -2.056597422999999925e+00 4.595585999999999838e-01 5.599736899999999906e+00
1.886000000000000000e+03 -2.360579360000000015e+00 5.095762000000000347e-01 8.319372949999999989e+00
3.042000000000000000e+03 -2.659571200000000246e+00 5.667040000000000965e-01 1.173948842999999975e+01
4.109000000000000000e+03 -2.725254000000000065e+00 4.695849999999999747e-01 1.584059367999999957e+01
5.423000000000000000e+03 -2.614250999999999880e+00 3.489799999999999569e-01 1.993304660000000084e+01
6.667000000000000000e+03 -2.487693999999999850e+00 2.372052699999999958e-01 2.403672500000000056e+01
7.843000000000000000e+03 -2.336324999999999985e+00 1.242540000000000033e-01 2.813229800000000225e+01
8.940000000000000000e+03 -2.167290000000000383e+00 3.414899999999998492e-02 3.224080699999999666e+01
9.994000000000000000e+03 -1.999407000000000156e+00 -3.404699999999993842e-02 3.635194299999999856e+01
1.095700000000000000e+04 -1.825600000000000112e+00 -6.691599999999997550e-02 4.045721599999999540e+01
1.184300000000000000e+04 -1.646689999999999987e+00 -6.857000000000001982e-02 4.457618699999999734e+01
1.268800000000000000e+04 -1.463729999999999976e+00 -2.812999999999998835e-02 4.869947499999999962e+01
1.345300000000000000e+04 -1.278589999999999893e+00 3.814000000000006274e-02 5.281712000000000273e+01
1.412000000000000000e+04 -1.123299999999999965e+00 1.053700000000001857e-01 5.626335999999999871e+01
1.459000000000000000e+04 -9.611200000000000854e-01 1.610500000000003595e-01 5.901548999999999978e+01
1.495500000000000000e+04 -5.347169999999998868e-01 2.097099999999998410e-01 6.175484999999999758e+01
1.518600000000000000e+04 -3.211999999999999855e-01 2.298000000000000043e-01 6.313475999999999999e+01
1.370000000000000000e+02 1.558489999999999931e+00 -3.636220000000000008e-01 1.500000000000000000e+00
3.970000000000000000e+02 1.725267329999999877e+00 -4.055037100000000172e-01 2.860096849999999691e+00
1.218000000000000000e+03 1.819520900000000108e+00 -4.392104000000000008e-01 5.600418609999999298e+00
2.088000000000000000e+03 1.846527599999999936e+00 -4.630170000000000119e-01 8.321024500000000046e+00
3.242000000000000000e+03 1.780942599999999931e+00 -4.722849999999999548e-01 1.174259520000000023e+01
4.428000000000000000e+03 1.830461200000000010e+00 -4.729609999999999648e-01 1.584372409999999931e+01
5.729000000000000000e+03 1.768445999999999962e+00 -4.601600000000000135e-01 1.993470290000000134e+01
6.960000000000000000e+03 1.704488000000000003e+00 -4.599170000000000202e-01 2.403626279999999937e+01
8.118000000000000000e+03 1.629057999999999895e+00 -4.560850000000000182e-01 2.812887000000000270e+01
9.204000000000000000e+03 1.552413000000000043e+00 -4.364659999999999651e-01 3.223375399999999757e+01
1.023900000000000000e+04 1.482382000000000088e+00 -4.077700000000000768e-01 3.634145500000000339e+01
1.118100000000000000e+04 1.418200000000000127e+00 -3.566900000000000626e-01 4.044289399999999546e+01
1.205600000000000000e+04 1.355689999999999840e+00 -2.884200000000001207e-01 4.455845199999999551e+01
1.287800000000000000e+04 1.295760000000000023e+00 -1.977199999999998958e-01 4.867937599999999776e+01
1.364000000000000000e+04 1.237130000000000063e+00 -8.709000000000011177e-02 5.279501499999999936e+01
1.425500000000000000e+04 1.188876000000000044e+00 1.386000000000020549e-02 5.623998999999999882e+01
1.468800000000000000e+04 1.124943000000000026e+00 9.538000000000002032e-02 5.899242000000000274e+01
1.503200000000000000e+04 8.845380000000000464e-01 1.689400000000000901e-01 6.173843000000000103e+01
1.522200000000000000e+04 7.642999999999999794e-01 2.005000000000003446e-01 6.312182999999999566e+01
