1.000000000000000000e+00 0.000000000000000000e+00 0.000000000000000000e+00 0.000000000000000000e+00 0.000000000000000000e+00
2.870000000000000000e+02 5.491400000000000312e-05 4.595199999999999914e-04 -5.561999999999999941e-05 4.661199999999999892e-04
1.010000000000000000e+03 4.257700000000000249e-05 2.960599999999999864e-03 -2.630999999999999984e-04 2.972600000000000155e-03
1.886000000000000000e+03 -1.293599999999999947e-04 8.034200000000000022e-03 -6.270499999999999815e-04 8.059600000000000097e-03
3.042000000000000000e+03 3.688799999999999892e-03 4.127100000000000213e-02 -5.115700000000000369e-04 4.143800000000000261e-02
4.109000000000000000e+03 1.010600000000000040e-02 8.399700000000000222e-02 5.936799999999999673e-04 8.460499999999999965e-02
5.423000000000000000e+03 1.860900000000000054e-02 1.461699999999999944e-01 3.046600000000000003e-03 1.473800000000000110e-01
6.667000000000000000e+03 3.024599999999999858e-02 2.290399999999999936e-01 6.725000000000000075e-03 2.311300000000000021e-01
7.843000000000000000e+03 4.568500000000000338e-02 3.339300000000000046e-01 1.229799999999999990e-02 3.372600000000000042e-01
8.940000000000000000e+03 6.687999999999999501e-02 4.811199999999999921e-01 2.080699999999999911e-02 4.862000000000000210e-01
9.994000000000000000e+03 9.260300000000000475e-02 6.631000000000000227e-01 3.194299999999999917e-02 6.702900000000000524e-01
1.095700000000000000e+04 1.227800000000000002e-01 8.963200000000000056e-01 4.721600000000000102e-02 9.059199999999999475e-01
1.184300000000000000e+04 1.566200000000000092e-01 1.174600000000000088e+00 6.618699999999999584e-02 1.186900000000000066e+00
1.268800000000000000e+04 1.933100000000000096e-01 1.505100000000000104e+00 8.947499999999999898e-02 1.520100000000000007e+00
1.345300000000000000e+04 2.316699999999999871e-01 1.878800000000000026e+00 1.171200000000000019e-01 1.896700000000000053e+00
1.412000000000000000e+04 2.643400000000000194e-01 2.217600000000000016e+00 1.433599999999999874e-01 2.237899999999999778e+00
1.459000000000000000e+04 2.904499999999999860e-01 2.498600000000000154e+00 1.654899999999999982e-01 2.520900000000000141e+00
1.495500000000000000e+04 3.166800000000000170e-01 2.774799999999999933e+00 1.848499999999999865e-01 2.798900000000000166e+00
1.518600000000000000e+04 3.301000000000000045e-01 2.912799999999999834e+00 1.947599999999999887e-01 2.937899999999999956e+00
1.370000000000000000e+02 0.000000000000000000e+00 0.000000000000000000e+00 0.000000000000000000e+00 0.000000000000000000e+00
3.970000000000000000e+02 2.173300000000000080e-04 8.332899999999999856e-04 9.684999999999999599e-05 8.666000000000000309e-04
1.218000000000000000e+03 1.560900000000000048e-03 4.412600000000000029e-03 4.186099999999999782e-04 4.699199999999999731e-03
2.088000000000000000e+03 3.147599999999999964e-03 1.215499999999999914e-02 1.024500000000000020e-03 1.259799999999999982e-02
3.242000000000000000e+03 5.432600000000000103e-03 3.358300000000000174e-02 2.595200000000000198e-03 3.411800000000000249e-02
4.428000000000000000e+03 6.891200000000000103e-03 6.731900000000000384e-02 3.724100000000000153e-03 6.777299999999999991e-02
5.729000000000000000e+03 1.320600000000000072e-02 1.234100000000000058e-01 4.702900000000000309e-03 1.242100000000000010e-01
6.960000000000000000e+03 2.585799999999999904e-02 1.973399999999999876e-01 6.262799999999999791e-03 1.991199999999999914e-01
8.118000000000000000e+03 4.104800000000000115e-02 2.967099999999999738e-01 8.869999999999999413e-03 2.996599999999999819e-01
9.204000000000000000e+03 6.297300000000000120e-02 4.373900000000000010e-01 1.375400000000000060e-02 4.421100000000000030e-01
1.023900000000000000e+04 8.771199999999999830e-02 6.165100000000000025e-01 2.145499999999999838e-02 6.230900000000000327e-01
1.118100000000000000e+04 1.192799999999999971e-01 8.444399999999999684e-01 3.289399999999999963e-02 8.534599999999999964e-01
1.205600000000000000e+04 1.534899999999999876e-01 1.119099999999999984e+00 4.845200000000000201e-02 1.130600000000000049e+00
1.287800000000000000e+04 1.910699999999999898e-01 1.447400000000000020e+00 6.937599999999999323e-02 1.461600000000000010e+00
1.364000000000000000e+04 2.302899999999999947e-01 1.820799999999999974e+00 9.501500000000000223e-02 1.837699999999999889e+00
1.425500000000000000e+04 2.637800000000000145e-01 2.160800000000000054e+00 1.199899999999999994e-01 2.180099999999999927e+00
1.468800000000000000e+04 2.905599999999999850e-01 2.446400000000000130e+00 1.424199999999999910e-01 2.467699999999999783e+00
1.503200000000000000e+04 3.169399999999999995e-01 2.737999999999999989e+00 1.684299999999999964e-01 2.761400000000000077e+00
1.522200000000000000e+04 3.301000000000000045e-01 2.883500000000000174e+00 1.818299999999999916e-01 2.907999999999999918e+00
