1.000000000000000000e+00 -1.558489999999999931e+00 3.605740000000000056e-01 1.500000000000000000e+00
2.870000000000000000e+02 -1.724632420000000055e+00 3.956220700000000479e-01 2.859806639999999955e+00
1.010000000000000000e+03 -2.056656366999999985e+00 4.595368000000000230e-01 5.598794400000000060e+00
1.886000000000000000e+03 -2.364565000000000250e+00 5.106287000000000464e-01 8.316838399999999965e+00
3.042000000000000000e+03 -2.669065100000000079e+00 5.699670000000000014e-01 1.173415119999999945e+01
4.109000000000000000e+03 -2.744669700000000212e+00 4.773990000000000178e-01 1.583313569999999970e+01
5.423000000000000000e+03 -2.645973000000000130e+00 3.612600000000000255e-01 1.992437929999999824e+01
6.667000000000000000e+03 -2.533905999999999992e+00 2.554352699999999921e-01 2.402731789999999990e+01
7.843000000000000000e+03 -2.398764000000000340e+00 1.501039999999999874e-01 2.812269369999999924e+01
8.940000000000000000e+03 -2.247533000000000225e+00 7.069899999999995632e-02 3.223150799999999805e+01
9.994000000000000000e+03 -2.098751299999999986e+00 1.582300000000003148e-02 3.634339899999999801e+01
1.095700000000000000e+04 -1.945037099999999963e+00 5.640000000000089386e-04 4.045002299999999451e+01
1.184300000000000000e+04 -1.787069999999999936e+00 2.042999999999994820e-02 4.457089099999999604e+01
1.268800000000000000e+04 -1.625599000000000016e+00 8.677000000000001378e-02 4.869662999999999897e+01
1.345300000000000000e+04 -1.462222999999999828e+00 1.827400000000001246e-01 5.281724000000000530e+01
1.412000000000000000e+04 -1.325259999999999883e+00 2.770700000000001495e-01 5.626630999999999716e+01
1.459000000000000000e+04 -1.177750999999999992e+00 3.552500000000002878e-01 5.902103000000000321e+01
1.495500000000000000e+04 -7.659519999999999662e-01 4.254099999999998438e-01 6.176433999999999713e+01
1.518600000000000000e+04 -5.597809999999999730e-01 4.561000000000001720e-01 6.314623999999999882e+01
1.370000000000000000e+02 1.558489999999999931e+00 -3.636220000000000008e-01 1.500000000000000000e+00
3.970000000000000000e+02 1.725263549999999979e+00 -4.054903699999999889e-01 2.860254029999999670e+00
1.218000000000000000e+03 1.820151899999999934e+00 -4.392488999999999977e-01 5.601054599999999439e+00
2.088000000000000000e+03 1.846329300000000062e+00 -4.626689999999999969e-01 8.322486400000000728e+00
3.242000000000000000e+03 1.775885790000000020e+00 -4.703419999999999823e-01 1.174603699999999940e+01
4.428000000000000000e+03 1.811296999999999935e+00 -4.676779999999999826e-01 1.584898650000000053e+01
5.729000000000000000e+03 1.736940999999999846e+00 -4.508400000000000185e-01 1.994094300000000075e+01
6.960000000000000000e+03 1.658033000000000090e+00 -4.451269999999999394e-01 2.404328100000000035e+01
8.118000000000000000e+03 1.566142999999999841e+00 -4.343150000000000066e-01 2.813650499999999965e+01
9.204000000000000000e+03 1.471831000000000111e+00 -4.049259999999999526e-01 3.224197999999999809e+01
1.023900000000000000e+04 1.382461000000000162e+00 -3.636800000000001143e-01 3.635034100000000024e+01
1.118100000000000000e+04 1.298333359999999992e+00 -2.959600000000000009e-01 4.045255899999999372e+01
1.205600000000000000e+04 1.214890000000000025e+00 -2.070200000000002039e-01 4.456906899999999894e+01
1.287800000000000000e+04 1.133577999999999975e+00 -9.111999999999986777e-02 4.869124200000000258e+01
1.364000000000000000e+04 1.053291999999999895e+00 4.891000000000000902e-02 5.280842000000000525e+01
1.425500000000000000e+04 9.868200000000000305e-01 1.770599999999999952e-01 5.625491999999999848e+01
1.468800000000000000e+04 9.083219999999999628e-01 2.816799999999997084e-01 5.900861000000000445e+01
1.503200000000000000e+04 6.533360000000000278e-01 3.790400000000002656e-01 6.175511000000000195e+01
1.522200000000000000e+04 5.257189999999999364e-01 4.225000000000003197e-01 6.313877000000000095e+01
