1.000000000000000000e+00 -1.558489999999999931e+00 3.605740000000000056e-01 1.500000000000000000e+00
2.870000000000000000e+02 -1.725307629999999870e+00 3.958649600000000435e-01 2.860077173000000084e+00
1.010000000000000000e+03 -2.056367899999999693e+00 4.599540999999999769e-01 5.600640949999999840e+00
1.886000000000000000e+03 -2.356397500000000367e+00 5.095990000000000242e-01 8.321806999999999732e+00
3.042000000000000000e+03 -2.649097000000000257e+00 5.690640000000000143e-01 1.174476600000000026e+01
4.109000000000000000e+03 -2.703492000000000228e+00 4.733119999999999550e-01 1.584817849999999950e+01
5.423000000000000000e+03 -2.578324999999999978e+00 3.570099999999999940e-01 1.994221200000000138e+01
6.667000000000000000e+03 -2.434784000000000059e+00 2.511552699999999860e-01 2.404718400000000145e+01
7.843000000000000000e+03 -2.263930000000000220e+00 1.458139999999999714e-01 2.814380700000000246e+01
8.940000000000000000e+03 -2.072720000000000340e+00 6.667900000000004379e-02 3.225331500000000062e+01
9.994000000000000000e+03 -1.880400000000000071e+00 1.215300000000008041e-02 3.636540500000000264e+01
1.095700000000000000e+04 -1.680159999999999876e+00 -3.445999999999949104e-03 4.047166699999999651e+01
1.184300000000000000e+04 -1.473090000000000011e+00 1.542999999999983274e-02 4.459163900000000069e+01
1.268800000000000000e+04 -1.260670000000000179e+00 7.986999999999988553e-02 4.871602000000000032e+01
1.345300000000000000e+04 -1.045259999999999856e+00 1.731399999999998496e-01 5.283485000000000298e+01
1.412000000000000000e+04 -8.643100000000000227e-01 2.646700000000001829e-01 5.628219999999999601e+01
1.459000000000000000e+04 -6.815600000000000547e-01 3.403500000000003745e-01 5.903498000000000445e+01
1.495500000000000000e+04 -2.346269999999999190e-01 4.083099999999997287e-01 6.177295000000000158e+01
1.518600000000000000e+04 -1.075000000000003730e-02 4.378999999999999559e-01 6.315216999999999814e+01
1.370000000000000000e+02 1.558489999999999931e+00 -3.636220000000000008e-01 1.500000000000000000e+00
3.970000000000000000e+02 1.725270960000000020e+00 -4.053930499999999770e-01 2.859940792999999815e+00
1.218000000000000000e+03 1.818875580000000047e+00 -4.384982000000000046e-01 5.599777999999999700e+00
2.088000000000000000e+03 1.846778900000000112e+00 -4.615719999999999823e-01 8.319548190000000787e+00
3.242000000000000000e+03 1.786527999999999894e+00 -4.695070000000000077e-01 1.173912486000000044e+01
4.428000000000000000e+03 1.851481999999999850e+00 -4.691499999999999559e-01 1.583840799999999938e+01
5.729000000000000000e+03 1.803288999999999920e+00 -4.526100000000000678e-01 1.992841459999999998e+01
6.960000000000000000e+03 1.756989000000000134e+00 -4.474270000000000191e-01 2.402928642000000181e+01
8.118000000000000000e+03 1.701199999999999823e+00 -4.365649999999999809e-01 2.812152250000000109e+01
9.204000000000000000e+03 1.646590000000000220e+00 -4.065359999999999530e-01 3.222637160000000023e+01
1.023900000000000000e+04 1.601110000000000033e+00 -3.644400000000000972e-01 3.633440000000000225e+01
1.118100000000000000e+04 1.563360000000000083e+00 -2.966800000000000548e-01 4.043660500000000013e+01
1.205600000000000000e+04 1.529079999999999995e+00 -2.084200000000000497e-01 4.455340400000000045e+01
1.287800000000000000e+04 1.498650000000000038e+00 -9.431999999999995943e-02 4.867611399999999833e+01
1.364000000000000000e+04 1.470339999999999980e+00 4.291000000000000369e-02 5.279403700000000299e+01
1.425500000000000000e+04 1.447815999999999992e+00 1.680600000000000982e-01 5.624125999999999692e+01
1.468800000000000000e+04 1.404492999999999991e+00 2.698799999999996757e-01 5.899587999999999965e+01
1.503200000000000000e+04 1.184638000000000080e+00 3.641399999999999082e-01 6.174555000000000149e+01
1.522200000000000000e+04 1.074749999999999872e+00 4.060000000000001386e-01 6.313081999999999994e+01
