1.000000000000000000e+00 -1.558489999999999931e+00 3.605740000000000056e-01 1.500000000000000000e+00
2.870000000000000000e+02 -1.724631419999999915e+00 3.956240000000000312e-01 2.859806429999999899e+00
1.010000000000000000e+03 -2.056653652999999693e+00 4.595497000000000054e-01 5.598792999999999687e+00
1.886000000000000000e+03 -2.364563400000000204e+00 5.106643000000000709e-01 8.316834599999999966e+00
3.042000000000000000e+03 -2.669046300000000205e+00 5.701410000000000089e-01 1.173414660000000076e+01
4.109000000000000000e+03 -2.744619999999999838e+00 4.777639999999999665e-01 1.583313539999999975e+01
5.423000000000000000e+03 -2.645880000000000010e+00 3.619200000000000195e-01 1.992438960000000137e+01
6.667000000000000000e+03 -2.533751999999999782e+00 2.564852699999999874e-01 2.402734510000000157e+01
7.843000000000000000e+03 -2.398528000000000215e+00 1.516539999999999833e-01 2.812274790000000024e+01
8.940000000000000000e+03 -2.247182000000000013e+00 7.298899999999997057e-02 3.223160500000000184e+01
9.994000000000000000e+03 -2.098254999999999981e+00 1.906300000000005213e-02 3.634355500000000205e+01
1.095700000000000000e+04 -1.944366500000000109e+00 5.044000000000048445e-03 4.045026199999999506e+01
1.184300000000000000e+04 -1.786197999999999952e+00 2.642999999999995353e-02 4.457123599999999897e+01
1.268800000000000000e+04 -1.624504000000000170e+00 9.466999999999980986e-02 4.869710700000000259e+01
1.345300000000000000e+04 -1.460888999999999882e+00 1.928400000000001224e-01 5.281788000000000238e+01
1.412000000000000000e+04 -1.323720000000000008e+00 2.891700000000003712e-01 5.626709999999999923e+01
1.459000000000000000e+04 -1.176046000000000147e+00 3.689500000000003332e-01 5.902195000000000391e+01
1.495500000000000000e+04 -7.640799999999999814e-01 4.407099999999997131e-01 6.176538000000000039e+01
1.518600000000000000e+04 -5.578229999999999578e-01 4.721999999999999531e-01 6.314732999999999663e+01
1.370000000000000000e+02 1.558489999999999931e+00 -3.636220000000000008e-01 1.500000000000000000e+00
3.970000000000000000e+02 1.725264020000000009e+00 -4.054865599999999959e-01 2.860254379999999763e+00
1.218000000000000000e+03 1.820155600000000096e+00 -4.392284999999999662e-01 5.601055899999999532e+00
2.088000000000000000e+03 1.846337499999999965e+00 -4.626129999999999964e-01 8.322489400000000259e+00
3.242000000000000000e+03 1.775904449999999857e+00 -4.701929999999999721e-01 1.174604450000000000e+01
4.428000000000000000e+03 1.811332999999999860e+00 -4.673829999999999929e-01 1.584899719999999945e+01
5.729000000000000000e+03 1.737008999999999803e+00 -4.502800000000000136e-01 1.994095700000000093e+01
6.960000000000000000e+03 1.658168000000000086e+00 -4.442169999999999730e-01 2.404330099999999959e+01
8.118000000000000000e+03 1.566355999999999860e+00 -4.329350000000000143e-01 2.813653599999999955e+01
9.204000000000000000e+03 1.472160000000000135e+00 -4.028559999999999919e-01 3.224203299999999928e+01
1.023900000000000000e+04 1.382929999999999993e+00 -3.606900000000000661e-01 3.635043000000000291e+01
1.118100000000000000e+04 1.298982075000000069e+00 -2.917800000000000393e-01 4.045270699999999664e+01
1.205600000000000000e+04 1.215740000000000043e+00 -2.014200000000001545e-01 4.456929900000000089e+01
1.287800000000000000e+04 1.134657000000000027e+00 -8.361999999999980560e-02 4.869158600000000092e+01
1.364000000000000000e+04 1.054614999999999858e+00 5.850999999999983991e-02 5.280891000000000446e+01
1.425500000000000000e+04 9.883549999999999836e-01 1.886600000000000499e-01 5.625554999999999950e+01
1.468800000000000000e+04 9.100279999999999481e-01 2.949799999999997979e-01 5.900937000000000410e+01
1.503200000000000000e+04 6.552100000000000701e-01 3.940399999999999459e-01 6.175603000000000264e+01
1.522200000000000000e+04 5.276769999999999516e-01 4.384000000000001229e-01 6.313976999999999862e+01
