1.000000000000000000e+00 0.000000000000000000e+00 0.000000000000000000e+00 0.000000000000000000e+00 0.000000000000000000e+00
2.870000000000000000e+02 4.452200000000000233e-04 3.883399999999999851e-04 -1.928699999999999881e-04 6.214700000000000519e-04
1.010000000000000000e+03 1.084100000000000005e-04 3.098500000000000126e-03 -1.206700000000000004e-03 3.326899999999999823e-03
1.886000000000000000e+03 -3.889699999999999842e-03 9.557799999999999976e-03 -3.159700000000000095e-03 1.079199999999999951e-02
3.042000000000000000e+03 -4.987199999999999793e-03 4.730800000000000283e-02 -5.739700000000000357e-03 4.791499999999999926e-02
4.109000000000000000e+03 -7.451400000000000384e-03 9.731499999999999873e-02 -6.591600000000000410e-03 9.782200000000000617e-02
5.423000000000000000e+03 -9.879300000000000581e-03 1.679799999999999904e-01 -5.119399999999999645e-03 1.683499999999999996e-01
6.667000000000000000e+03 -1.093399999999999928e-02 2.622099999999999986e-01 -1.874100000000000071e-03 2.624400000000000066e-01
7.843000000000000000e+03 -9.467200000000000268e-03 3.815899999999999848e-01 3.931300000000000419e-03 3.817200000000000037e-01
8.940000000000000000e+03 -3.200600000000000060e-03 5.489100000000000090e-01 1.335700000000000082e-02 5.490800000000000125e-01
9.994000000000000000e+03 6.840800000000000179e-03 7.556899999999999729e-01 2.600600000000000134e-02 7.561700000000000088e-01
1.095700000000000000e+04 2.088500000000000079e-02 1.020699999999999941e+00 4.359999999999999987e-02 1.021900000000000031e+00
1.184300000000000000e+04 3.822500000000000203e-02 1.336999999999999966e+00 6.560100000000000653e-02 1.339099999999999957e+00
1.268800000000000000e+04 5.827299999999999841e-02 1.711999999999999966e+00 9.262499999999999900e-02 1.715500000000000025e+00
1.345300000000000000e+04 7.996000000000000330e-02 2.135400000000000187e+00 1.246400000000000008e-01 2.140499999999999847e+00
1.412000000000000000e+04 9.864299999999999458e-02 2.518200000000000216e+00 1.549099999999999921e-01 2.524900000000000144e+00
1.459000000000000000e+04 1.135499999999999982e-01 2.834700000000000220e+00 1.805299999999999960e-01 2.842799999999999994e+00
1.495500000000000000e+04 1.286599999999999966e-01 3.143400000000000194e+00 2.042400000000000049e-01 3.152600000000000069e+00
1.518600000000000000e+04 1.364599999999999980e-01 3.297400000000000109e+00 2.163400000000000045e-01 3.307300000000000129e+00
1.370000000000000000e+02 0.000000000000000000e+00 0.000000000000000000e+00 0.000000000000000000e+00 0.000000000000000000e+00
3.970000000000000000e+02 2.060999999999999952e-04 9.081700000000000276e-04 2.469099999999999789e-04 9.634399999999999778e-04
1.218000000000000000e+03 2.111500000000000096e-03 4.715200000000000120e-03 1.018999999999999941e-03 5.265899999999999574e-03
2.088000000000000000e+03 2.880600000000000088e-03 1.338800000000000059e-02 2.400600000000000130e-03 1.390300000000000043e-02
3.242000000000000000e+03 6.877800000000000320e-04 3.777699999999999808e-02 5.830600000000000019e-03 3.823000000000000009e-02
4.428000000000000000e+03 -1.069400000000000038e-02 7.675099999999999978e-02 8.665799999999999545e-03 7.797500000000000264e-02
5.729000000000000000e+03 -1.555100000000000059e-02 1.403699999999999948e-01 1.055500000000000015e-02 1.416300000000000059e-01
6.960000000000000000e+03 -1.593200000000000172e-02 2.243300000000000016e-01 1.286499999999999970e-02 2.252599999999999880e-01
8.118000000000000000e+03 -1.497099999999999993e-02 3.367200000000000193e-01 1.613399999999999904e-02 3.374400000000000177e-01
9.204000000000000000e+03 -7.850799999999999793e-03 4.957699999999999885e-01 2.178599999999999981e-02 4.963099999999999734e-01
1.023900000000000000e+04 9.098500000000000251e-04 6.982300000000000173e-01 3.049599999999999880e-02 6.988900000000000112e-01
1.118100000000000000e+04 1.656099999999999933e-02 9.562300000000000244e-01 4.328300000000000203e-02 9.573500000000000343e-01
1.205600000000000000e+04 3.434399999999999953e-02 1.267300000000000093e+00 6.060200000000000309e-02 1.269200000000000106e+00
1.287800000000000000e+04 5.545900000000000135e-02 1.638900000000000023e+00 8.387400000000000411e-02 1.641999999999999904e+00
1.364000000000000000e+04 7.820900000000000074e-02 2.061500000000000110e+00 1.123900000000000038e-01 2.066100000000000048e+00
1.425500000000000000e+04 9.791500000000000203e-02 2.445800000000000196e+00 1.401600000000000068e-01 2.451700000000000212e+00
1.468800000000000000e+04 1.136699999999999933e-01 2.767999999999999794e+00 1.649599999999999955e-01 2.775199999999999889e+00
1.503200000000000000e+04 1.289399999999999991e-01 3.096499999999999808e+00 1.928400000000000114e-01 3.105199999999999960e+00
1.522200000000000000e+04 1.364599999999999980e-01 3.260400000000000187e+00 2.072100000000000053e-01 3.269800000000000040e+00
