1.000000000000000000e+00 -1.558489999999999931e+00 3.605740000000000056e-01 1.500000000000000000e+00
2.870000000000000000e+02 -1.724604779999999948e+00 3.956453400000000120e-01 2.859807130000000086e+00
1.010000000000000000e+03 -2.056531589999999632e+00 4.596965000000000079e-01 5.598793299999999640e+00
1.886000000000000000e+03 -2.364339700000000377e+00 5.110997999999999930e-01 8.316840300000000852e+00
3.042000000000000000e+03 -2.668247200000000152e+00 5.727410000000000556e-01 1.173426030000000075e+01
4.109000000000000000e+03 -2.742811399999999900e+00 4.829029999999999712e-01 1.583340839999999972e+01
5.423000000000000000e+03 -2.642739300000000124e+00 3.707899999999999530e-01 1.992488059999999805e+01
6.667000000000000000e+03 -2.528874000000000066e+00 2.703752700000000009e-01 2.402812590000000270e+01
7.843000000000000000e+03 -2.391477200000000192e+00 1.719139999999999835e-01 2.812393130000000241e+01
8.940000000000000000e+03 -2.237370600000000209e+00 1.019390000000000018e-01 3.223335699999999804e+01
9.994000000000000000e+03 -2.085169200000000167e+00 5.854300000000001170e-02 3.634600600000000270e+01
1.095700000000000000e+04 -1.927494999999999958e+00 5.746399999999995956e-02 4.045359999999999445e+01
1.184300000000000000e+04 -1.765085000000000015e+00 9.382999999999985796e-02 4.457560099999999892e+01
1.268800000000000000e+04 -1.598767000000000049e+00 1.787699999999998735e-01 4.870262499999999761e+01
1.345300000000000000e+04 -1.430299999999999905e+00 2.947400000000002240e-01 5.282464000000000226e+01
1.412000000000000000e+04 -1.288996999999999948e+00 4.059700000000003861e-01 5.627490999999999843e+01
1.459000000000000000e+04 -1.138020000000000032e+00 4.971500000000004249e-01 5.903052999999999884e+01
1.495500000000000000e+04 -7.227369999999999628e-01 5.783100000000001017e-01 6.177423999999999893e+01
1.518600000000000000e+04 -5.148399999999999643e-01 6.144000000000002792e-01 6.315634000000000015e+01
1.370000000000000000e+02 1.558489999999999931e+00 -3.636220000000000008e-01 1.500000000000000000e+00
3.970000000000000000e+02 1.725256099999999959e+00 -4.054288300000000178e-01 2.860246909999999865e+00
1.218000000000000000e+03 1.820071500000000064e+00 -4.389078000000000146e-01 5.601018999999999970e+00
2.088000000000000000e+03 1.846260599999999918e+00 -4.617839999999999723e-01 8.322400599999999926e+00
3.242000000000000000e+03 1.776197779999999948e+00 -4.680909999999999793e-01 1.174583059999999968e+01
4.428000000000000000e+03 1.812875999999999932e+00 -4.635289999999999688e-01 1.584866579999999914e+01
5.729000000000000000e+03 1.739688999999999819e+00 -4.432000000000000384e-01 1.994055499999999981e+01
6.960000000000000000e+03 1.662698000000000009e+00 -4.329269999999999508e-01 2.404286500000000260e+01
8.118000000000000000e+03 1.573038999999999854e+00 -4.160749999999999726e-01 2.813613400000000198e+01
9.204000000000000000e+03 1.481589200000000162e+00 -3.780859999999999776e-01 3.224178599999999761e+01
1.023900000000000000e+04 1.395579850000000066e+00 -3.260500000000000620e-01 3.635049599999999970e+01
1.118100000000000000e+04 1.315481000000000122e+00 -2.449000000000000066e-01 4.045328299999999899e+01
1.205600000000000000e+04 1.236543999999999865e+00 -1.402200000000000113e-01 4.457060200000000094e+01
1.287800000000000000e+04 1.160148999999999875e+00 -6.219999999999892282e-03 4.869387400000000099e+01
1.364000000000000000e+04 1.085048999999999930e+00 1.536100000000000243e-01 5.281239000000000061e+01
1.425500000000000000e+04 1.023011000000000115e+00 2.988600000000003476e-01 5.626015999999999906e+01
1.468800000000000000e+04 9.480530000000000346e-01 4.169799999999996842e-01 5.901496000000000208e+01
1.503200000000000000e+04 6.965380000000001015e-01 5.274399999999999089e-01 6.176283999999999708e+01
1.522200000000000000e+04 5.706599999999999451e-01 5.774000000000003574e-01 6.314721000000000117e+01
