1.000000000000000000e+00 0.000000000000000000e+00 0.000000000000000000e+00 0.000000000000000000e+00 0.000000000000000000e+00
2.870000000000000000e+02 5.493200000000000193e-05 4.595499999999999759e-04 -5.562499999999999682e-05 4.661499999999999737e-04
1.010000000000000000e+03 4.260599999999999831e-05 2.960700000000000137e-03 -2.631399999999999777e-04 2.972699999999999995e-03
1.886000000000000000e+03 -1.294099999999999960e-04 8.034599999999999381e-03 -6.271399999999999891e-04 8.060100000000000597e-03
3.042000000000000000e+03 3.688900000000000165e-03 4.127299999999999719e-02 -5.117200000000000134e-04 4.144099999999999867e-02
4.109000000000000000e+03 1.010699999999999966e-02 8.400199999999999334e-02 5.935299999999999907e-04 8.461000000000000465e-02
5.423000000000000000e+03 1.860900000000000054e-02 1.461800000000000044e-01 3.046500000000000163e-03 1.473899999999999932e-01
6.667000000000000000e+03 3.024699999999999958e-02 2.290600000000000136e-01 6.725100000000000348e-03 2.311400000000000121e-01
7.843000000000000000e+03 4.568599999999999745e-02 3.339500000000000246e-01 1.229899999999999917e-02 3.372800000000000242e-01
8.940000000000000000e+03 6.688199999999999701e-02 4.811500000000000221e-01 2.080800000000000011e-02 4.862199999999999855e-01
9.994000000000000000e+03 9.260599999999999388e-02 6.631399999999999517e-01 3.194400000000000017e-02 6.703299999999999814e-01
1.095700000000000000e+04 1.227899999999999964e-01 8.963700000000000001e-01 4.721800000000000302e-02 9.059700000000000530e-01
1.184300000000000000e+04 1.566299999999999915e-01 1.174700000000000077e+00 6.619099999999999984e-02 1.187000000000000055e+00
1.268800000000000000e+04 1.933100000000000096e-01 1.505200000000000093e+00 8.948000000000000398e-02 1.520199999999999996e+00
1.345300000000000000e+04 2.316799999999999971e-01 1.878900000000000015e+00 1.171200000000000019e-01 1.896800000000000042e+00
1.412000000000000000e+04 2.643499999999999739e-01 2.217699999999999783e+00 1.433699999999999974e-01 2.237999999999999989e+00
1.459000000000000000e+04 2.904700000000000060e-01 2.498699999999999921e+00 1.655000000000000082e-01 2.520999999999999908e+00
1.495500000000000000e+04 3.166900000000000270e-01 2.774900000000000144e+00 1.848599999999999965e-01 2.799100000000000144e+00
1.518600000000000000e+04 3.301100000000000145e-01 2.912900000000000045e+00 1.947699999999999987e-01 2.938000000000000167e+00
1.370000000000000000e+02 0.000000000000000000e+00 0.000000000000000000e+00 0.000000000000000000e+00 0.000000000000000000e+00
3.970000000000000000e+02 2.173300000000000080e-04 8.333400000000000139e-04 9.685699999999999778e-05 8.666400000000000102e-04
1.218000000000000000e+03 1.561000000000000104e-03 4.412799999999999709e-03 4.186400000000000169e-04 4.699499999999999685e-03
2.088000000000000000e+03 3.147699999999999804e-03 1.215600000000000014e-02 1.024600000000000077e-03 1.259900000000000082e-02
3.242000000000000000e+03 5.432799999999999782e-03 3.358499999999999680e-02 2.595300000000000037e-03 3.411999999999999755e-02
4.428000000000000000e+03 6.891300000000000377e-03 6.732200000000000684e-02 3.724400000000000106e-03 6.777700000000000391e-02
5.729000000000000000e+03 1.320600000000000072e-02 1.234200000000000019e-01 4.703200000000000262e-03 1.242100000000000010e-01
6.960000000000000000e+03 2.585799999999999904e-02 1.973499999999999976e-01 6.263200000000000017e-03 1.991300000000000014e-01
8.118000000000000000e+03 4.104900000000000215e-02 2.967199999999999838e-01 8.870499999999999913e-03 2.996800000000000019e-01
9.204000000000000000e+03 6.297500000000000320e-02 4.374199999999999755e-01 1.375400000000000060e-02 4.421399999999999775e-01
1.023900000000000000e+04 8.771500000000000130e-02 6.165399999999999769e-01 2.145599999999999938e-02 6.231200000000000072e-01
1.118100000000000000e+04 1.192799999999999971e-01 8.444899999999999629e-01 3.289600000000000163e-02 8.535099999999999909e-01
1.205600000000000000e+04 1.534999999999999976e-01 1.119199999999999973e+00 4.845499999999999807e-02 1.130700000000000038e+00
1.287800000000000000e+04 1.910799999999999998e-01 1.447500000000000009e+00 6.937999999999999723e-02 1.461699999999999999e+00
1.364000000000000000e+04 2.303000000000000047e-01 1.820899999999999963e+00 9.501999999999999336e-02 1.837800000000000100e+00
1.425500000000000000e+04 2.637900000000000245e-01 2.160899999999999821e+00 1.199899999999999994e-01 2.180299999999999905e+00
1.468800000000000000e+04 2.905800000000000050e-01 2.446600000000000108e+00 1.424300000000000010e-01 2.467900000000000205e+00
1.503200000000000000e+04 3.169600000000000195e-01 2.738100000000000200e+00 1.684400000000000064e-01 2.761600000000000055e+00
1.522200000000000000e+04 3.301100000000000145e-01 2.883700000000000152e+00 1.818400000000000016e-01 2.908199999999999896e+00
