1.000000000000000000e+00 -1.558489999999999931e+00 3.605740000000000056e-01 1.500000000000000000e+00
2.870000000000000000e+02 -1.724632380000000076e+00 3.956221400000000110e-01 2.859806630000000016e+00
1.010000000000000000e+03 -2.056656257999999848e+00 4.595372999999999819e-01 5.598794299999999780e+00
1.886000000000000000e+03 -2.364564899999999970e+00 5.106301000000000867e-01 8.316838300000000572e+00
3.042000000000000000e+03 -2.669064300000000056e+00 5.699730000000000629e-01 1.173415100000000066e+01
4.109000000000000000e+03 -2.744667699999999932e+00 4.774129999999999763e-01 1.583313569999999970e+01
5.423000000000000000e+03 -2.645970000000000155e+00 3.612900000000000000e-01 1.992437969999999936e+01
6.667000000000000000e+03 -2.533900000000000041e+00 2.554752699999999765e-01 2.402731890000000092e+01
7.843000000000000000e+03 -2.398754999999999971e+00 1.501639999999999919e-01 2.812269580000000246e+01
8.940000000000000000e+03 -2.247519000000000045e+00 7.078899999999999082e-02 3.223151200000000216e+01
9.994000000000000000e+03 -2.098731499999999972e+00 1.595299999999999496e-02 3.634340499999999707e+01
1.095700000000000000e+04 -1.945010300000000081e+00 7.439999999999669100e-04 4.045003199999999310e+01
1.184300000000000000e+04 -1.787034999999999929e+00 2.062999999999992617e-02 4.457090499999999622e+01
1.268800000000000000e+04 -1.625555000000000083e+00 8.706999999999998074e-02 4.869664900000000074e+01
1.345300000000000000e+04 -1.462168999999999830e+00 1.831400000000000805e-01 5.281727000000000061e+01
1.412000000000000000e+04 -1.325196999999999958e+00 2.775700000000003165e-01 5.626633999999999958e+01
1.459000000000000000e+04 -1.177682000000000118e+00 3.558500000000002217e-01 5.902107000000000170e+01
1.495500000000000000e+04 -7.658760000000000012e-01 4.260099999999997777e-01 6.176438999999999879e+01
1.518600000000000000e+04 -5.597010000000000041e-01 4.568000000000003169e-01 6.314627999999999730e+01
1.370000000000000000e+02 1.558489999999999931e+00 -3.636220000000000008e-01 1.500000000000000000e+00
3.970000000000000000e+02 1.725263559999999918e+00 -4.054902200000000123e-01 2.860254040000000053e+00
1.218000000000000000e+03 1.820151999999999992e+00 -4.392480999999999747e-01 5.601054599999999439e+00
2.088000000000000000e+03 1.846329600000000015e+00 -4.626659999999999662e-01 8.322486599999999513e+00
3.242000000000000000e+03 1.775886529999999963e+00 -4.703359999999999763e-01 1.174603729999999935e+01
4.428000000000000000e+03 1.811297999999999853e+00 -4.676659999999999706e-01 1.584898689999999988e+01
5.729000000000000000e+03 1.736943999999999821e+00 -4.508100000000000440e-01 1.994094399999999823e+01
6.960000000000000000e+03 1.658039000000000041e+00 -4.450870000000000104e-01 2.404328200000000137e+01
8.118000000000000000e+03 1.566150999999999849e+00 -4.342550000000000021e-01 2.813650600000000068e+01
9.204000000000000000e+03 1.471844000000000152e+00 -4.048459999999999837e-01 3.224198200000000014e+01
1.023900000000000000e+04 1.382479000000000013e+00 -3.635600000000001053e-01 3.635034399999999977e+01
1.118100000000000000e+04 1.298359370000000013e+00 -2.957899999999999974e-01 4.045256499999999988e+01
1.205600000000000000e+04 1.214923999999999893e+00 -2.068200000000000038e-01 4.456907799999999753e+01
1.287800000000000000e+04 1.133621999999999908e+00 -9.081999999999990081e-02 4.869125600000000276e+01
1.364000000000000000e+04 1.053345999999999894e+00 4.930999999999996497e-02 5.280844000000000449e+01
1.425500000000000000e+04 9.868830000000000657e-01 1.775600000000001621e-01 5.625493999999999772e+01
1.468800000000000000e+04 9.083919999999999773e-01 2.822800000000000864e-01 5.900863999999999976e+01
1.503200000000000000e+04 6.534120000000001038e-01 3.796400000000001995e-01 6.175513999999999726e+01
1.522200000000000000e+04 5.257990000000000164e-01 4.232000000000000206e-01 6.313880999999999943e+01
