1.000000000000000000e+00 0.000000000000000000e+00 0.000000000000000000e+00 0.000000000000000000e+00 0.000000000000000000e+00
2.870000000000000000e+02 -2.164400000000000080e-04 6.268800000000000153e-04 7.239000000000000317e-05 6.671300000000000450e-04
1.010000000000000000e+03 3.915200000000000190e-04 3.510399999999999892e-03 6.029600000000000411e-04 3.583300000000000200e-03
1.886000000000000000e+03 4.126699999999999639e-03 8.558200000000000182e-03 1.707699999999999930e-03 9.653500000000000622e-03
3.042000000000000000e+03 1.462100000000000032e-02 4.652400000000000285e-02 4.643300000000000378e-03 4.898799999999999683e-02
4.109000000000000000e+03 3.291299999999999781e-02 9.349399999999999378e-02 8.105400000000000452e-03 9.944899999999999574e-02
5.423000000000000000e+03 5.635099999999999831e-02 1.640900000000000136e-01 1.228600000000000005e-02 1.739300000000000013e-01
6.667000000000000000e+03 8.601000000000000312e-02 2.584199999999999831e-01 1.749600000000000113e-02 2.729099999999999859e-01
7.843000000000000000e+03 1.222799999999999998e-01 3.779500000000000082e-01 2.449799999999999894e-02 3.979900000000000104e-01
8.940000000000000000e+03 1.674599999999999977e-01 5.457300000000000484e-01 3.458100000000000063e-02 5.718900000000000095e-01
9.994000000000000000e+03 2.198100000000000054e-01 7.530900000000000372e-01 4.741100000000000175e-02 7.859500000000000375e-01
1.095700000000000000e+04 2.790000000000000258e-01 1.018100000000000005e+00 6.464699999999999613e-02 1.057600000000000096e+00
1.184300000000000000e+04 3.439400000000000235e-01 1.333800000000000097e+00 8.578399999999999914e-02 1.380100000000000104e+00
1.268800000000000000e+04 4.133200000000000207e-01 1.707500000000000018e+00 1.115099999999999980e-01 1.760299999999999976e+00
1.345300000000000000e+04 4.853500000000000036e-01 2.128800000000000026e+00 1.418300000000000116e-01 2.188000000000000167e+00
1.412000000000000000e+04 5.465999999999999748e-01 2.509399999999999853e+00 1.704900000000000027e-01 2.573900000000000077e+00
1.459000000000000000e+04 5.956099999999999728e-01 2.823900000000000077e+00 1.942800000000000082e-01 2.892599999999999838e+00
1.495500000000000000e+04 6.447399999999999798e-01 3.130900000000000016e+00 2.128500000000000114e-01 3.203699999999999992e+00
1.518600000000000000e+04 6.696800000000000530e-01 3.284100000000000019e+00 2.223799999999999943e-01 3.358999999999999986e+00
1.370000000000000000e+02 0.000000000000000000e+00 0.000000000000000000e+00 0.000000000000000000e+00 0.000000000000000000e+00
3.970000000000000000e+02 2.131900000000000104e-04 1.005500000000000100e-03 -6.011500000000000296e-05 1.029600000000000090e-03
1.218000000000000000e+03 8.548600000000000382e-04 5.461899999999999568e-03 -2.320400000000000078e-04 5.533200000000000271e-03
2.088000000000000000e+03 3.310099999999999848e-03 1.448999999999999941e-02 -4.773499999999999749e-04 1.487100000000000054e-02
3.242000000000000000e+03 1.110799999999999982e-02 3.865799999999999792e-02 -9.316899999999999921e-04 4.023299999999999793e-02
4.428000000000000000e+03 2.865900000000000045e-02 7.539899999999999380e-02 -1.668999999999999911e-03 8.068000000000000171e-02
5.729000000000000000e+03 4.937600000000000322e-02 1.387899999999999967e-01 -1.668900000000000071e-03 1.473200000000000065e-01
6.960000000000000000e+03 8.081800000000000095e-02 2.223199999999999898e-01 -7.698200000000000529e-04 2.365500000000000103e-01
8.118000000000000000e+03 1.169599999999999945e-01 3.348700000000000010e-01 1.560600000000000095e-03 3.547100000000000253e-01
9.204000000000000000e+03 1.627300000000000135e-01 4.947199999999999931e-01 6.632200000000000421e-03 5.208399999999999697e-01
1.023900000000000000e+04 2.141399999999999970e-01 6.982199999999999518e-01 1.505300000000000041e-02 7.304699999999999527e-01
1.118100000000000000e+04 2.747999999999999887e-01 9.565399999999999459e-01 2.786500000000000088e-02 9.956199999999999495e-01
1.205600000000000000e+04 3.402399999999999869e-01 1.267300000000000093e+00 4.550599999999999784e-02 1.312999999999999945e+00
1.287800000000000000e+04 4.106299999999999950e-01 1.637699999999999934e+00 6.933999999999999886e-02 1.689799999999999969e+00
1.364000000000000000e+04 4.836799999999999988e-01 2.058100000000000041e+00 9.862200000000000133e-02 2.116499999999999826e+00
1.425500000000000000e+04 5.459100000000000064e-01 2.439900000000000180e+00 1.271299999999999930e-01 2.503499999999999837e+00
1.468800000000000000e+04 5.957099999999999618e-01 2.759900000000000020e+00 1.528599999999999959e-01 2.827599999999999891e+00
1.503200000000000000e+04 6.450000000000000178e-01 3.085999999999999854e+00 1.838500000000000134e-01 3.157999999999999918e+00
1.522200000000000000e+04 6.696800000000000530e-01 3.248600000000000154e+00 1.997899999999999954e-01 3.322900000000000187e+00
