0.000000000000000000e+00 0.000000000000000000e+00 0.000000000000000000e+00 0.000000000000000000e+00 0.000000000000000000e+00 0.000000000000000000e+00 0.000000000000000000e+00 0.000000000000000000e+00 0.000000000000000000e+00 0.000000000000000000e+00 0.000000000000000000e+00 0.000000000000000000e+00 0.000000000000000000e+00
4.415299999999999824e-04 4.414500000000000238e-04 1.354700000000000023e-04 -2.164400000000000080e-04 -2.595399999999999986e-04 5.491400000000000312e-05 4.175900000000000185e-04 4.453799999999999946e-04 1.344499999999999884e-04 -2.161900000000000020e-04 -2.596000000000000217e-04 5.493200000000000193e-05 4.176000000000000133e-04
4.652399999999999705e-05 9.721200000000000370e-05 3.143399999999999753e-04 3.915200000000000190e-04 2.696700000000000117e-04 4.257700000000000249e-05 -1.633999999999999941e-05 1.088700000000000063e-04 3.123700000000000196e-04 3.918400000000000160e-04 2.695999999999999937e-04 4.260700000000000050e-05 -1.632099999999999840e-05
-4.086700000000000402e-03 -3.899399999999999915e-03 1.704400000000000012e-04 4.126699999999999639e-03 4.060700000000000420e-03 -1.293599999999999947e-04 -4.114900000000000328e-03 -3.889300000000000049e-03 1.721000000000000090e-04 4.125700000000000374e-03 4.060900000000000100e-03 -1.294000000000000011e-04 -4.114900000000000328e-03
-5.350999999999999854e-03 -5.074900000000000244e-03 5.074200000000000065e-03 1.462100000000000032e-02 1.416700000000000077e-02 3.688799999999999892e-03 -5.804799999999999717e-03 -4.983600000000000356e-03 5.065899999999999917e-03 1.462100000000000032e-02 1.416700000000000077e-02 3.688900000000000165e-03 -5.804799999999999717e-03
-8.122700000000000059e-03 -7.679899999999999921e-03 1.333499999999999963e-02 3.291299999999999781e-02 3.186900000000000149e-02 1.010600000000000040e-02 -9.309100000000000708e-03 -7.442100000000000104e-03 1.331099999999999992e-02 3.291399999999999881e-02 3.186900000000000149e-02 1.010699999999999966e-02 -9.308900000000000161e-03
-1.090999999999999956e-02 -1.030599999999999919e-02 2.432000000000000134e-02 5.635099999999999831e-02 5.453100000000000308e-02 1.860900000000000054e-02 -1.311200000000000039e-02 -9.861899999999999833e-03 2.427299999999999944e-02 5.635199999999999931e-02 5.453100000000000308e-02 1.860900000000000054e-02 -1.311200000000000039e-02
-1.235999999999999946e-02 -1.163199999999999998e-02 3.927100000000000035e-02 8.601000000000000312e-02 8.314100000000000656e-02 3.024599999999999858e-02 -1.596399999999999902e-02 -1.090600000000000076e-02 3.919099999999999667e-02 8.601399999999999324e-02 8.314100000000000656e-02 3.024699999999999958e-02 -1.596300000000000149e-02
-1.125199999999999985e-02 -1.053199999999999970e-02 5.899599999999999983e-02 1.222799999999999998e-01 1.180400000000000060e-01 4.568500000000000338e-02 -1.675199999999999953e-02 -9.423600000000000726e-03 5.886899999999999772e-02 1.222899999999999959e-01 1.180400000000000060e-01 4.568699999999999845e-02 -1.675000000000000100e-02
-5.206599999999999596e-03 -4.778300000000000082e-03 8.589800000000000213e-02 1.674599999999999977e-01 1.613700000000000134e-01 6.687999999999999501e-02 -1.336000000000000035e-02 -3.135999999999999899e-03 8.569999999999999840e-02 1.674700000000000077e-01 1.613700000000000134e-01 6.688299999999999801e-02 -1.335800000000000008e-02
4.697200000000000333e-03 4.628400000000000396e-03 1.185500000000000026e-01 2.198100000000000054e-01 2.114699999999999913e-01 9.260300000000000475e-02 -6.736100000000000074e-03 6.931399999999999888e-03 1.182700000000000001e-01 2.198299999999999976e-01 2.114699999999999913e-01 9.260599999999999388e-02 -6.733099999999999676e-03
1.871499999999999900e-02 1.790900000000000131e-02 1.569399999999999962e-01 2.790000000000000258e-01 2.680000000000000160e-01 1.227800000000000002e-01 3.349800000000000000e-03 2.100600000000000037e-02 1.565400000000000125e-01 2.790300000000000002e-01 2.680000000000000160e-01 1.227899999999999964e-01 3.354199999999999890e-03
3.611299999999999927e-02 3.437099999999999878e-02 2.001300000000000023e-01 3.439400000000000235e-01 3.299199999999999910e-01 1.566200000000000092e-01 1.624899999999999956e-02 3.838199999999999945e-02 1.996100000000000096e-01 3.439900000000000180e-01 3.299099999999999810e-01 1.566299999999999915e-01 1.625499999999999862e-02
5.629499999999999782e-02 5.344399999999999845e-02 2.471599999999999908e-01 4.133200000000000207e-01 3.959699999999999886e-01 1.933100000000000096e-01 3.145200000000000079e-02 5.847000000000000114e-02 2.464899999999999869e-01 4.133800000000000252e-01 3.959599999999999786e-01 1.933199999999999918e-01 3.146000000000000185e-02
7.818100000000000049e-02 7.409100000000000408e-02 2.965300000000000158e-01 4.853500000000000036e-01 4.645000000000000240e-01 2.316699999999999871e-01 4.805000000000000243e-02 8.019999999999999352e-02 2.957199999999999829e-01 4.854299999999999726e-01 4.644800000000000040e-01 2.316799999999999971e-01 4.806099999999999955e-02
9.706800000000000150e-02 9.187700000000000033e-02 3.387000000000000011e-01 5.465999999999999748e-01 5.227399999999999824e-01 2.643400000000000194e-01 6.239499999999999907e-02 9.891900000000000692e-02 3.377600000000000047e-01 5.466900000000000093e-01 5.227199999999999624e-01 2.643499999999999739e-01 6.240799999999999820e-02
1.121499999999999997e-01 1.060600000000000015e-01 3.724600000000000133e-01 5.956099999999999728e-01 5.693500000000000227e-01 2.904499999999999860e-01 7.383499999999999786e-02 1.138500000000000068e-01 3.714199999999999724e-01 5.957099999999999618e-01 5.693300000000000027e-01 2.904700000000000060e-01 7.384999999999999898e-02
1.274500000000000077e-01 1.204500000000000015e-01 4.063899999999999735e-01 6.447399999999999798e-01 6.160499999999999865e-01 3.166800000000000170e-01 8.546299999999999730e-02 1.290000000000000036e-01 4.052399999999999891e-01 6.448500000000000343e-01 6.160299999999999665e-01 3.166999999999999815e-01 8.547899999999999943e-02
1.354100000000000026e-01 1.278700000000000114e-01 4.237099999999999755e-01 6.696800000000000530e-01 6.397899999999999698e-01 3.301000000000000045e-01 9.153699999999999337e-02 1.368099999999999872e-01 4.225200000000000067e-01 6.697999999999999510e-01 6.397699999999999498e-01 3.301100000000000145e-01 9.155399999999999650e-02
0.000000000000000000e+00 0.000000000000000000e+00 0.000000000000000000e+00 0.000000000000000000e+00 0.000000000000000000e+00 0.000000000000000000e+00 0.000000000000000000e+00 0.000000000000000000e+00 0.000000000000000000e+00 0.000000000000000000e+00 0.000000000000000000e+00 0.000000000000000000e+00 0.000000000000000000e+00
2.249999999999999938e-04 2.040499999999999996e-04 2.064400000000000089e-04 2.131900000000000104e-04 2.204899999999999981e-04 2.173300000000000080e-04 2.135499999999999866e-04 2.061900000000000028e-04 2.060499999999999940e-04 2.132600000000000012e-04 2.204800000000000032e-04 2.173300000000000080e-04 2.135499999999999866e-04
2.281500000000000108e-03 2.096100000000000046e-03 1.456800000000000065e-03 8.548600000000000382e-04 9.104700000000000293e-04 1.560900000000000048e-03 2.191900000000000098e-03 2.112199999999999842e-03 1.453400000000000091e-03 8.555400000000000114e-04 9.103299999999999934e-04 1.561000000000000104e-03 2.191900000000000098e-03
3.145300000000000179e-03 2.845100000000000146e-03 3.063499999999999817e-03 3.310099999999999848e-03 3.391700000000000097e-03 3.147599999999999964e-03 2.949400000000000025e-03 2.882000000000000013e-03 3.057199999999999935e-03 3.311099999999999981e-03 3.391499999999999983e-03 3.147699999999999804e-03 2.949400000000000025e-03
8.142099999999999988e-04 6.038499999999999597e-04 5.982600000000000244e-03 1.110799999999999982e-02 1.101300000000000022e-02 5.432600000000000103e-03 3.759999999999999779e-04 6.912100000000000449e-04 5.971699999999999925e-03 1.110900000000000082e-02 1.101300000000000022e-02 5.432799999999999782e-03 3.760899999999999855e-04
-1.144900000000000084e-02 -1.086299999999999939e-02 9.456700000000000175e-03 2.865900000000000045e-02 2.792899999999999897e-02 6.891200000000000103e-03 -1.227299999999999919e-02 -1.068700000000000032e-02 9.443999999999999270e-03 2.865799999999999945e-02 2.792899999999999897e-02 6.891300000000000377e-03 -1.227199999999999992e-02
-1.673499999999999988e-02 -1.586999999999999869e-02 1.776399999999999854e-02 4.937600000000000322e-02 4.807199999999999668e-02 1.320600000000000072e-02 -1.829799999999999829e-02 -1.553799999999999973e-02 1.773699999999999929e-02 4.937400000000000122e-02 4.807199999999999668e-02 1.320600000000000072e-02 -1.829799999999999829e-02
-1.748900000000000107e-02 -1.654999999999999874e-02 3.400600000000000150e-02 8.081800000000000095e-02 7.836600000000000510e-02 2.585799999999999904e-02 -2.059499999999999872e-02 -1.590700000000000100e-02 3.394199999999999995e-02 8.081900000000000195e-02 7.836600000000000510e-02 2.585900000000000004e-02 -2.059499999999999872e-02
-1.694999999999999979e-02 -1.593999999999999931e-02 5.339300000000000296e-02 1.169599999999999945e-01 1.131800000000000028e-01 4.104800000000000115e-02 -2.186499999999999902e-02 -1.493099999999999983e-02 5.328399999999999803e-02 1.169599999999999945e-01 1.131800000000000028e-01 4.104900000000000215e-02 -2.186400000000000149e-02
-1.003599999999999978e-02 -9.330800000000000205e-03 8.100999999999999868e-02 1.627300000000000135e-01 1.570999999999999897e-01 6.297300000000000120e-02 -1.760499999999999912e-02 -7.790300000000000002e-03 8.083100000000000007e-02 1.627399999999999958e-01 1.570900000000000074e-01 6.297500000000000320e-02 -1.760300000000000059e-02
-1.457699999999999925e-03 -1.188199999999999933e-03 1.125199999999999950e-01 2.141399999999999970e-01 2.063300000000000134e-01 8.771199999999999830e-02 -1.220399999999999957e-02 9.956399999999998932e-04 1.122599999999999987e-01 2.141599999999999893e-01 2.063300000000000134e-01 8.771500000000000130e-02 -1.220100000000000004e-02
1.422700000000000006e-02 1.367900000000000019e-02 1.524899999999999867e-01 2.747999999999999887e-01 2.642499999999999849e-01 1.192799999999999971e-01 -5.799499999999999751e-04 1.667899999999999938e-02 1.521099999999999952e-01 2.748300000000000187e-01 2.642399999999999749e-01 1.192799999999999971e-01 -5.755600000000000256e-04
3.204900000000000110e-02 3.057800000000000101e-02 1.961700000000000110e-01 3.402399999999999869e-01 3.266000000000000014e-01 1.534899999999999876e-01 1.269799999999999922e-02 3.449800000000000089e-02 1.956600000000000006e-01 3.402800000000000269e-01 3.265899999999999914e-01 1.534999999999999976e-01 1.270400000000000001e-02
5.333299999999999846e-02 5.070000000000000201e-02 2.442699999999999871e-01 4.106299999999999950e-01 3.935799999999999854e-01 1.910699999999999898e-01 2.889900000000000108e-02 5.565300000000000108e-02 2.436200000000000032e-01 4.106899999999999995e-01 3.935699999999999754e-01 1.910799999999999998e-01 2.890699999999999867e-02
7.632600000000000495e-02 7.238700000000000689e-02 2.947299999999999920e-01 4.836799999999999988e-01 4.630099999999999771e-01 2.302899999999999947e-01 4.646499999999999936e-02 7.844700000000000284e-02 2.939300000000000246e-01 4.837600000000000233e-01 4.630000000000000226e-01 2.303000000000000047e-01 4.647500000000000242e-02
9.628899999999999959e-02 9.117000000000000104e-02 3.379499999999999726e-01 5.459100000000000064e-01 5.221299999999999830e-01 2.637800000000000145e-01 6.173900000000000221e-02 9.818999999999999950e-02 3.370099999999999763e-01 5.460000000000000409e-01 5.221200000000000285e-01 2.637900000000000245e-01 6.175200000000000133e-02
1.122699999999999948e-01 1.061799999999999966e-01 3.725700000000000123e-01 5.957099999999999618e-01 5.694500000000000117e-01 2.905599999999999850e-01 7.395599999999999397e-02 1.139700000000000019e-01 3.715300000000000269e-01 5.958099999999999508e-01 5.694399999999999462e-01 2.905800000000000050e-01 7.396999999999999409e-02
1.277800000000000047e-01 1.207199999999999940e-01 4.066899999999999959e-01 6.450000000000000178e-01 6.163199999999999790e-01 3.169399999999999995e-01 8.575499999999999790e-02 1.292699999999999960e-01 4.055400000000000116e-01 6.451099999999999612e-01 6.162999999999999590e-01 3.169600000000000195e-01 8.577200000000000102e-02
1.354100000000000026e-01 1.278700000000000114e-01 4.237099999999999755e-01 6.696800000000000530e-01 6.397899999999999698e-01 3.301000000000000045e-01 9.153699999999999337e-02 1.368099999999999872e-01 4.225200000000000067e-01 6.697999999999999510e-01 6.397699999999999498e-01 3.301100000000000145e-01 9.155399999999999650e-02
