1.000000000000000000e+00 -1.558489999999999931e+00 3.605740000000000056e-01 1.500000000000000000e+00
2.870000000000000000e+02 -1.724915559999999903e+00 3.957763000000000253e-01 2.859937712999999881e+00
1.010000000000000000e+03 -2.056327639999999679e+00 4.599910999999999861e-01 5.599681630000000077e+00
1.886000000000000000e+03 -2.360277890000000323e+00 5.108692000000000233e-01 8.319230810000000531e+00
3.042000000000000000e+03 -2.658194100000000226e+00 5.737400000000000277e-01 1.173940203000000082e+01
4.109000000000000000e+03 -2.722049000000000163e+00 4.838729999999999976e-01 1.584074140999999969e+01
5.423000000000000000e+03 -2.608586999999999989e+00 3.739299999999999846e-01 1.993365199999999859e+01
6.667000000000000000e+03 -2.478749999999999787e+00 2.765452700000000097e-01 2.403801209999999955e+01
7.843000000000000000e+03 -2.323142000000000262e+00 1.820139999999999814e-01 2.813462799999999930e+01
8.940000000000000000e+03 -2.148471000000000242e+00 1.177890000000000326e-01 3.224471499999999935e+01
9.994000000000000000e+03 -1.973740000000000050e+00 8.165300000000008662e-02 3.635789900000000330e+01
1.095700000000000000e+04 -1.791840000000000099e+00 8.976399999999995494e-02 4.046593499999999466e+01
1.184300000000000000e+04 -1.603709999999999969e+00 1.371299999999999741e-01 4.458829499999999513e+01
1.268800000000000000e+04 -1.410550000000000193e+00 2.353699999999998571e-01 4.871567000000000291e+01
1.345300000000000000e+04 -1.214539999999999953e+00 3.668400000000000549e-01 5.283808000000000504e+01
1.412000000000000000e+04 -1.049879999999999924e+00 4.927700000000001523e-01 5.628877999999999560e+01
1.459000000000000000e+04 -8.801600000000000534e-01 5.968500000000003247e-01 5.904457000000000022e+01
1.495500000000000000e+04 -4.461569999999999703e-01 6.915100000000000691e-01 6.178669000000000011e+01
1.518600000000000000e+04 -2.287899999999999934e-01 7.344000000000003858e-01 6.316798999999999609e+01
1.370000000000000000e+02 1.558489999999999931e+00 -3.636220000000000008e-01 1.500000000000000000e+00
3.970000000000000000e+02 1.725256050000000041e+00 -4.053482700000000105e-01 2.860092603000000011e+00
1.218000000000000000e+03 1.819413399999999958e+00 -4.383595000000000130e-01 5.600387049999999256e+00
2.088000000000000000e+03 1.846437200000000001e+00 -4.607719999999999594e-01 8.320945690000000283e+00
3.242000000000000000e+03 1.781481699999999835e+00 -4.664550000000000085e-01 1.174241379999999957e+01
4.428000000000000000e+03 1.833013999999999921e+00 -4.619289999999999785e-01 1.584344830000000037e+01
5.729000000000000000e+03 1.772976999999999803e+00 -4.397500000000000298e-01 1.993438859999999835e+01
6.960000000000000000e+03 1.712571000000000065e+00 -4.270669999999999744e-01 2.403601049999999972e+01
8.118000000000000000e+03 1.641293999999999809e+00 -4.065650000000000097e-01 2.812886690000000200e+01
9.204000000000000000e+03 1.570270000000000055e+00 -3.630059999999999398e-01 3.223436600000000141e+01
1.023900000000000000e+04 1.506930000000000103e+00 -3.037000000000000810e-01 3.634318300000000335e+01
1.118100000000000000e+04 1.451030000000000042e+00 -2.135500000000000176e-01 4.044638999999999385e+01
1.205600000000000000e+04 1.397859999999999880e+00 -9.801999999999999602e-02 4.456446599999999592e+01
1.287800000000000000e+04 1.348309999999999897e+00 4.908000000000001251e-02 4.868887600000000049e+01
1.364000000000000000e+04 1.300759999999999916e+00 2.242099999999997983e-01 5.280890000000000128e+01
1.425500000000000000e+04 1.262105999999999950e+00 3.840600000000002900e-01 5.625819999999999510e+01
1.468800000000000000e+04 1.205902999999999947e+00 5.149799999999999933e-01 5.901458999999999833e+01
1.503200000000000000e+04 9.731380000000000585e-01 6.393400000000002414e-01 6.176541000000000281e+01
1.522200000000000000e+04 8.567099999999999715e-01 6.963000000000003631e-01 6.315128999999999593e+01
