1.000000000000000000e+00 0.000000000000000000e+00 0.000000000000000000e+00 0.000000000000000000e+00 0.000000000000000000e+00
2.870000000000000000e+02 -2.596000000000000217e-04 6.061900000000000491e-04 7.775000000000000606e-05 6.639999999999999852e-04
1.010000000000000000e+03 2.695999999999999937e-04 3.342700000000000098e-03 6.449300000000000475e-04 3.415000000000000067e-03
1.886000000000000000e+03 4.061000000000000373e-03 8.016799999999999274e-03 1.817899999999999898e-03 9.168700000000000114e-03
3.042000000000000000e+03 1.416700000000000077e-02 4.343299999999999939e-02 4.786600000000000230e-03 4.593499999999999667e-02
4.109000000000000000e+03 3.186900000000000149e-02 8.730899999999999772e-02 8.202799999999999675e-03 9.330499999999999905e-02
5.423000000000000000e+03 5.453100000000000308e-02 1.534699999999999953e-01 1.223100000000000055e-02 1.633300000000000030e-01
6.667000000000000000e+03 8.314000000000000556e-02 2.418200000000000072e-01 1.719000000000000042e-02 2.562900000000000178e-01
7.843000000000000000e+03 1.180400000000000060e-01 3.537699999999999734e-01 2.378800000000000012e-02 3.736999999999999766e-01
8.940000000000000000e+03 1.613700000000000134e-01 5.111200000000000188e-01 3.325299999999999784e-02 5.370200000000000529e-01
9.994000000000000000e+03 2.114699999999999913e-01 7.057400000000000340e-01 4.528399999999999787e-02 7.381299999999999528e-01
1.095700000000000000e+04 2.679900000000000060e-01 9.548699999999999966e-01 6.145799999999999874e-02 9.936700000000000532e-01
1.184300000000000000e+04 3.299099999999999810e-01 1.252000000000000002e+00 8.131700000000000039e-02 1.297299999999999898e+00
1.268800000000000000e+04 3.959599999999999786e-01 1.604500000000000037e+00 1.055500000000000049e-01 1.655999999999999917e+00
1.345300000000000000e+04 4.644800000000000040e-01 2.002899999999999903e+00 1.342000000000000137e-01 2.060400000000000009e+00
1.412000000000000000e+04 5.227199999999999624e-01 2.363799999999999901e+00 1.613900000000000057e-01 2.426200000000000134e+00
1.459000000000000000e+04 5.693300000000000027e-01 2.662999999999999812e+00 1.840199999999999891e-01 2.729299999999999837e+00
1.495500000000000000e+04 6.160200000000000120e-01 2.956700000000000106e+00 2.018500000000000016e-01 3.026899999999999924e+00
1.518600000000000000e+04 6.397699999999999498e-01 3.103400000000000158e+00 2.109999999999999931e-01 3.175699999999999967e+00
1.370000000000000000e+02 0.000000000000000000e+00 0.000000000000000000e+00 0.000000000000000000e+00 0.000000000000000000e+00
3.970000000000000000e+02 2.204800000000000032e-04 9.398300000000000057e-04 -6.000900000000000093e-05 9.672100000000000315e-04
1.218000000000000000e+03 9.103200000000000527e-04 5.102999999999999897e-03 -2.251200000000000130e-04 5.188400000000000130e-03
2.088000000000000000e+03 3.391499999999999983e-03 1.353999999999999995e-02 -4.590899999999999972e-04 1.396499999999999998e-02
3.242000000000000000e+03 1.101300000000000022e-02 3.619700000000000001e-02 -8.934200000000000214e-04 3.784599999999999770e-02
4.428000000000000000e+03 2.792899999999999897e-02 7.080400000000000582e-02 -1.620399999999999922e-03 7.613100000000000422e-02
5.729000000000000000e+03 4.807199999999999668e-02 1.303499999999999936e-01 -1.621700000000000008e-03 1.389400000000000079e-01
6.960000000000000000e+03 7.836600000000000510e-02 2.088399999999999979e-01 -7.604000000000000516e-04 2.230600000000000083e-01
8.118000000000000000e+03 1.131800000000000028e-01 3.147199999999999998e-01 1.459699999999999973e-03 3.344599999999999795e-01
9.204000000000000000e+03 1.570900000000000074e-01 4.650500000000000189e-01 6.281100000000000398e-03 4.909100000000000130e-01
1.023900000000000000e+04 2.063300000000000134e-01 6.565900000000000070e-01 1.426499999999999990e-02 6.883899999999999464e-01
1.118100000000000000e+04 2.642399999999999749e-01 8.999000000000000332e-01 2.640299999999999939e-02 9.382599999999999829e-01
1.205600000000000000e+04 3.265899999999999914e-01 1.192900000000000071e+00 4.311099999999999655e-02 1.237600000000000033e+00
1.287800000000000000e+04 3.935699999999999754e-01 1.542699999999999960e+00 6.569500000000000339e-02 1.593499999999999917e+00
1.364000000000000000e+04 4.630000000000000226e-01 1.940399999999999903e+00 9.346000000000000141e-02 1.997100000000000097e+00
1.425500000000000000e+04 5.221099999999999630e-01 2.302400000000000002e+00 1.205299999999999983e-01 2.363999999999999879e+00
1.468800000000000000e+04 5.694299999999999917e-01 2.606500000000000039e+00 1.450100000000000000e-01 2.671899999999999942e+00
1.503200000000000000e+04 6.162999999999999590e-01 2.916900000000000048e+00 1.745200000000000085e-01 2.986400000000000166e+00
1.522200000000000000e+04 6.397699999999999498e-01 3.071800000000000086e+00 1.897000000000000075e-01 3.143400000000000194e+00
