1.000000000000000000e+00 0.000000000000000000e+00 0.000000000000000000e+00 0.000000000000000000e+00 0.000000000000000000e+00
2.870000000000000000e+02 1.354700000000000023e-04 5.207599999999999946e-04 -6.255299999999999554e-05 5.417199999999999837e-04
1.010000000000000000e+03 3.143399999999999753e-04 3.403300000000000162e-03 -3.201699999999999924e-04 3.432800000000000174e-03
1.886000000000000000e+03 1.704400000000000012e-04 9.356099999999999139e-03 -7.740899999999999561e-04 9.389599999999999683e-03
3.042000000000000000e+03 5.074200000000000065e-03 4.844899999999999901e-02 -6.059499999999999565e-04 4.871799999999999742e-02
4.109000000000000000e+03 1.333499999999999963e-02 9.858300000000000396e-02 7.345299999999999486e-04 9.948300000000000198e-02
5.423000000000000000e+03 2.432000000000000134e-02 1.716499999999999970e-01 3.652100000000000138e-03 1.733999999999999986e-01
6.667000000000000000e+03 3.927100000000000035e-02 2.692200000000000149e-01 8.024099999999999289e-03 2.721899999999999875e-01
7.843000000000000000e+03 5.899599999999999983e-02 3.929400000000000115e-01 1.466100000000000042e-02 3.976199999999999735e-01
8.940000000000000000e+03 8.589800000000000213e-02 5.666200000000000125e-01 2.478199999999999847e-02 5.736299999999999732e-01
9.994000000000000000e+03 1.185500000000000026e-01 7.814100000000000490e-01 3.801100000000000312e-02 7.912599999999999634e-01
1.095700000000000000e+04 1.569399999999999962e-01 1.056599999999999984e+00 5.611399999999999721e-02 1.069700000000000095e+00
1.184300000000000000e+04 2.001300000000000023e-01 1.385099999999999998e+00 7.855800000000000283e-02 1.401699999999999946e+00
1.268800000000000000e+04 2.471599999999999908e-01 1.774899999999999922e+00 1.060399999999999954e-01 1.795199999999999907e+00
1.345300000000000000e+04 2.965300000000000158e-01 2.215599999999999792e+00 1.385800000000000087e-01 2.239599999999999813e+00
1.412000000000000000e+04 3.387000000000000011e-01 2.614700000000000024e+00 1.694100000000000050e-01 2.641999999999999904e+00
1.459000000000000000e+04 3.724600000000000133e-01 2.945399999999999796e+00 1.953000000000000014e-01 2.975299999999999834e+00
1.495500000000000000e+04 4.063899999999999735e-01 3.268899999999999917e+00 2.175100000000000089e-01 3.301200000000000134e+00
1.518600000000000000e+04 4.237099999999999755e-01 3.430400000000000116e+00 2.288699999999999901e-01 3.463999999999999968e+00
1.370000000000000000e+02 0.000000000000000000e+00 0.000000000000000000e+00 0.000000000000000000e+00 0.000000000000000000e+00
3.970000000000000000e+02 2.064400000000000089e-04 9.917700000000001081e-04 9.300599999999999688e-05 1.017300000000000062e-03
1.218000000000000000e+03 1.456800000000000065e-03 5.279700000000000018e-03 3.885900000000000183e-04 5.490700000000000268e-03
2.088000000000000000e+03 3.063499999999999817e-03 1.444400000000000024e-02 9.492599999999999476e-04 1.479600000000000012e-02
3.242000000000000000e+03 5.982600000000000244e-03 3.953299999999999870e-02 2.422800000000000127e-03 4.005600000000000133e-02
4.428000000000000000e+03 9.456700000000000175e-03 7.858900000000000607e-02 3.461699999999999847e-03 7.923199999999999688e-02
5.729000000000000000e+03 1.776399999999999854e-02 1.442599999999999993e-01 4.405700000000000241e-03 1.454199999999999937e-01
6.960000000000000000e+03 3.400600000000000150e-02 2.309199999999999864e-01 6.033499999999999801e-03 2.334900000000000031e-01
8.118000000000000000e+03 5.339300000000000296e-02 3.473399999999999821e-01 8.899999999999999925e-03 3.515300000000000091e-01
9.204000000000000000e+03 8.100999999999999868e-02 5.125199999999999756e-01 1.441699999999999926e-02 5.190799999999999859e-01
1.023900000000000000e+04 1.125199999999999950e-01 7.229900000000000215e-01 2.326599999999999849e-02 7.320600000000000440e-01
1.118100000000000000e+04 1.524899999999999867e-01 9.909400000000000430e-01 3.651999999999999691e-02 1.003300000000000081e+00
1.205600000000000000e+04 1.961700000000000110e-01 1.314000000000000057e+00 5.466399999999999731e-02 1.329700000000000104e+00
1.287800000000000000e+04 2.442699999999999871e-01 1.700199999999999934e+00 7.916600000000000026e-02 1.719500000000000028e+00
1.364000000000000000e+04 2.947299999999999920e-01 2.139899999999999913e+00 1.093100000000000044e-01 2.162799999999999834e+00
1.425500000000000000e+04 3.379499999999999726e-01 2.540299999999999780e+00 1.387299999999999922e-01 2.566399999999999793e+00
1.468800000000000000e+04 3.725700000000000123e-01 2.876700000000000035e+00 1.652200000000000057e-01 2.905400000000000205e+00
1.503200000000000000e+04 4.066899999999999959e-01 3.220499999999999918e+00 1.961600000000000010e-01 3.251999999999999780e+00
1.522200000000000000e+04 4.237099999999999755e-01 3.392100000000000115e+00 2.121000000000000107e-01 3.424999999999999822e+00
