1.000000000000000000e+00 -1.558489999999999931e+00 3.605740000000000056e-01 1.500000000000000000e+00
2.870000000000000000e+02 -1.724914529999999946e+00 3.957777600000000340e-01 2.859937447000000077e+00
1.010000000000000000e+03 -2.056325659999999722e+00 4.600013000000000019e-01 5.599679829999999470e+00
1.886000000000000000e+03 -2.360279559999999943e+00 5.108981000000000217e-01 8.319225910000000113e+00
3.042000000000000000e+03 -2.658185800000000043e+00 5.738820000000000032e-01 1.173939404999999958e+01
4.109000000000000000e+03 -2.722024999999999917e+00 4.841710000000000180e-01 1.584073453000000065e+01
5.423000000000000000e+03 -2.608540000000000081e+00 3.744600000000000151e-01 1.993365209999999976e+01
6.667000000000000000e+03 -2.478669000000000011e+00 2.773852700000000171e-01 2.403802410000000123e+01
7.843000000000000000e+03 -2.323014000000000134e+00 1.832640000000000102e-01 2.813466100000000125e+01
8.940000000000000000e+03 -2.148272000000000403e+00 1.196490000000000054e-01 3.224478200000000072e+01
9.994000000000000000e+03 -1.973460000000000214e+00 8.426300000000008783e-02 3.635801099999999764e+01
1.095700000000000000e+04 -1.791439999999999921e+00 9.336400000000000254e-02 4.046611399999999747e+01
1.184300000000000000e+04 -1.603180000000000049e+00 1.419299999999998896e-01 4.458855799999999903e+01
1.268800000000000000e+04 -1.409880000000000022e+00 2.416699999999998294e-01 4.871603999999999957e+01
1.345300000000000000e+04 -1.213729999999999976e+00 3.749399999999998290e-01 5.283858000000000033e+01
1.412000000000000000e+04 -1.048939999999999984e+00 5.024700000000001943e-01 5.628940999999999661e+01
1.459000000000000000e+04 -8.791100000000000581e-01 6.078500000000000014e-01 5.904530000000000456e+01
1.495500000000000000e+04 -4.450069999999999859e-01 7.038099999999998246e-01 6.178750999999999749e+01
1.518600000000000000e+04 -2.275900000000000145e-01 7.474000000000002863e-01 6.316886999999999830e+01
1.370000000000000000e+02 1.558489999999999931e+00 -3.636220000000000008e-01 1.500000000000000000e+00
3.970000000000000000e+02 1.725256439999999891e+00 -4.053452300000000008e-01 2.860093006000000049e+00
1.218000000000000000e+03 1.819416799999999945e+00 -4.383432999999999913e-01 5.600388589999999667e+00
2.088000000000000000e+03 1.846443500000000126e+00 -4.607279999999999709e-01 8.320949260000000791e+00
3.242000000000000000e+03 1.781492599999999982e+00 -4.663349999999999995e-01 1.174242279999999994e+01
4.428000000000000000e+03 1.833026700000000009e+00 -4.616909999999999625e-01 1.584346170000000065e+01
5.729000000000000000e+03 1.773003999999999802e+00 -4.393100000000000338e-01 1.993440569999999923e+01
6.960000000000000000e+03 1.712636000000000047e+00 -4.263369999999999660e-01 2.403603350000000205e+01
8.118000000000000000e+03 1.641402999999999945e+00 -4.054550000000000098e-01 2.812890000000000157e+01
9.204000000000000000e+03 1.570450000000000124e+00 -3.613359999999999905e-01 3.223441700000000054e+01
1.023900000000000000e+04 1.507190000000000030e+00 -3.012900000000000578e-01 3.634326599999999985e+01
1.118100000000000000e+04 1.451410000000000089e+00 -2.101899999999999880e-01 4.044651999999999958e+01
1.205600000000000000e+04 1.398369999999999891e+00 -9.352000000000004754e-02 4.456466400000000050e+01
1.287800000000000000e+04 1.348959999999999937e+00 5.508000000000001783e-02 4.868916600000000017e+01
1.364000000000000000e+04 1.301569999999999894e+00 2.320099999999998275e-01 5.280931000000000353e+01
1.425500000000000000e+04 1.263046000000000113e+00 3.933599999999999319e-01 5.625872999999999990e+01
1.468800000000000000e+04 1.206952999999999943e+00 5.256799999999999251e-01 5.901521999999999935e+01
1.503200000000000000e+04 9.742880000000000429e-01 6.514400000000000190e-01 6.176615999999999929e+01
1.522200000000000000e+04 8.579099999999999504e-01 7.091000000000002856e-01 6.315209999999999724e+01
