1.000000000000000000e+00 -1.558489999999999931e+00 3.605740000000000056e-01 1.500000000000000000e+00
2.870000000000000000e+02 -1.725266210000000022e+00 3.958840900000000218e-01 2.860072322999999805e+00
1.010000000000000000e+03 -2.056248179999999870e+00 4.601100000000000190e-01 5.600602509999999867e+00
1.886000000000000000e+03 -2.356324199999999980e+00 5.101051000000000890e-01 8.321706400000000059e+00
3.042000000000000000e+03 -2.648639000000000188e+00 5.719810000000000727e-01 1.174464099999999966e+01
4.109000000000000000e+03 -2.702446000000000126e+00 4.791320000000000023e-01 1.584810270000000010e+01
5.423000000000000000e+03 -2.576508000000000020e+00 3.669899999999999829e-01 1.994228400000000079e+01
6.667000000000000000e+03 -2.431926999999999950e+00 2.667252700000000143e-01 2.404749600000000243e+01
7.843000000000000000e+03 -2.259720000000000173e+00 1.684839999999999949e-01 2.814450100000000177e+01
8.940000000000000000e+03 -2.066699999999999982e+00 9.906899999999996265e-02 3.225458899999999574e+01
9.994000000000000000e+03 -1.872180000000000177e+00 5.637300000000000644e-02 3.636742600000000181e+01
1.095700000000000000e+04 -1.669350000000000112e+00 5.546399999999995778e-02 4.047467299999999568e+01
1.184300000000000000e+04 -1.459330000000000016e+00 9.142999999999990024e-02 4.459582299999999577e+01
1.268800000000000000e+04 -1.243659999999999988e+00 1.752699999999998148e-01 4.872155999999999665e+01
1.345300000000000000e+04 -1.024829999999999908e+00 2.894400000000001416e-01 5.284191000000000571e+01
1.412000000000000000e+04 -8.409599999999999298e-01 3.987700000000002909e-01 5.629058999999999457e+01
1.459000000000000000e+04 -6.558700000000000641e-01 4.881500000000000838e-01 5.904438999999999993e+01
1.495500000000000000e+04 -2.065569999999999906e-01 5.678099999999997038e-01 6.178298000000000201e+01
1.518600000000000000e+04 1.849000000000000643e-02 6.032000000000001805e-01 6.316252000000000066e+01
1.370000000000000000e+02 1.558489999999999931e+00 -3.636220000000000008e-01 1.500000000000000000e+00
3.970000000000000000e+02 1.725263250000000026e+00 -4.053309999999999969e-01 2.859939977999999883e+00
1.218000000000000000e+03 1.818815489999999979e+00 -4.381585000000000063e-01 5.599768319999999910e+00
2.088000000000000000e+03 1.846691000000000082e+00 -4.606750000000000012e-01 8.319523500000000737e+00
3.242000000000000000e+03 1.786618999999999957e+00 -4.671899999999999942e-01 1.173907042999999994e+01
4.428000000000000000e+03 1.852227999999999986e+00 -4.648409999999999487e-01 1.583833429999999964e+01
5.729000000000000000e+03 1.804613999999999940e+00 -4.447100000000000497e-01 1.992833530000000053e+01
6.960000000000000000e+03 1.759449000000000041e+00 -4.348170000000000091e-01 2.402923559999999981e+01
8.118000000000000000e+03 1.704969999999999875e+00 -4.177449999999999775e-01 2.812156790000000228e+01
9.204000000000000000e+03 1.652179999999999982e+00 -3.788659999999999806e-01 3.222664280000000048e+01
1.023900000000000000e+04 1.608820000000000139e+00 -3.256700000000001261e-01 3.633506899999999717e+01
1.118100000000000000e+04 1.573749999999999982e+00 -2.440400000000000347e-01 4.043788899999999842e+01
1.205600000000000000e+04 1.542479999999999851e+00 -1.395200000000000884e-01 4.455554000000000059e+01
1.287800000000000000e+04 1.515379999999999949e+00 -6.419999999999870255e-03 4.867938999999999794e+01
1.364000000000000000e+04 1.490590000000000082e+00 1.514099999999998225e-01 5.279869000000000057e+01
1.425500000000000000e+04 1.471086000000000116e+00 2.944599999999999440e-01 5.624720999999999549e+01
1.468800000000000000e+04 1.430182999999999982e+00 4.105799999999999450e-01 5.900297000000000480e+01
1.503200000000000000e+04 1.212698000000000054e+00 5.188399999999999679e-01 6.175397000000000247e+01
1.522200000000000000e+04 1.103990000000000027e+00 5.676000000000001044e-01 6.313992999999999967e+01
