1.000000000000000000e+00 -1.558489999999999931e+00 3.605740000000000056e-01 1.500000000000000000e+00
2.870000000000000000e+02 -1.725002659999999910e+00 3.957072500000000104e-01 2.859946381999999954e+00
1.010000000000000000e+03 -2.056610633999999660e+00 4.594924000000000230e-01 5.599750620000000012e+00
1.886000000000000000e+03 -2.360561210000000187e+00 5.093851000000000351e-01 8.319410429999999579e+00
3.042000000000000000e+03 -2.659610400000000041e+00 5.657570000000000654e-01 1.173955283000000094e+01
4.109000000000000000e+03 -2.725376300000000196e+00 4.676019999999999621e-01 1.584065709000000055e+01
5.423000000000000000e+03 -2.614494999999999791e+00 3.454599999999999893e-01 1.993306940000000083e+01
6.667000000000000000e+03 -2.488114999999999633e+00 2.316052700000000020e-01 2.403667350000000269e+01
7.843000000000000000e+03 -2.337007000000000279e+00 1.159539999999999738e-01 2.813211599999999990e+01
8.940000000000000000e+03 -2.168372000000000188e+00 2.193899999999998629e-02 3.224040800000000218e+01
9.994000000000000000e+03 -2.000999000000000194e+00 -5.123699999999997701e-02 3.635124600000000328e+01
1.095700000000000000e+04 -1.827820000000000000e+00 -9.066600000000002435e-02 4.045609099999999358e+01
1.184300000000000000e+04 -1.649629999999999930e+00 -1.002700000000000813e-01 4.457451199999999858e+01
1.268800000000000000e+04 -1.467480000000000118e+00 -6.973000000000006970e-02 4.869710200000000100e+01
1.345300000000000000e+04 -1.283179999999999987e+00 -1.475999999999988432e-02 5.281390000000000384e+01
1.412000000000000000e+04 -1.128610000000000113e+00 4.207000000000027384e-02 5.625932999999999851e+01
1.459000000000000000e+04 -9.670100000000001472e-01 8.915000000000006253e-02 5.901076000000000477e+01
1.495500000000000000e+04 -5.411869999999999736e-01 1.293099999999998140e-01 6.174949999999999761e+01
1.518600000000000000e+04 -3.279799999999999938e-01 1.451999999999999957e-01 6.312910000000000110e+01
1.370000000000000000e+02 1.558489999999999931e+00 -3.636220000000000008e-01 1.500000000000000000e+00
3.970000000000000000e+02 1.725264919999999869e+00 -4.055238099999999846e-01 2.860093899999999856e+00
1.218000000000000000e+03 1.819498400000000071e+00 -4.393174999999999719e-01 5.600407349999999340e+00
2.088000000000000000e+03 1.846488499999999977e+00 -4.633089999999999709e-01 8.320998349999999988e+00
3.242000000000000000e+03 1.780883299999999947e+00 -4.730789999999999718e-01 1.174252970000000040e+01
4.428000000000000000e+03 1.830417999999999878e+00 -4.745329999999999826e-01 1.584362460000000006e+01
5.729000000000000000e+03 1.768338999999999883e+00 -4.630900000000000016e-01 1.993457569999999990e+01
6.960000000000000000e+03 1.704176000000000135e+00 -4.647169999999999912e-01 2.403609409999999968e+01
8.118000000000000000e+03 1.628506999999999927e+00 -4.633849999999999913e-01 2.812863289999999949e+01
9.204000000000000000e+03 1.551460000000000061e+00 -4.474159999999999804e-01 3.223339200000000204e+01
1.023900000000000000e+04 1.480944000000000038e+00 -4.235000000000000986e-01 3.634088700000000216e+01
1.118100000000000000e+04 1.416109999999999980e+00 -3.786700000000000621e-01 4.044201399999999325e+01
1.205600000000000000e+04 1.352870000000000017e+00 -3.181200000000001804e-01 4.455713499999999527e+01
1.287800000000000000e+04 1.292119999999999935e+00 -2.370200000000000085e-01 4.867745599999999939e+01
1.364000000000000000e+04 1.232599999999999918e+00 -1.374900000000001121e-01 5.279233700000000340e+01
1.425500000000000000e+04 1.183586000000000027e+00 -4.683999999999999275e-02 5.623655999999999722e+01
1.468800000000000000e+04 1.119053000000000075e+00 2.597999999999967002e-02 5.898830999999999847e+01
1.503200000000000000e+04 8.780580000000000052e-01 9.034000000000030894e-02 6.173353000000000179e+01
1.522200000000000000e+04 7.575199999999999712e-01 1.173999999999999488e-01 6.311651999999999418e+01
