1.000000000000000000e+00 0.000000000000000000e+00 0.000000000000000000e+00 0.000000000000000000e+00 0.000000000000000000e+00
2.870000000000000000e+02 -2.596000000000000217e-04 6.061900000000000491e-04 7.774900000000000387e-05 6.640100000000000342e-04
1.010000000000000000e+03 2.695999999999999937e-04 3.342700000000000098e-03 6.449199999999999985e-04 3.415000000000000067e-03
1.886000000000000000e+03 4.060900000000000100e-03 8.016999999999999821e-03 1.817899999999999898e-03 9.168799999999999520e-03
3.042000000000000000e+03 1.416700000000000077e-02 4.343400000000000039e-02 4.786600000000000230e-03 4.593599999999999767e-02
4.109000000000000000e+03 3.186900000000000149e-02 8.730999999999999872e-02 8.202700000000000269e-03 9.330600000000000005e-02
5.423000000000000000e+03 5.453100000000000308e-02 1.534699999999999953e-01 1.223100000000000055e-02 1.633300000000000030e-01
6.667000000000000000e+03 8.314100000000000656e-02 2.418299999999999894e-01 1.719000000000000042e-02 2.562999999999999723e-01
7.843000000000000000e+03 1.180400000000000060e-01 3.537799999999999834e-01 2.378800000000000012e-02 3.737099999999999866e-01
8.940000000000000000e+03 1.613700000000000134e-01 5.111200000000000188e-01 3.325299999999999784e-02 5.370200000000000529e-01
9.994000000000000000e+03 2.114699999999999913e-01 7.057499999999999885e-01 4.528499999999999887e-02 7.381400000000000183e-01
1.095700000000000000e+04 2.680000000000000160e-01 9.548799999999999510e-01 6.145899999999999974e-02 9.936800000000000077e-01
1.184300000000000000e+04 3.299099999999999810e-01 1.252000000000000002e+00 8.131800000000000139e-02 1.297299999999999898e+00
1.268800000000000000e+04 3.959599999999999786e-01 1.604500000000000037e+00 1.055500000000000049e-01 1.655999999999999917e+00
1.345300000000000000e+04 4.644800000000000040e-01 2.002899999999999903e+00 1.342099999999999960e-01 2.060400000000000009e+00
1.412000000000000000e+04 5.227199999999999624e-01 2.363799999999999901e+00 1.613900000000000057e-01 2.426299999999999901e+00
1.459000000000000000e+04 5.693300000000000027e-01 2.662999999999999812e+00 1.840299999999999991e-01 2.729400000000000048e+00
1.495500000000000000e+04 6.160299999999999665e-01 2.956700000000000106e+00 2.018600000000000116e-01 3.027000000000000135e+00
1.518600000000000000e+04 6.397699999999999498e-01 3.103400000000000158e+00 2.110100000000000031e-01 3.175699999999999967e+00
1.370000000000000000e+02 0.000000000000000000e+00 0.000000000000000000e+00 0.000000000000000000e+00 0.000000000000000000e+00
3.970000000000000000e+02 2.204800000000000032e-04 9.398399999999999463e-04 -6.000700000000000332e-05 9.672199999999999721e-04
1.218000000000000000e+03 9.103299999999999934e-04 5.103100000000000171e-03 -2.251099999999999911e-04 5.188500000000000403e-03
2.088000000000000000e+03 3.391499999999999983e-03 1.353999999999999995e-02 -4.590700000000000076e-04 1.396599999999999925e-02
3.242000000000000000e+03 1.101300000000000022e-02 3.619700000000000001e-02 -8.933699999999999931e-04 3.784599999999999770e-02
4.428000000000000000e+03 2.792899999999999897e-02 7.080500000000000682e-02 -1.620300000000000082e-03 7.613200000000000522e-02
5.729000000000000000e+03 4.807199999999999668e-02 1.303499999999999936e-01 -1.621499999999999895e-03 1.389499999999999902e-01
6.960000000000000000e+03 7.836600000000000510e-02 2.088399999999999979e-01 -7.602600000000000156e-04 2.230600000000000083e-01
8.118000000000000000e+03 1.131800000000000028e-01 3.147300000000000098e-01 1.459900000000000087e-03 3.344599999999999795e-01
9.204000000000000000e+03 1.570900000000000074e-01 4.650599999999999734e-01 6.281300000000000078e-03 4.909200000000000230e-01
1.023900000000000000e+04 2.063300000000000134e-01 6.565999999999999615e-01 1.426499999999999990e-02 6.884000000000000119e-01
1.118100000000000000e+04 2.642399999999999749e-01 8.999099999999999877e-01 2.640400000000000039e-02 9.382700000000000484e-01
1.205600000000000000e+04 3.265899999999999914e-01 1.192900000000000071e+00 4.311199999999999755e-02 1.237600000000000033e+00
1.287800000000000000e+04 3.935699999999999754e-01 1.542699999999999960e+00 6.569600000000000439e-02 1.593499999999999917e+00
1.364000000000000000e+04 4.630000000000000226e-01 1.940399999999999903e+00 9.346200000000000341e-02 1.997100000000000097e+00
1.425500000000000000e+04 5.221200000000000285e-01 2.302500000000000213e+00 1.205299999999999983e-01 2.363999999999999879e+00
1.468800000000000000e+04 5.694399999999999462e-01 2.606500000000000039e+00 1.450100000000000000e-01 2.671899999999999942e+00
1.503200000000000000e+04 6.162999999999999590e-01 2.916900000000000048e+00 1.745200000000000085e-01 2.986400000000000166e+00
1.522200000000000000e+04 6.397699999999999498e-01 3.071800000000000086e+00 1.897099999999999898e-01 3.143499999999999961e+00
