1.000000000000000000e+00 0.000000000000000000e+00 0.000000000000000000e+00 0.000000000000000000e+00 0.000000000000000000e+00
2.870000000000000000e+02 -2.162099999999999916e-04 6.270899999999999608e-04 7.232300000000000534e-05 6.672499999999999829e-04
1.010000000000000000e+03 3.918200000000000263e-04 3.511999999999999931e-03 6.025100000000000030e-04 3.584799999999999966e-03
1.886000000000000000e+03 4.125799999999999780e-03 8.563100000000000572e-03 1.706400000000000061e-03 9.657100000000000059e-03
3.042000000000000000e+03 1.462100000000000032e-02 4.654799999999999910e-02 4.641000000000000160e-03 4.900999999999999801e-02
4.109000000000000000e+03 3.291399999999999881e-02 9.354400000000000215e-02 8.102699999999999139e-03 9.949600000000000111e-02
5.423000000000000000e+03 5.635199999999999931e-02 1.641799999999999926e-01 1.228399999999999978e-02 1.740200000000000080e-01
6.667000000000000000e+03 8.601300000000000612e-02 2.585600000000000120e-01 1.749600000000000113e-02 2.730500000000000149e-01
7.843000000000000000e+03 1.222899999999999959e-01 3.781599999999999961e-01 2.450099999999999847e-02 3.981899999999999884e-01
8.940000000000000000e+03 1.674700000000000077e-01 5.460399999999999698e-01 3.458900000000000169e-02 5.721899999999999764e-01
9.994000000000000000e+03 2.198299999999999976e-01 7.535199999999999676e-01 4.742600000000000288e-02 7.863700000000000134e-01
1.095700000000000000e+04 2.790300000000000002e-01 1.018699999999999939e+00 6.467299999999999438e-02 1.058200000000000029e+00
1.184300000000000000e+04 3.439800000000000080e-01 1.334600000000000009e+00 8.582299999999999651e-02 1.380900000000000016e+00
1.268800000000000000e+04 4.133800000000000252e-01 1.708499999999999908e+00 1.115600000000000064e-01 1.761400000000000077e+00
1.345300000000000000e+04 4.854299999999999726e-01 2.130100000000000104e+00 1.419100000000000084e-01 2.189299999999999802e+00
1.412000000000000000e+04 5.466800000000000548e-01 2.511000000000000121e+00 1.705899999999999916e-01 2.575400000000000134e+00
1.459000000000000000e+04 5.957000000000000073e-01 2.825699999999999878e+00 1.943900000000000072e-01 2.894400000000000084e+00
1.495500000000000000e+04 6.448399999999999688e-01 3.132899999999999796e+00 2.129800000000000026e-01 3.205700000000000216e+00
1.518600000000000000e+04 6.697899999999999965e-01 3.286200000000000010e+00 2.225199999999999956e-01 3.361099999999999977e+00
1.370000000000000000e+02 0.000000000000000000e+00 0.000000000000000000e+00 0.000000000000000000e+00 0.000000000000000000e+00
3.970000000000000000e+02 2.132500000000000064e-04 1.005999999999999950e-03 -6.002200000000000233e-05 1.030099999999999939e-03
1.218000000000000000e+03 8.554899999999999831e-04 5.464499999999999739e-03 -2.316800000000000044e-04 5.535899999999999849e-03
2.088000000000000000e+03 3.311000000000000141e-03 1.449699999999999947e-02 -4.764999999999999813e-04 1.487800000000000060e-02
3.242000000000000000e+03 1.110900000000000082e-02 3.867799999999999710e-02 -9.295700000000000057e-04 4.025200000000000305e-02
4.428000000000000000e+03 2.865799999999999945e-02 7.543900000000000605e-02 -1.665699999999999993e-03 8.071599999999999608e-02
5.729000000000000000e+03 4.937400000000000122e-02 1.388600000000000112e-01 -1.664700000000000077e-03 1.473899999999999932e-01
6.960000000000000000e+03 8.081900000000000195e-02 2.224399999999999988e-01 -7.644000000000000404e-04 2.366699999999999915e-01
8.118000000000000000e+03 1.169599999999999945e-01 3.350500000000000145e-01 1.567899999999999893e-03 3.548899999999999832e-01
9.204000000000000000e+03 1.627399999999999958e-01 4.949899999999999856e-01 6.642799999999999920e-03 5.211000000000000076e-01
1.023900000000000000e+04 2.141500000000000070e-01 6.986099999999999532e-01 1.506900000000000080e-02 7.308599999999999541e-01
1.118100000000000000e+04 2.748300000000000187e-01 9.570899999999999963e-01 2.788900000000000060e-02 9.961600000000000454e-01
1.205600000000000000e+04 3.402800000000000269e-01 1.268000000000000016e+00 4.553999999999999715e-02 1.313700000000000090e+00
1.287800000000000000e+04 4.106899999999999995e-01 1.638700000000000045e+00 6.938999999999999335e-02 1.690800000000000081e+00
1.364000000000000000e+04 4.837500000000000133e-01 2.059299999999999908e+00 9.868999999999999995e-02 2.117700000000000138e+00
1.425500000000000000e+04 5.459899999999999753e-01 2.441399999999999793e+00 1.272099999999999898e-01 2.504999999999999893e+00
1.468800000000000000e+04 5.957999999999999963e-01 2.761600000000000055e+00 1.529699999999999949e-01 2.829299999999999926e+00
1.503200000000000000e+04 6.451000000000000068e-01 3.087899999999999867e+00 1.839699999999999946e-01 3.159899999999999931e+00
1.522200000000000000e+04 6.697899999999999965e-01 3.250599999999999934e+00 1.999299999999999966e-01 3.324899999999999967e+00
