1.000000000000000000e+00 -1.558489999999999931e+00 3.605740000000000056e-01 1.500000000000000000e+00
2.870000000000000000e+02 -1.724604609999999871e+00 3.956456900000000498e-01 2.859807089999999885e+00
1.010000000000000000e+03 -2.056531109999999885e+00 4.596988000000000185e-01 5.598793099999999967e+00
1.886000000000000000e+03 -2.364339300000000144e+00 5.111062000000000660e-01 8.316839800000000338e+00
3.042000000000000000e+03 -2.668243499999999990e+00 5.727720000000000589e-01 1.173425970000000085e+01
4.109000000000000000e+03 -2.742801700000000231e+00 4.829679999999999529e-01 1.583340869999999967e+01
5.423000000000000000e+03 -2.642721199999999993e+00 3.709099999999999620e-01 1.992488290000000006e+01
6.667000000000000000e+03 -2.528843999999999870e+00 2.705652700000000244e-01 2.402813130000000186e+01
7.843000000000000000e+03 -2.391431700000000049e+00 1.721939999999999860e-01 2.812394169999999960e+01
8.940000000000000000e+03 -2.237303100000000100e+00 1.023490000000000233e-01 3.223337500000000233e+01
9.994000000000000000e+03 -2.085074400000000328e+00 5.912300000000003664e-02 3.634603500000000054e+01
1.095700000000000000e+04 -1.927367999999999970e+00 5.826400000000009349e-02 4.045364299999999957e+01
1.184300000000000000e+04 -1.764920000000000044e+00 9.482999999999996987e-02 4.457566299999999870e+01
1.268800000000000000e+04 -1.598559999999999981e+00 1.801699999999999413e-01 4.870271100000000075e+01
1.345300000000000000e+04 -1.430046999999999846e+00 2.965400000000000258e-01 5.282475000000000165e+01
1.412000000000000000e+04 -1.288705999999999907e+00 4.081700000000001438e-01 5.627505000000000024e+01
1.459000000000000000e+04 -1.137700000000000156e+00 4.996500000000003716e-01 5.903068999999999988e+01
1.495500000000000000e+04 -7.223769999999999358e-01 5.810100000000000264e-01 6.177441999999999922e+01
1.518600000000000000e+04 -5.144699999999999829e-01 6.171999999999999709e-01 6.315652999999999651e+01
1.370000000000000000e+02 1.558489999999999931e+00 -3.636220000000000008e-01 1.500000000000000000e+00
3.970000000000000000e+02 1.725256190000000078e+00 -4.054281399999999924e-01 2.860246969999999944e+00
1.218000000000000000e+03 1.820072200000000029e+00 -4.389041999999999666e-01 5.601019199999999643e+00
2.088000000000000000e+03 1.846262100000000128e+00 -4.617739999999999623e-01 8.322401100000000440e+00
3.242000000000000000e+03 1.776201359999999951e+00 -4.680649999999999533e-01 1.174583179999999949e+01
4.428000000000000000e+03 1.812883000000000022e+00 -4.634769999999999723e-01 1.584866749999999946e+01
5.729000000000000000e+03 1.739701999999999860e+00 -4.431000000000000494e-01 1.994055699999999831e+01
6.960000000000000000e+03 1.662724000000000091e+00 -4.327670000000000128e-01 2.404286800000000213e+01
8.118000000000000000e+03 1.573080999999999952e+00 -4.158350000000000102e-01 2.813613900000000001e+01
9.204000000000000000e+03 1.481652500000000039e+00 -3.777159999999999407e-01 3.224179499999999621e+01
1.023900000000000000e+04 1.395669730000000053e+00 -3.255200000000000315e-01 3.635051099999999735e+01
1.118100000000000000e+04 1.315605000000000135e+00 -2.441499999999999782e-01 4.045330899999999730e+01
1.205600000000000000e+04 1.236705999999999861e+00 -1.392200000000001214e-01 4.457064299999999690e+01
1.287800000000000000e+04 1.160352999999999968e+00 -4.819999999999824425e-03 4.869393499999999619e+01
1.364000000000000000e+04 1.085299999999999931e+00 1.553100000000000591e-01 5.281248000000000076e+01
1.425500000000000000e+04 1.023301000000000016e+00 3.008600000000001273e-01 5.626026999999999845e+01
1.468800000000000000e+04 9.483730000000000215e-01 4.192800000000000971e-01 5.901510000000000389e+01
1.503200000000000000e+04 6.968880000000000630e-01 5.301400000000002777e-01 6.176301000000000130e+01
1.522200000000000000e+04 5.710299999999999265e-01 5.802000000000000490e-01 6.314738999999999436e+01
