1.000000000000000000e+00 0.000000000000000000e+00 0.000000000000000000e+00 0.000000000000000000e+00 0.000000000000000000e+00
2.870000000000000000e+02 -2.161900000000000020e-04 6.271099999999999505e-04 7.231799999999999437e-05 6.672600000000000319e-04
1.010000000000000000e+03 3.918400000000000160e-04 3.512200000000000044e-03 6.024700000000000237e-04 3.584899999999999805e-03
1.886000000000000000e+03 4.125700000000000374e-03 8.563400000000000525e-03 1.706300000000000004e-03 9.657400000000000012e-03
3.042000000000000000e+03 1.462100000000000032e-02 4.655000000000000110e-02 4.640799999999999613e-03 4.901200000000000001e-02
4.109000000000000000e+03 3.291399999999999881e-02 9.354800000000000615e-02 8.102500000000000327e-03 9.950000000000000511e-02
5.423000000000000000e+03 5.635199999999999931e-02 1.641900000000000026e-01 1.228399999999999978e-02 1.740299999999999903e-01
6.667000000000000000e+03 8.601399999999999324e-02 2.585700000000000220e-01 1.749600000000000113e-02 2.730600000000000249e-01
7.843000000000000000e+03 1.222899999999999959e-01 3.781800000000000161e-01 2.450099999999999847e-02 3.982100000000000084e-01
8.940000000000000000e+03 1.674700000000000077e-01 5.460599999999999898e-01 3.459000000000000269e-02 5.722099999999999964e-01
9.994000000000000000e+03 2.198299999999999976e-01 7.535600000000000076e-01 4.742699999999999694e-02 7.863999999999999879e-01
1.095700000000000000e+04 2.790300000000000002e-01 1.018799999999999928e+00 6.467499999999999638e-02 1.058300000000000018e+00
1.184300000000000000e+04 3.439900000000000180e-01 1.334699999999999998e+00 8.582599999999999951e-02 1.381000000000000005e+00
1.268800000000000000e+04 4.133800000000000252e-01 1.708599999999999897e+00 1.115700000000000025e-01 1.761500000000000066e+00
1.345300000000000000e+04 4.854299999999999726e-01 2.130199999999999871e+00 1.419199999999999906e-01 2.189400000000000013e+00
1.412000000000000000e+04 5.466900000000000093e-01 2.511099999999999888e+00 1.706000000000000016e-01 2.575600000000000112e+00
1.459000000000000000e+04 5.957099999999999618e-01 2.825899999999999856e+00 1.943999999999999895e-01 2.894499999999999851e+00
1.495500000000000000e+04 6.448500000000000343e-01 3.133100000000000218e+00 2.129900000000000126e-01 3.205900000000000194e+00
1.518600000000000000e+04 6.697999999999999510e-01 3.286399999999999988e+00 2.225300000000000056e-01 3.361299999999999955e+00
1.370000000000000000e+02 0.000000000000000000e+00 0.000000000000000000e+00 0.000000000000000000e+00 0.000000000000000000e+00
3.970000000000000000e+02 2.132600000000000012e-04 1.005999999999999950e-03 -6.001399999999999834e-05 1.030099999999999939e-03
1.218000000000000000e+03 8.555400000000000114e-04 5.464700000000000286e-03 -2.316499999999999929e-04 5.536100000000000396e-03
2.088000000000000000e+03 3.311099999999999981e-03 1.449800000000000047e-02 -4.764300000000000175e-04 1.487899999999999986e-02
3.242000000000000000e+03 1.110900000000000082e-02 3.867999999999999911e-02 -9.293899999999999904e-04 4.025399999999999812e-02
4.428000000000000000e+03 2.865799999999999945e-02 7.544199999999999517e-02 -1.665400000000000040e-03 8.071899999999999908e-02
5.729000000000000000e+03 4.937400000000000122e-02 1.388699999999999934e-01 -1.664399999999999907e-03 1.474000000000000032e-01
6.960000000000000000e+03 8.081900000000000195e-02 2.224500000000000088e-01 -7.639399999999999533e-04 2.366800000000000015e-01
8.118000000000000000e+03 1.169599999999999945e-01 3.350699999999999790e-01 1.568500000000000016e-03 3.548999999999999932e-01
9.204000000000000000e+03 1.627399999999999958e-01 4.950200000000000156e-01 6.643699999999999779e-03 5.211200000000000276e-01
1.023900000000000000e+04 2.141599999999999893e-01 6.986499999999999932e-01 1.507000000000000006e-02 7.308900000000000396e-01
1.118100000000000000e+04 2.748300000000000187e-01 9.571399999999999908e-01 2.789099999999999913e-02 9.961999999999999744e-01
1.205600000000000000e+04 3.402800000000000269e-01 1.268100000000000005e+00 4.554300000000000015e-02 1.313800000000000079e+00
1.287800000000000000e+04 4.106899999999999995e-01 1.638800000000000034e+00 6.939399999999999735e-02 1.690900000000000070e+00
1.364000000000000000e+04 4.837600000000000233e-01 2.059400000000000119e+00 9.869699999999999307e-02 2.117799999999999905e+00
1.425500000000000000e+04 5.460000000000000409e-01 2.441600000000000215e+00 1.272199999999999998e-01 2.505100000000000104e+00
1.468800000000000000e+04 5.958099999999999508e-01 2.761800000000000033e+00 1.529800000000000049e-01 2.829499999999999904e+00
1.503200000000000000e+04 6.451099999999999612e-01 3.088099999999999845e+00 1.839899999999999869e-01 3.160099999999999909e+00
1.522200000000000000e+04 6.697999999999999510e-01 3.250799999999999912e+00 1.999400000000000066e-01 3.325099999999999945e+00
