1.000000000000000000e+00 -1.558489999999999931e+00 3.605740000000000056e-01 1.500000000000000000e+00
2.870000000000000000e+02 -1.724632399999999954e+00 3.956221000000000321e-01 2.859806639999999955e+00
1.010000000000000000e+03 -2.056656315999999762e+00 4.595370000000000288e-01 5.598794400000000060e+00
1.886000000000000000e+03 -2.364564899999999970e+00 5.106293000000000637e-01 8.316838300000000572e+00
3.042000000000000000e+03 -2.669064800000000126e+00 5.699700000000000877e-01 1.173415110000000006e+01
4.109000000000000000e+03 -2.744668900000000189e+00 4.774049999999999683e-01 1.583313569999999970e+01
5.423000000000000000e+03 -2.645971999999999991e+00 3.612799999999999900e-01 1.992437939999999941e+01
6.667000000000000000e+03 -2.533903000000000016e+00 2.554552700000000121e-01 2.402731830000000102e+01
7.843000000000000000e+03 -2.398760000000000225e+00 1.501340000000000174e-01 2.812269460000000265e+01
8.940000000000000000e+03 -2.247527000000000275e+00 7.073899999999999633e-02 3.223150899999999552e+01
9.994000000000000000e+03 -2.098742300000000061e+00 1.588300000000009149e-02 3.634340199999999754e+01
1.095700000000000000e+04 -1.945024700000000051e+00 6.439999999999779234e-04 4.045002699999999862e+01
1.184300000000000000e+04 -1.787053000000000003e+00 2.052999999999993719e-02 4.457089799999999968e+01
1.268800000000000000e+04 -1.625577999999999967e+00 8.687000000000000277e-02 4.869663899999999757e+01
1.345300000000000000e+04 -1.462196999999999969e+00 1.829400000000001025e-01 5.281726000000000454e+01
1.412000000000000000e+04 -1.325229999999999908e+00 2.773700000000003385e-01 5.626632000000000033e+01
1.459000000000000000e+04 -1.177718000000000043e+00 3.555500000000000327e-01 5.902105000000000246e+01
1.495500000000000000e+04 -7.659149999999999014e-01 4.257100000000000328e-01 6.176436000000000348e+01
1.518600000000000000e+04 -5.597429999999999906e-01 4.564000000000003610e-01 6.314625999999999806e+01
1.370000000000000000e+02 1.558489999999999931e+00 -3.636220000000000008e-01 1.500000000000000000e+00
3.970000000000000000e+02 1.725263549999999979e+00 -4.054903000000000257e-01 2.860254029999999670e+00
1.218000000000000000e+03 1.820151899999999934e+00 -4.392485999999999891e-01 5.601054599999999439e+00
2.088000000000000000e+03 1.846329400000000120e+00 -4.626679999999999682e-01 8.322486500000000120e+00
3.242000000000000000e+03 1.775886109999999851e+00 -4.703399999999999803e-01 1.174603719999999996e+01
4.428000000000000000e+03 1.811297999999999853e+00 -4.676730000000000054e-01 1.584898669999999932e+01
5.729000000000000000e+03 1.736941999999999986e+00 -4.508300000000000640e-01 1.994094300000000075e+01
6.960000000000000000e+03 1.658036000000000065e+00 -4.451069999999999749e-01 2.404328100000000035e+01
8.118000000000000000e+03 1.566145999999999816e+00 -4.342849999999999766e-01 2.813650600000000068e+01
9.204000000000000000e+03 1.471837000000000062e+00 -4.048859999999999681e-01 3.224198099999999556e+01
1.023900000000000000e+04 1.382469000000000170e+00 -3.636200000000000543e-01 3.635034199999999771e+01
1.118100000000000000e+04 1.298345489999999991e+00 -2.958800000000000319e-01 4.045256199999999325e+01
1.205600000000000000e+04 1.214906000000000041e+00 -2.069200000000002149e-01 4.456907299999999594e+01
1.287800000000000000e+04 1.133599000000000023e+00 -9.101999999999987878e-02 4.869124899999999911e+01
1.364000000000000000e+04 1.053317999999999977e+00 4.910999999999998700e-02 5.280843000000000131e+01
1.425500000000000000e+04 9.868500000000000050e-01 1.773600000000001842e-01 5.625492999999999455e+01
1.468800000000000000e+04 9.083559999999999413e-01 2.819799999999998974e-01 5.900862000000000052e+01
1.503200000000000000e+04 6.533720000000000638e-01 3.793400000000000105e-01 6.175511999999999802e+01
1.522200000000000000e+04 5.257570000000000299e-01 4.228000000000000647e-01 6.313879000000000019e+01
