1.000000000000000000e+00 -1.558489999999999931e+00 3.605740000000000056e-01 1.500000000000000000e+00
2.870000000000000000e+02 -1.724995075999999905e+00 3.957165400000000055e-01 2.859944377999999787e+00
1.010000000000000000e+03 -2.056597406999999933e+00 4.595586999999999867e-01 5.599736880000000028e+00
1.886000000000000000e+03 -2.360579380000000338e+00 5.095764000000000404e-01 8.319372899999999404e+00
3.042000000000000000e+03 -2.659571099999999966e+00 5.667050000000000143e-01 1.173948835000000024e+01
4.109000000000000000e+03 -2.725254000000000065e+00 4.695880000000000054e-01 1.584059360000000005e+01
5.423000000000000000e+03 -2.614250999999999880e+00 3.489799999999999569e-01 1.993304660000000084e+01
6.667000000000000000e+03 -2.487693999999999850e+00 2.372152700000000058e-01 2.403672510000000173e+01
7.843000000000000000e+03 -2.336324000000000289e+00 1.242640000000000133e-01 2.813229899999999972e+01
8.940000000000000000e+03 -2.167289000000000243e+00 3.416900000000000492e-02 3.224080699999999666e+01
9.994000000000000000e+03 -1.999405000000000099e+00 -3.402699999999991842e-02 3.635194400000000314e+01
1.095700000000000000e+04 -1.825600000000000112e+00 -6.688600000000000101e-02 4.045721699999999998e+01
1.184300000000000000e+04 -1.646679999999999922e+00 -6.847000000000003084e-02 4.457618899999999940e+01
1.268800000000000000e+04 -1.463729999999999976e+00 -2.802999999999999936e-02 4.869947700000000168e+01
1.345300000000000000e+04 -1.278589999999999893e+00 3.824000000000005173e-02 5.281712000000000273e+01
1.412000000000000000e+04 -1.123289999999999900e+00 1.053700000000001857e-01 5.626335999999999871e+01
1.459000000000000000e+04 -9.611100000000001309e-01 1.611500000000001265e-01 5.901548999999999978e+01
1.495500000000000000e+04 -5.347069999999999323e-01 2.098100000000000520e-01 6.175486000000000075e+01
1.518600000000000000e+04 -3.211999999999999855e-01 2.298000000000000043e-01 6.313475999999999999e+01
1.370000000000000000e+02 1.558489999999999931e+00 -3.636220000000000008e-01 1.500000000000000000e+00
3.970000000000000000e+02 1.725267329999999877e+00 -4.055036799999999775e-01 2.860096854000000022e+00
1.218000000000000000e+03 1.819520999999999944e+00 -4.392102999999999979e-01 5.600418630000000064e+00
2.088000000000000000e+03 1.846527699999999994e+00 -4.630159999999999831e-01 8.321024500000000046e+00
3.242000000000000000e+03 1.780942699999999990e+00 -4.722839999999999816e-01 1.174259529999999963e+01
4.428000000000000000e+03 1.830461299999999847e+00 -4.729589999999999628e-01 1.584372429999999987e+01
5.729000000000000000e+03 1.768445999999999962e+00 -4.601500000000000590e-01 1.993470310000000012e+01
6.960000000000000000e+03 1.704488000000000003e+00 -4.599170000000000202e-01 2.403626300000000171e+01
8.118000000000000000e+03 1.629057999999999895e+00 -4.560750000000000082e-01 2.812887030000000266e+01
9.204000000000000000e+03 1.552414000000000183e+00 -4.364559999999999551e-01 3.223375399999999757e+01
1.023900000000000000e+04 1.482383000000000006e+00 -4.077500000000000568e-01 3.634145600000000087e+01
1.118100000000000000e+04 1.418200000000000127e+00 -3.566599999999999770e-01 4.044289500000000004e+01
1.205600000000000000e+04 1.355689999999999840e+00 -2.883200000000001317e-01 4.455845399999999756e+01
1.287800000000000000e+04 1.295769999999999866e+00 -1.977199999999998958e-01 4.867937799999999982e+01
1.364000000000000000e+04 1.237130000000000063e+00 -8.709000000000011177e-02 5.279501800000000600e+01
1.425500000000000000e+04 1.188876000000000044e+00 1.386000000000020549e-02 5.623998999999999882e+01
1.468800000000000000e+04 1.124953000000000092e+00 9.547999999999978726e-02 5.899242999999999881e+01
1.503200000000000000e+04 8.845480000000001120e-01 1.690400000000003011e-01 6.173843999999999710e+01
1.522200000000000000e+04 7.642999999999999794e-01 2.006000000000001116e-01 6.312182999999999566e+01
