1.000000000000000000e+00 0.000000000000000000e+00 0.000000000000000000e+00 0.000000000000000000e+00 0.000000000000000000e+00
2.870000000000000000e+02 5.463999999999999863e-05 4.591899999999999996e-04 -5.554700000000000197e-05 4.657600000000000130e-04
1.010000000000000000e+03 4.210199999999999772e-05 2.958199999999999805e-03 -2.626099999999999810e-04 2.970099999999999824e-03
1.886000000000000000e+03 -1.286899999999999893e-04 8.027299999999999366e-03 -6.256900000000000352e-04 8.052699999999999442e-03
3.042000000000000000e+03 3.687499999999999806e-03 4.123700000000000282e-02 -5.092099999999999578e-04 4.140499999999999736e-02
4.109000000000000000e+03 1.010199999999999987e-02 8.392600000000000060e-02 5.960199999999999483e-04 8.453399999999999803e-02
5.423000000000000000e+03 1.859999999999999848e-02 1.460400000000000031e-01 3.047499999999999862e-03 1.472600000000000020e-01
6.667000000000000000e+03 3.023100000000000093e-02 2.288399999999999879e-01 6.723299999999999763e-03 2.309299999999999964e-01
7.843000000000000000e+03 4.566100000000000020e-02 3.336299999999999821e-01 1.229200000000000084e-02 3.369699999999999918e-01
8.940000000000000000e+03 6.684199999999999864e-02 4.806900000000000062e-01 2.079299999999999898e-02 4.857600000000000251e-01
9.994000000000000000e+03 9.254600000000000326e-02 6.624799999999999578e-01 3.191800000000000193e-02 6.696699999999999875e-01
1.095700000000000000e+04 1.227000000000000035e-01 8.954600000000000337e-01 4.717600000000000265e-02 9.050599999999999756e-01
1.184300000000000000e+04 1.565199999999999925e-01 1.173499999999999988e+00 6.612700000000000522e-02 1.185699999999999976e+00
1.268800000000000000e+04 1.931700000000000084e-01 1.503600000000000048e+00 8.938899999999999624e-02 1.518599999999999950e+00
1.345300000000000000e+04 2.315000000000000113e-01 1.876900000000000013e+00 1.170000000000000068e-01 1.894700000000000051e+00
1.412000000000000000e+04 2.641499999999999959e-01 2.215300000000000047e+00 1.432100000000000040e-01 2.235500000000000043e+00
1.459000000000000000e+04 2.902399999999999980e-01 2.495999999999999996e+00 1.653100000000000125e-01 2.518200000000000216e+00
1.495500000000000000e+04 3.164500000000000091e-01 2.771799999999999820e+00 1.846500000000000086e-01 2.795900000000000052e+00
1.518600000000000000e+04 3.298499999999999766e-01 2.909600000000000186e+00 1.945500000000000007e-01 2.934699999999999864e+00
1.370000000000000000e+02 0.000000000000000000e+00 0.000000000000000000e+00 0.000000000000000000e+00 0.000000000000000000e+00
3.970000000000000000e+02 2.172400000000000004e-04 8.325799999999999737e-04 9.674300000000000531e-05 8.658700000000000294e-04
1.218000000000000000e+03 1.560100000000000028e-03 4.408800000000000045e-03 4.181999999999999737e-04 4.695300000000000341e-03
2.088000000000000000e+03 3.146200000000000038e-03 1.214499999999999955e-02 1.023500000000000104e-03 1.258699999999999923e-02
3.242000000000000000e+03 5.430500000000000431e-03 3.355400000000000049e-02 2.592800000000000139e-03 3.409000000000000224e-02
4.428000000000000000e+03 6.889799999999999744e-03 6.726200000000000234e-02 3.720499999999999849e-03 6.771699999999999942e-02
5.729000000000000000e+03 1.320200000000000019e-02 1.233100000000000029e-01 4.698299999999999872e-03 1.241000000000000020e-01
6.960000000000000000e+03 2.584699999999999845e-02 1.971600000000000019e-01 6.256699999999999588e-03 1.989499999999999880e-01
8.118000000000000000e+03 4.102800000000000197e-02 2.964399999999999813e-01 8.861400000000000179e-03 2.993999999999999995e-01
9.204000000000000000e+03 6.293899999999999495e-02 4.369999999999999996e-01 1.374000000000000048e-02 4.417200000000000015e-01
1.023900000000000000e+04 8.766100000000000281e-02 6.159400000000000430e-01 2.143499999999999919e-02 6.225199999999999623e-01
1.118100000000000000e+04 1.192000000000000004e-01 8.436500000000000110e-01 3.286200000000000232e-02 8.526599999999999735e-01
1.205600000000000000e+04 1.533899999999999986e-01 1.118100000000000094e+00 4.840400000000000258e-02 1.129599999999999937e+00
1.287800000000000000e+04 1.909399999999999986e-01 1.445899999999999963e+00 6.930600000000000649e-02 1.460099999999999953e+00
1.364000000000000000e+04 2.301300000000000012e-01 1.818899999999999961e+00 9.491700000000000137e-02 1.835900000000000087e+00
1.425500000000000000e+04 2.635899999999999910e-01 2.158599999999999852e+00 1.198599999999999943e-01 2.177900000000000169e+00
1.468800000000000000e+04 2.903499999999999970e-01 2.443900000000000183e+00 1.422700000000000076e-01 2.465199999999999836e+00
1.503200000000000000e+04 3.167099999999999915e-01 2.735100000000000087e+00 1.682500000000000107e-01 2.758500000000000174e+00
1.522200000000000000e+04 3.298499999999999766e-01 2.880500000000000060e+00 1.816300000000000137e-01 2.904999999999999805e+00
