1.000000000000000000e+00 0.000000000000000000e+00 0.000000000000000000e+00 0.000000000000000000e+00 0.000000000000000000e+00
2.870000000000000000e+02 4.453899999999999895e-04 3.886900000000000207e-04 -1.929099999999999945e-04 6.218200000000000333e-04
1.010000000000000000e+03 1.088899999999999959e-04 3.100799999999999911e-03 -1.206899999999999900e-03 3.329100000000000201e-03
1.886000000000000000e+03 -3.889300000000000049e-03 9.564200000000000132e-03 -3.160200000000000162e-03 1.079800000000000031e-02
3.042000000000000000e+03 -4.983500000000000082e-03 4.733899999999999914e-02 -5.740300000000000263e-03 4.794600000000000251e-02
4.109000000000000000e+03 -7.441699999999999877e-03 9.737999999999999434e-02 -6.591299999999999590e-03 9.788600000000000079e-02
5.423000000000000000e+03 -9.861200000000000521e-03 1.680999999999999994e-01 -5.117100000000000294e-03 1.684599999999999986e-01
6.667000000000000000e+03 -1.090400000000000050e-02 2.624000000000000221e-01 -1.868700000000000049e-03 2.626299999999999746e-01
7.843000000000000000e+03 -9.421699999999999867e-03 3.818699999999999872e-01 3.941700000000000238e-03 3.820000000000000062e-01
8.940000000000000000e+03 -3.133100000000000208e-03 5.493200000000000305e-01 1.337499999999999974e-02 5.494900000000000340e-01
9.994000000000000000e+03 6.935600000000000098e-03 7.562699999999999978e-01 2.603499999999999912e-02 7.567500000000000338e-01
1.095700000000000000e+04 2.101199999999999943e-02 1.021500000000000075e+00 4.364300000000000124e-02 1.022699999999999942e+00
1.184300000000000000e+04 3.839000000000000051e-02 1.338000000000000078e+00 6.566299999999999915e-02 1.340200000000000058e+00
1.268800000000000000e+04 5.847999999999999726e-02 1.713400000000000034e+00 9.271100000000000174e-02 1.716900000000000093e+00
1.345300000000000000e+04 8.021300000000000652e-02 2.137199999999999989e+00 1.247499999999999998e-01 2.142300000000000093e+00
1.412000000000000000e+04 9.893399999999999417e-02 2.520399999999999974e+00 1.550499999999999934e-01 2.527099999999999902e+00
1.459000000000000000e+04 1.138699999999999990e-01 2.837200000000000166e+00 1.806899999999999895e-01 2.845200000000000173e+00
1.495500000000000000e+04 1.290199999999999958e-01 3.146100000000000119e+00 2.044199999999999906e-01 3.155400000000000205e+00
1.518600000000000000e+04 1.368300000000000072e-01 3.300199999999999800e+00 2.165300000000000002e-01 3.310200000000000031e+00
1.370000000000000000e+02 0.000000000000000000e+00 0.000000000000000000e+00 0.000000000000000000e+00 0.000000000000000000e+00
3.970000000000000000e+02 2.061900000000000028e-04 9.088600000000000498e-04 2.469700000000000020e-04 9.641199999999999510e-04
1.218000000000000000e+03 2.112199999999999842e-03 4.718800000000000425e-03 1.019200000000000054e-03 5.269499999999999879e-03
2.088000000000000000e+03 2.882099999999999853e-03 1.339800000000000019e-02 2.401100000000000196e-03 1.391300000000000002e-02
3.242000000000000000e+03 6.913600000000000214e-04 3.780300000000000327e-02 5.831799999999999831e-03 3.825699999999999934e-02
4.428000000000000000e+03 -1.068700000000000032e-02 7.680299999999999627e-02 8.667499999999999857e-03 7.802599999999999814e-02
5.729000000000000000e+03 -1.553799999999999973e-02 1.404700000000000115e-01 1.055700000000000041e-02 1.417200000000000126e-01
6.960000000000000000e+03 -1.590600000000000000e-02 2.244899999999999951e-01 1.286799999999999923e-02 2.254200000000000093e-01
8.118000000000000000e+03 -1.492899999999999956e-02 3.369599999999999818e-01 1.613900000000000057e-02 3.376799999999999802e-01
9.204000000000000000e+03 -7.787500000000000151e-03 4.961400000000000254e-01 2.179499999999999840e-02 4.966800000000000104e-01
1.023900000000000000e+04 9.997300000000001064e-04 6.987600000000000477e-01 3.051099999999999993e-02 6.994299999999999962e-01
1.118100000000000000e+04 1.668499999999999844e-02 9.569800000000000528e-01 4.330900000000000027e-02 9.580999999999999517e-01
1.205600000000000000e+04 3.450600000000000195e-02 1.268299999999999983e+00 6.064300000000000246e-02 1.270199999999999996e+00
1.287800000000000000e+04 5.566299999999999720e-02 1.640300000000000091e+00 8.393499999999999572e-02 1.643299999999999983e+00
1.364000000000000000e+04 7.846000000000000196e-02 2.063200000000000145e+00 1.124799999999999967e-01 2.067800000000000082e+00
1.425500000000000000e+04 9.820500000000000063e-02 2.447799999999999976e+00 1.402700000000000058e-01 2.453800000000000203e+00
1.468800000000000000e+04 1.139899999999999941e-01 2.770300000000000207e+00 1.650999999999999968e-01 2.777600000000000069e+00
1.503200000000000000e+04 1.292899999999999883e-01 3.099200000000000177e+00 1.930099999999999871e-01 3.107899999999999885e+00
1.522200000000000000e+04 1.368300000000000072e-01 3.263199999999999878e+00 2.073899999999999910e-01 3.272699999999999942e+00
