1.000000000000000000e+00 -1.558489999999999931e+00 3.605740000000000056e-01 1.500000000000000000e+00
2.870000000000000000e+02 -1.724995359999999867e+00 3.957161900000000232e-01 2.859944452999999775e+00
1.010000000000000000e+03 -2.056597897999999702e+00 4.595562000000000258e-01 5.599737389999999593e+00
1.886000000000000000e+03 -2.360578690000000091e+00 5.095693000000000028e-01 8.319374310000000605e+00
3.042000000000000000e+03 -2.659572500000000339e+00 5.666700000000000070e-01 1.173949078999999962e+01
4.109000000000000000e+03 -2.725258000000000180e+00 4.695139999999999869e-01 1.584059601999999956e+01
5.423000000000000000e+03 -2.614259999999999806e+00 3.488499999999999934e-01 1.993304750000000070e+01
6.667000000000000000e+03 -2.487708999999999726e+00 2.370052699999999901e-01 2.403672330000000201e+01
7.843000000000000000e+03 -2.336349000000000231e+00 1.239539999999999809e-01 2.813229199999999963e+01
8.940000000000000000e+03 -2.167328000000000365e+00 3.371899999999999897e-02 3.224079299999999648e+01
9.994000000000000000e+03 -1.999464000000000130e+00 -3.466700000000000337e-02 3.635191799999999773e+01
1.095700000000000000e+04 -1.825679999999999970e+00 -6.777599999999994740e-02 4.045717599999999692e+01
1.184300000000000000e+04 -1.646789999999999976e+00 -6.967000000000012072e-02 4.457612699999999961e+01
1.268800000000000000e+04 -1.463870000000000005e+00 -2.963000000000004519e-02 4.869938899999999649e+01
1.345300000000000000e+04 -1.278759999999999897e+00 3.624000000000004995e-02 5.281700000000000017e+01
1.412000000000000000e+04 -1.123489999999999878e+00 1.030700000000002170e-01 5.626321000000000083e+01
1.459000000000000000e+04 -9.613300000000000178e-01 1.584500000000002018e-01 5.901530999999999949e+01
1.495500000000000000e+04 -5.349469999999999503e-01 2.067099999999997273e-01 6.175464999999999804e+01
1.518600000000000000e+04 -3.214500000000000135e-01 2.266000000000003567e-01 6.313454999999999728e+01
1.370000000000000000e+02 1.558489999999999931e+00 -3.636220000000000008e-01 1.500000000000000000e+00
3.970000000000000000e+02 1.725267239999999980e+00 -4.055044199999999766e-01 2.860096742999999719e+00
1.218000000000000000e+03 1.819520100000000085e+00 -4.392141999999999991e-01 5.600418200000000013e+00
2.088000000000000000e+03 1.846526200000000006e+00 -4.630269999999999664e-01 8.321023500000000794e+00
3.242000000000000000e+03 1.780940499999999815e+00 -4.723140000000000116e-01 1.174259280000000061e+01
4.428000000000000000e+03 1.830459799999999859e+00 -4.730179999999999940e-01 1.584372049999999987e+01
5.729000000000000000e+03 1.768441999999999847e+00 -4.602600000000000025e-01 1.993469830000000087e+01
6.960000000000000000e+03 1.704477000000000020e+00 -4.600969999999999782e-01 2.403625670000000270e+01
8.118000000000000000e+03 1.629037999999999986e+00 -4.563550000000000106e-01 2.812886140000000168e+01
9.204000000000000000e+03 1.552379000000000175e+00 -4.368559999999999666e-01 3.223373999999999739e+01
1.023900000000000000e+04 1.482331000000000065e+00 -4.083400000000000363e-01 3.634143499999999705e+01
1.118100000000000000e+04 1.418120000000000047e+00 -3.574800000000000200e-01 4.044286199999999809e+01
1.205600000000000000e+04 1.355589999999999851e+00 -2.894200000000000106e-01 4.455840399999999590e+01
1.287800000000000000e+04 1.295630000000000059e+00 -1.992199999999999527e-01 4.867930599999999686e+01
1.364000000000000000e+04 1.236969999999999903e+00 -8.899000000000012456e-02 5.279491700000000520e+01
1.425500000000000000e+04 1.188686000000000131e+00 1.166000000000000369e-02 5.623986000000000018e+01
1.468800000000000000e+04 1.124732999999999983e+00 9.288000000000007361e-02 5.899227000000000487e+01
1.503200000000000000e+04 8.843080000000000940e-01 1.660400000000001874e-01 6.173825000000000074e+01
1.522200000000000000e+04 7.640499999999998959e-01 1.975000000000002309e-01 6.312162999999999613e+01
