1.000000000000000000e+00 0.000000000000000000e+00 0.000000000000000000e+00 0.000000000000000000e+00 0.000000000000000000e+00
2.870000000000000000e+02 4.185799999999999937e-04 3.669999999999999760e-04 -1.935700000000000051e-04 5.893699999999999764e-04
1.010000000000000000e+03 -1.365299999999999955e-05 2.951699999999999810e-03 -1.206999999999999957e-03 3.188999999999999994e-03
1.886000000000000000e+03 -4.113399999999999695e-03 9.122299999999999853e-03 -3.165400000000000071e-03 1.049500000000000086e-02
3.042000000000000000e+03 -5.786300000000000297e-03 4.470799999999999774e-02 -5.853399999999999923e-03 4.545899999999999941e-02
4.109000000000000000e+03 -9.259999999999999135e-03 9.217599999999999405e-02 -6.864600000000000216e-03 9.289400000000000435e-02
5.423000000000000000e+03 -1.302000000000000032e-02 1.591100000000000014e-01 -5.610399999999999762e-03 1.597399999999999931e-01
6.667000000000000000e+03 -1.581199999999999967e-02 2.483200000000000129e-01 -2.654899999999999968e-03 2.488400000000000056e-01
7.843000000000000000e+03 -1.651800000000000143e-02 3.613299999999999845e-01 2.747900000000000169e-03 3.617199999999999860e-01
8.940000000000000000e+03 -1.301199999999999926e-02 5.199599999999999778e-01 1.160500000000000073e-02 5.202599999999999447e-01
9.994000000000000000e+03 -6.244999999999999683e-03 7.162100000000000133e-01 2.355499999999999955e-02 7.166299999999999892e-01
1.095700000000000000e+04 4.013499999999999707e-03 9.682800000000000296e-01 4.026199999999999918e-02 9.691300000000000470e-01
1.184300000000000000e+04 1.711199999999999874e-02 1.269600000000000062e+00 6.123599999999999877e-02 1.271200000000000108e+00
1.268800000000000000e+04 3.253600000000000242e-02 1.627899999999999903e+00 8.710700000000000387e-02 1.630500000000000060e+00
1.345300000000000000e+04 4.937099999999999822e-02 2.033500000000000085e+00 1.178799999999999987e-01 2.037500000000000089e+00
1.412000000000000000e+04 6.392000000000000459e-02 2.401400000000000201e+00 1.471000000000000085e-01 2.406699999999999839e+00
1.459000000000000000e+04 7.552399999999999392e-02 2.706500000000000128e+00 1.719499999999999917e-01 2.713000000000000078e+00
1.495500000000000000e+04 8.731700000000000572e-02 3.005799999999999805e+00 1.953799999999999981e-01 3.013399999999999856e+00
1.518600000000000000e+04 9.347700000000000453e-02 3.155199999999999783e+00 2.073299999999999865e-01 3.163400000000000212e+00
1.370000000000000000e+02 0.000000000000000000e+00 0.000000000000000000e+00 0.000000000000000000e+00 0.000000000000000000e+00
3.970000000000000000e+02 2.140199999999999872e-04 8.504400000000000501e-04 2.543800000000000141e-04 9.131099999999999633e-04
1.218000000000000000e+03 2.195599999999999809e-03 4.394499999999999969e-03 1.055900000000000024e-03 5.024599999999999726e-03
2.088000000000000000e+03 2.957500000000000059e-03 1.255900000000000072e-02 2.489400000000000120e-03 1.314000000000000064e-02
3.242000000000000000e+03 3.944500000000000198e-04 3.567499999999999838e-02 6.044500000000000393e-03 3.618500000000000189e-02
4.428000000000000000e+03 -1.223699999999999961e-02 7.289700000000000346e-02 8.997200000000000336e-03 7.446300000000000141e-02
5.729000000000000000e+03 -1.823100000000000068e-02 1.332899999999999918e-01 1.095699999999999973e-02 1.349700000000000066e-01
6.960000000000000000e+03 -2.046200000000000102e-02 2.130400000000000071e-01 1.330100000000000032e-02 2.144300000000000095e-01
8.118000000000000000e+03 -2.165399999999999964e-02 3.198599999999999777e-01 1.653599999999999862e-02 3.210200000000000276e-01
9.204000000000000000e+03 -1.728000000000000022e-02 4.709999999999999742e-01 2.203300000000000050e-02 4.718300000000000272e-01
1.023900000000000000e+04 -1.174000000000000044e-02 6.635900000000000132e-01 3.042999999999999872e-02 6.643900000000000361e-01
1.118100000000000000e+04 6.207500000000000452e-05 9.093499999999999917e-01 4.270700000000000190e-02 9.103499999999999925e-01
1.205600000000000000e+04 1.353999999999999995e-02 1.206099999999999950e+00 5.929899999999999755e-02 1.207699999999999996e+00
1.287800000000000000e+04 2.996700000000000058e-02 1.561500000000000110e+00 8.158600000000000574e-02 1.563900000000000068e+00
1.364000000000000000e+04 4.777499999999999802e-02 1.966399999999999926e+00 1.089100000000000068e-01 1.969999999999999973e+00
1.425500000000000000e+04 6.325899999999999579e-02 2.335599999999999898e+00 1.355500000000000038e-01 2.340399999999999814e+00
1.468800000000000000e+04 7.564500000000000390e-02 2.645999999999999908e+00 1.593700000000000117e-01 2.651800000000000157e+00
1.503200000000000000e+04 8.761199999999999544e-02 2.963099999999999845e+00 1.860300000000000009e-01 2.970200000000000173e+00
1.522200000000000000e+04 9.347700000000000453e-02 3.121399999999999952e+00 1.997700000000000031e-01 3.129100000000000215e+00
