0.000000000000000000e+00 0.000000000000000000e+00 0.000000000000000000e+00 0.000000000000000000e+00 0.000000000000000000e+00
2.870000000000000000e+02 4.173399999999999853e-04 3.648200000000000206e-04 -1.932899999999999874e-04 5.870600000000000341e-04
1.010000000000000000e+03 -1.671000000000000095e-05 2.936999999999999941e-03 -1.205200000000000021e-03 3.174699999999999918e-03
1.886000000000000000e+03 -4.114099999999999875e-03 9.081600000000000436e-03 -3.160399999999999841e-03 1.045899999999999955e-02
3.042000000000000000e+03 -5.804499999999999764e-03 4.451200000000000295e-02 -5.846500000000000134e-03 4.526800000000000268e-02
4.109000000000000000e+03 -9.309400000000000661e-03 9.176499999999999935e-02 -6.861599999999999817e-03 9.249100000000000377e-02
5.423000000000000000e+03 -1.311400000000000066e-02 1.583700000000000108e-01 -5.618800000000000183e-03 1.590100000000000124e-01
6.667000000000000000e+03 -1.596799999999999956e-02 2.471399999999999986e-01 -2.681799999999999809e-03 2.476700000000000013e-01
7.843000000000000000e+03 -1.676000000000000059e-02 3.595900000000000207e-01 2.691199999999999929e-03 3.599899999999999767e-01
8.940000000000000000e+03 -1.337499999999999974e-02 5.173900000000000166e-01 1.150100000000000081e-02 5.176899999999999835e-01
9.994000000000000000e+03 -6.761099999999999922e-03 7.125899999999999457e-01 2.338499999999999954e-02 7.130100000000000326e-01
1.095700000000000000e+04 3.313099999999999812e-03 9.632800000000000251e-01 4.000000000000000083e-02 9.641100000000000225e-01
1.184300000000000000e+04 1.619900000000000159e-02 1.262899999999999912e+00 6.085800000000000237e-02 1.264499999999999957e+00
1.268800000000000000e+04 3.138699999999999823e-02 1.619099999999999984e+00 8.658299999999999330e-02 1.621699999999999919e+00
1.345300000000000000e+04 4.796899999999999775e-02 2.022299999999999986e+00 1.171800000000000064e-01 2.026299999999999990e+00
1.412000000000000000e+04 6.230100000000000221e-02 2.388100000000000112e+00 1.462299999999999989e-01 2.393299999999999983e+00
1.459000000000000000e+04 7.373000000000000387e-02 2.691399999999999793e+00 1.709400000000000086e-01 2.697799999999999976e+00
1.495500000000000000e+04 8.534700000000000619e-02 2.988900000000000112e+00 1.942399999999999960e-01 2.996399999999999952e+00
1.518600000000000000e+04 9.141499999999999626e-02 3.137399999999999967e+00 2.061300000000000077e-01 3.145500000000000185e+00
1.370000000000000000e+02 0.000000000000000000e+00 0.000000000000000000e+00 0.000000000000000000e+00 0.000000000000000000e+00
3.970000000000000000e+02 2.134799999999999957e-04 8.461599999999999894e-04 2.539299999999999760e-04 9.088699999999999904e-04
1.218000000000000000e+03 2.191199999999999919e-03 4.371599999999999792e-03 1.054199999999999929e-03 5.002399999999999729e-03
2.088000000000000000e+03 2.948300000000000053e-03 1.249699999999999943e-02 2.485600000000000136e-03 1.307799999999999935e-02
3.242000000000000000e+03 3.748499999999999771e-04 3.550699999999999690e-02 6.035000000000000434e-03 3.601800000000000140e-02
4.428000000000000000e+03 -1.227199999999999992e-02 7.256300000000000250e-02 8.983299999999999619e-03 7.413899999999999657e-02
5.729000000000000000e+03 -1.829799999999999829e-02 1.326600000000000001e-01 1.093900000000000081e-02 1.343600000000000072e-01
6.960000000000000000e+03 -2.059800000000000172e-02 2.120199999999999863e-01 1.327599999999999961e-02 2.134300000000000086e-01
8.118000000000000000e+03 -2.187100000000000155e-02 3.183000000000000274e-01 1.649799999999999878e-02 3.194799999999999862e-01
9.204000000000000000e+03 -1.761899999999999925e-02 4.686600000000000210e-01 2.196999999999999995e-02 4.695099999999999829e-01
1.023900000000000000e+04 -1.222700000000000002e-02 6.602299999999999836e-01 3.032599999999999879e-02 6.610399999999999610e-01
1.118100000000000000e+04 -6.153400000000000276e-04 9.046699999999999742e-01 4.253799999999999942e-02 9.056699999999999751e-01
1.205600000000000000e+04 1.264900000000000052e-02 1.199799999999999978e+00 5.903900000000000120e-02 1.201300000000000034e+00
1.287800000000000000e+04 2.883499999999999952e-02 1.553099999999999925e+00 8.119999999999999440e-02 1.555500000000000105e+00
1.364000000000000000e+04 4.638400000000000162e-02 1.955699999999999994e+00 1.083599999999999980e-01 1.959300000000000042e+00
1.425500000000000000e+04 6.164499999999999841e-02 2.322799999999999976e+00 1.348499999999999976e-01 2.327500000000000124e+00
1.468800000000000000e+04 7.384999999999999898e-02 2.631299999999999972e+00 1.585199999999999942e-01 2.637100000000000222e+00
1.503200000000000000e+04 8.563900000000000678e-02 2.946499999999999897e+00 1.850100000000000078e-01 2.953599999999999781e+00
1.522200000000000000e+04 9.141499999999999626e-02 3.103899999999999881e+00 1.986700000000000133e-01 3.111600000000000144e+00
