1.000000000000000000e+00 -1.558489999999999931e+00 3.605740000000000056e-01 1.500000000000000000e+00
2.000000000000000000e+00 -1.641720000000000068e+00 3.782179999999999986e-01 2.180000000000000160e+00
5.830000000000000000e+02 -1.892649999999999944e+00 4.276179999999999981e-01 4.230000000000000426e+00
1.453000000000000000e+03 -2.213610000000000078e+00 4.815010000000000123e-01 6.959999999999999964e+00
2.317000000000000000e+03 -2.525990000000000180e+00 5.187519999999999909e-01 1.002999999999999936e+01
3.456000000000000000e+03 -2.710160000000000124e+00 4.611250000000000071e-01 1.378999999999999915e+01
4.769000000000000000e+03 -2.699260000000000215e+00 2.993660000000000210e-01 1.787999999999999901e+01
6.051000000000000000e+03 -2.577310000000000212e+00 1.082499999999999990e-01 2.198000000000000043e+01
7.273000000000000000e+03 -2.452129999999999921e+00 -9.856310000000000071e-02 2.607999999999999829e+01
8.397000000000000000e+03 -2.308429999999999982e+00 -3.260839999999999850e-01 3.017000000000000171e+01
9.479000000000000000e+03 -2.162809999999999899e+00 -5.700060000000000127e-01 3.427000000000000313e+01
1.048600000000000000e+04 -2.020379999999999843e+00 -8.285369999999999679e-01 3.836999999999999744e+01
1.140300000000000000e+04 -1.875969999999999915e+00 -1.101029999999999953e+00 4.246000000000000085e+01
1.227000000000000000e+04 -1.730250000000000066e+00 -1.386030000000000095e+00 4.656000000000000227e+01
1.307700000000000000e+04 -1.583709999999999951e+00 -1.684409999999999963e+00 5.064999999999999858e+01
1.382700000000000000e+04 -1.451570000000000027e+00 -1.974890000000000034e+00 5.440999999999999659e+01
1.439000000000000000e+04 -1.330659999999999954e+00 -2.223289999999999988e+00 5.747999999999999687e+01
1.478600000000000000e+04 -1.076030000000000042e+00 -2.450229999999999908e+00 6.021000000000000085e+01
1.511000000000000000e+04 -7.513790000000000191e-01 -2.624289999999999790e+00 6.225999999999999801e+01
1.518600000000000000e+04 -6.512999999999999901e-01 -2.682999999999999829e+00 6.293999999999999773e+01
1.370000000000000000e+02 1.558489999999999931e+00 -3.636220000000000008e-01 1.500000000000000000e+00
1.340000000000000000e+02 1.641720000000000068e+00 -3.846550000000000247e-01 2.180000000000000160e+00
7.830000000000000000e+02 1.779539999999999900e+00 -4.255760000000000098e-01 4.230000000000000426e+00
1.654000000000000000e+03 1.839139999999999997e+00 -4.601129999999999942e-01 6.959999999999999964e+00
2.575000000000000000e+03 1.823169999999999957e+00 -4.917279999999999984e-01 1.002999999999999936e+01
3.775000000000000000e+03 1.806769999999999987e+00 -5.220740000000000380e-01 1.378999999999999915e+01
5.088000000000000000e+03 1.799509999999999943e+00 -5.604479999999999462e-01 1.787999999999999901e+01
6.348000000000000000e+03 1.718210000000000015e+00 -6.175119999999999498e-01 2.198000000000000043e+01
7.552000000000000000e+03 1.634749999999999925e+00 -7.020610000000000461e-01 2.607999999999999829e+01
8.665000000000000000e+03 1.538950000000000040e+00 -8.100739999999999608e-01 3.017000000000000171e+01
9.735000000000000000e+03 1.441869999999999985e+00 -9.456930000000000058e-01 3.427000000000000313e+01
1.072000000000000000e+04 1.346919999999999895e+00 -1.109520000000000062e+00 3.836999999999999744e+01
1.162300000000000000e+04 1.250639999999999974e+00 -1.301029999999999909e+00 4.246000000000000085e+01
1.247900000000000000e+04 1.153499999999999970e+00 -1.523030000000000106e+00 4.656000000000000227e+01
1.326400000000000000e+04 1.055809999999999915e+00 -1.772899999999999920e+00 5.064999999999999858e+01
1.397100000000000000e+04 9.677109999999999879e-01 -2.025150000000000006e+00 5.440999999999999659e+01
1.449000000000000000e+04 8.871080000000000076e-01 -2.247290000000000010e+00 5.747999999999999687e+01
1.486900000000000000e+04 7.173519999999999897e-01 -2.458680000000000199e+00 6.021000000000000085e+01
1.514800000000000000e+04 5.009200000000000319e-01 -2.626040000000000152e+00 6.225999999999999801e+01
1.522200000000000000e+04 4.341999999999999749e-01 -2.682999999999999829e+00 6.293999999999999773e+01
