1.308000000000000007e+01 1.308000000000000007e+01 1.308000000000000007e+01 1.308000000000000007e+01 1.308000000000000007e+01 1.308000000000000007e+01 1.308000000000000007e+01 1.308000000000000007e+01 1.308000000000000007e+01 1.308000000000000007e+01 1.308000000000000007e+01 1.308000000000000007e+01 1.308000000000000007e+01
1.307199999999999918e+01 1.307399999999999984e+01 1.307300000000000040e+01 1.307300000000000040e+01 1.307199999999999918e+01 1.307199999999999918e+01 1.307300000000000040e+01 1.307399999999999984e+01 1.307300000000000040e+01 1.307300000000000040e+01 1.307199999999999918e+01 1.307199999999999918e+01 1.307300000000000040e+01
1.305000000000000071e+01 1.305499999999999972e+01 1.305300000000000082e+01 1.305100000000000016e+01 1.305000000000000071e+01 1.305100000000000016e+01 1.305300000000000082e+01 1.305499999999999972e+01 1.305300000000000082e+01 1.305100000000000016e+01 1.305000000000000071e+01 1.305100000000000016e+01 1.305300000000000082e+01
1.300200000000000067e+01 1.301800000000000068e+01 1.301399999999999935e+01 1.300999999999999979e+01 1.300600000000000023e+01 1.300600000000000023e+01 1.301099999999999923e+01 1.301699999999999946e+01 1.301500000000000057e+01 1.300999999999999979e+01 1.300600000000000023e+01 1.300600000000000023e+01 1.301099999999999923e+01
1.318900000000000006e+01 1.316699999999999982e+01 1.317300000000000004e+01 1.317999999999999972e+01 1.318599999999999994e+01 1.318599999999999994e+01 1.317800000000000082e+01 1.316900000000000048e+01 1.317300000000000004e+01 1.317999999999999972e+01 1.318599999999999994e+01 1.318599999999999994e+01 1.317800000000000082e+01
1.172000000000000064e+01 1.168399999999999928e+01 1.172000000000000064e+01 1.173600000000000065e+01 1.173000000000000043e+01 1.170899999999999963e+01 1.168900000000000006e+01 1.168900000000000006e+01 1.171899999999999942e+01 1.173600000000000065e+01 1.173000000000000043e+01 1.170899999999999963e+01 1.168900000000000006e+01
1.051299999999999990e+01 1.045199999999999996e+01 1.049799999999999933e+01 1.052200000000000024e+01 1.051999999999999957e+01 1.049600000000000044e+01 1.046700000000000053e+01 1.046000000000000085e+01 1.049699999999999989e+01 1.052200000000000024e+01 1.051999999999999957e+01 1.049600000000000044e+01 1.046700000000000053e+01
9.523999999999999133e+00 9.429999999999999716e+00 9.490000000000000213e+00 9.525000000000000355e+00 9.529999999999999361e+00 9.502000000000000668e+00 9.458999999999999631e+00 9.442000000000000171e+00 9.487999999999999545e+00 9.525000000000000355e+00 9.529999999999999361e+00 9.502000000000000668e+00 9.458999999999999631e+00
8.438000000000000611e+00 8.311999999999999389e+00 8.387000000000000455e+00 8.435999999999999943e+00 8.445000000000000284e+00 8.410999999999999588e+00 8.352999999999999758e+00 8.326000000000000512e+00 8.384999999999999787e+00 8.436999999999999389e+00 8.445000000000000284e+00 8.410999999999999588e+00 8.352999999999999758e+00
7.362000000000000099e+00 7.190999999999999837e+00 7.291000000000000369e+00 7.355000000000000426e+00 7.366999999999999993e+00 7.323000000000000398e+00 7.246999999999999886e+00 7.211000000000000298e+00 7.286999999999999922e+00 7.355000000000000426e+00 7.366999999999999993e+00 7.323000000000000398e+00 7.246999999999999886e+00
6.309000000000000163e+00 6.102000000000000313e+00 6.225999999999999979e+00 6.304999999999999716e+00 6.317999999999999616e+00 6.262999999999999901e+00 6.168999999999999595e+00 6.126000000000000334e+00 6.222000000000000419e+00 6.306000000000000050e+00 6.317999999999999616e+00 6.262999999999999901e+00 6.168999999999999595e+00
5.339999999999999858e+00 5.073999999999999844e+00 5.229000000000000092e+00 5.326999999999999957e+00 5.344000000000000306e+00 5.277000000000000135e+00 5.158999999999999808e+00 5.105000000000000426e+00 5.224000000000000199e+00 5.328000000000000291e+00 5.342999999999999972e+00 5.275999999999999801e+00 5.158999999999999808e+00
4.480000000000000426e+00 4.150000000000000355e+00 4.339999999999999858e+00 4.458999999999999631e+00 4.480000000000000426e+00 4.399000000000000021e+00 4.256999999999999673e+00 4.187999999999999723e+00 4.333000000000000185e+00 4.458999999999999631e+00 4.480000000000000426e+00 4.399000000000000021e+00 4.256999999999999673e+00
3.875000000000000000e+00 3.468999999999999861e+00 3.697000000000000064e+00 3.835999999999999854e+00 3.862999999999999989e+00 3.770000000000000018e+00 3.601999999999999869e+00 3.519000000000000128e+00 3.689000000000000057e+00 3.835999999999999854e+00 3.862999999999999989e+00 3.767999999999999794e+00 3.601999999999999869e+00
3.270000000000000018e+00 2.793000000000000149e+00 3.056999999999999940e+00 3.210999999999999854e+00 3.245000000000000107e+00 3.141000000000000014e+00 2.951999999999999957e+00 2.851999999999999869e+00 3.044999999999999929e+00 3.213999999999999968e+00 3.245000000000000107e+00 3.141000000000000014e+00 2.951999999999999957e+00
2.729000000000000092e+00 2.201999999999999957e+00 2.488999999999999879e+00 2.652000000000000135e+00 2.694999999999999840e+00 2.580999999999999961e+00 2.379999999999999893e+00 2.266000000000000014e+00 2.476999999999999869e+00 2.657000000000000028e+00 2.692000000000000171e+00 2.583000000000000185e+00 2.378000000000000114e+00
2.290999999999999925e+00 1.733999999999999986e+00 2.031000000000000139e+00 2.201000000000000068e+00 2.246999999999999886e+00 2.129999999999999893e+00 1.921000000000000041e+00 1.802999999999999936e+00 2.020000000000000018e+00 2.205999999999999961e+00 2.246999999999999886e+00 2.129999999999999893e+00 1.917999999999999927e+00
2.153000000000000025e+00 1.572999999999999954e+00 1.883000000000000007e+00 2.052999999999999936e+00 2.100999999999999979e+00 1.975999999999999979e+00 1.766000000000000014e+00 1.645000000000000018e+00 1.870999999999999996e+00 2.052999999999999936e+00 2.104999999999999982e+00 1.975999999999999979e+00 1.770000000000000018e+00
2.063000000000000167e+00 1.467000000000000082e+00 1.782999999999999918e+00 1.951999999999999957e+00 2.009999999999999787e+00 1.877999999999999892e+00 1.667000000000000037e+00 1.540999999999999925e+00 1.772999999999999909e+00 1.951999999999999957e+00 2.009999999999999787e+00 1.877999999999999892e+00 1.673000000000000043e+00
