1.000000000000000000e+00 -1.558489999999999931e+00 3.605740000000000056e-01 1.500000000000000000e+00
2.870000000000000000e+02 -1.724915500000000046e+00 3.957763800000000387e-01 2.859937699999999694e+00
1.010000000000000000e+03 -2.056327529999999904e+00 4.599917000000000034e-01 5.599681539999999735e+00
1.886000000000000000e+03 -2.360277980000000220e+00 5.108707000000000109e-01 8.319230560000001162e+00
3.042000000000000000e+03 -2.658193699999999993e+00 5.737470000000000070e-01 1.173940160000000077e+01
4.109000000000000000e+03 -2.722048000000000023e+00 4.838879999999999848e-01 1.584074103000000022e+01
5.423000000000000000e+03 -2.608585000000000154e+00 3.739500000000000046e-01 1.993365199999999859e+01
6.667000000000000000e+03 -2.478745999999999672e+00 2.765852699999999942e-01 2.403801269999999946e+01
7.843000000000000000e+03 -2.323135000000000172e+00 1.820739999999999859e-01 2.813463000000000136e+01
8.940000000000000000e+03 -2.148461000000000176e+00 1.178890000000000216e-01 3.224471899999999636e+01
9.994000000000000000e+03 -1.973730000000000206e+00 8.178300000000005010e-02 3.635790399999999778e+01
1.095700000000000000e+04 -1.791819999999999968e+00 8.996399999999993291e-02 4.046594499999999783e+01
1.184300000000000000e+04 -1.603679999999999994e+00 1.373299999999999521e-01 4.458830899999999531e+01
1.268800000000000000e+04 -1.410510000000000153e+00 2.356699999999998241e-01 4.871569000000000216e+01
1.345300000000000000e+04 -1.214499999999999913e+00 3.672400000000000109e-01 5.283811000000000035e+01
1.412000000000000000e+04 -1.049830000000000041e+00 4.933700000000000863e-01 5.628881999999999408e+01
1.459000000000000000e+04 -8.801000000000001044e-01 5.974500000000002586e-01 5.904460999999999871e+01
1.495500000000000000e+04 -4.460969999999999658e-01 6.921100000000000030e-01 6.178672999999999860e+01
1.518600000000000000e+04 -2.287199999999999789e-01 7.351000000000000867e-01 6.316803999999999775e+01
1.370000000000000000e+02 1.558489999999999931e+00 -3.636220000000000008e-01 1.500000000000000000e+00
3.970000000000000000e+02 1.725256069999999919e+00 -4.053481199999999784e-01 2.860092623999999972e+00
1.218000000000000000e+03 1.819413600000000075e+00 -4.383586999999999900e-01 5.600387129999999658e+00
2.088000000000000000e+03 1.846437499999999954e+00 -4.607699999999999574e-01 8.320945870000000966e+00
3.242000000000000000e+03 1.781482199999999905e+00 -4.664490000000000025e-01 1.174241430000000008e+01
4.428000000000000000e+03 1.833014599999999827e+00 -4.619169999999999665e-01 1.584344899999999967e+01
5.729000000000000000e+03 1.772977999999999943e+00 -4.397300000000000653e-01 1.993438940000000059e+01
6.960000000000000000e+03 1.712575000000000180e+00 -4.270269999999999899e-01 2.403601169999999954e+01
8.118000000000000000e+03 1.641298999999999841e+00 -4.065150000000000152e-01 2.812886860000000055e+01
9.204000000000000000e+03 1.570279000000000202e+00 -3.629160000000000164e-01 3.223436799999999636e+01
1.023900000000000000e+04 1.506940000000000168e+00 -3.035700000000001175e-01 3.634318700000000035e+01
1.118100000000000000e+04 1.451049999999999951e+00 -2.133800000000000141e-01 4.044639699999999749e+01
1.205600000000000000e+04 1.397889999999999855e+00 -9.782000000000001805e-02 4.456447699999999656e+01
1.287800000000000000e+04 1.348339999999999872e+00 4.937999999999997947e-02 4.868889200000000272e+01
1.364000000000000000e+04 1.300810000000000022e+00 2.246099999999997543e-01 5.280892000000000053e+01
1.425500000000000000e+04 1.262156000000000056e+00 3.845600000000000129e-01 5.625822999999999752e+01
1.468800000000000000e+04 1.205963000000000118e+00 5.155799999999999272e-01 5.901462000000000074e+01
1.503200000000000000e+04 9.731980000000000075e-01 6.400399999999999423e-01 6.176545000000000130e+01
1.522200000000000000e+04 8.567799999999999860e-01 6.970000000000000639e-01 6.315132999999999441e+01
