1.000000000000000000e+00 -1.558489999999999931e+00 3.605740000000000056e-01 1.500000000000000000e+00
2.870000000000000000e+02 -1.724608549999999907e+00 3.956371700000000380e-01 2.859807870000000030e+00
1.010000000000000000e+03 -2.056542787999999788e+00 4.596425000000000094e-01 5.598798200000000058e+00
1.886000000000000000e+03 -2.364349400000000045e+00 5.109521000000000202e-01 8.316853500000000565e+00
3.042000000000000000e+03 -2.668334900000000065e+00 5.720120000000000759e-01 1.173427309999999935e+01
4.109000000000000000e+03 -2.743039899999999864e+00 4.813739999999999686e-01 1.583340049999999977e+01
5.423000000000000000e+03 -2.643165999999999904e+00 3.680599999999999983e-01 1.992482550000000074e+01
6.667000000000000000e+03 -2.529571999999999932e+00 2.660052700000000159e-01 2.402799820000000253e+01
7.843000000000000000e+03 -2.392542000000000169e+00 1.654139999999999777e-01 2.812368860000000126e+01
8.940000000000000000e+03 -2.238948300000000113e+00 9.234900000000001441e-02 3.223293199999999814e+01
9.994000000000000000e+03 -2.087381600000000059e+00 4.503299999999998970e-02 3.634533600000000320e+01
1.095700000000000000e+04 -1.930471000000000048e+00 3.876400000000002066e-02 4.045258499999999913e+01
1.184300000000000000e+04 -1.768939000000000039e+00 6.872999999999995779e-02 4.457414800000000099e+01
1.268800000000000000e+04 -1.603596000000000021e+00 1.460699999999999221e-01 4.870062500000000227e+01
1.345300000000000000e+04 -1.436169000000000029e+00 2.531399999999999206e-01 5.282198000000000349e+01
1.412000000000000000e+04 -1.295762999999999998e+00 3.563700000000000756e-01 5.627162999999999471e+01
1.459000000000000000e+04 -1.145510000000000028e+00 4.407500000000004192e-01 5.902672000000000452e+01
1.495500000000000000e+04 -7.309470000000000134e-01 5.154099999999997017e-01 6.176997999999999678e+01
1.518600000000000000e+04 -5.234299999999999509e-01 5.483000000000002316e-01 6.315185999999999922e+01
1.370000000000000000e+02 1.558489999999999931e+00 -3.636220000000000008e-01 1.500000000000000000e+00
3.970000000000000000e+02 1.725254049999999983e+00 -4.054447800000000046e-01 2.860245560000000076e+00
1.218000000000000000e+03 1.820056099999999955e+00 -4.389932999999999752e-01 5.601014099999999551e+00
2.088000000000000000e+03 1.846225100000000063e+00 -4.620150000000000090e-01 8.322389400000000492e+00
3.242000000000000000e+03 1.776113849999999994e+00 -4.687139999999999640e-01 1.174580260000000109e+01
4.428000000000000000e+03 1.812706999999999846e+00 -4.647620000000000084e-01 1.584862649999999995e+01
5.729000000000000000e+03 1.739369999999999861e+00 -4.455000000000000071e-01 1.994050400000000067e+01
6.960000000000000000e+03 1.662080000000000002e+00 -4.366970000000000018e-01 2.404279200000000216e+01
8.118000000000000000e+03 1.572069999999999856e+00 -4.218350000000000155e-01 2.813601700000000250e+01
9.204000000000000000e+03 1.480109200000000014e+00 -3.867259999999999587e-01 3.224157900000000154e+01
1.023900000000000000e+04 1.393481799999999993e+00 -3.384800000000001141e-01 3.635013500000000164e+01
1.118100000000000000e+04 1.312599000000000071e+00 -2.622700000000000031e-01 4.045268399999999787e+01
1.205600000000000000e+04 1.232777999999999929e+00 -1.637200000000000877e-01 4.456966399999999595e+01
1.287800000000000000e+04 1.155389999999999917e+00 -3.711999999999981981e-02 4.869246499999999855e+01
1.364000000000000000e+04 1.079226999999999936e+00 1.139099999999997337e-01 5.281039000000000527e+01
1.425500000000000000e+04 1.016266000000000114e+00 2.511600000000000499e-01 5.625755999999999801e+01
1.468800000000000000e+04 9.405630000000000379e-01 3.623799999999999244e-01 5.901183000000000334e+01
1.503200000000000000e+04 6.883179999999999854e-01 4.658400000000000318e-01 6.175907000000000124e+01
1.522200000000000000e+04 5.620699999999999585e-01 5.123000000000001997e-01 6.314311999999999614e+01
