1.000000000000000000e+00 -1.558489999999999931e+00 3.605740000000000056e-01 1.500000000000000000e+00
2.870000000000000000e+02 -1.724995067999999909e+00 3.957165500000000002e-01 2.859944376000000066e+00
1.010000000000000000e+03 -2.056597392999999663e+00 4.595586999999999867e-01 5.599736859999999261e+00
1.886000000000000000e+03 -2.360579400000000216e+00 5.095766000000000462e-01 8.319372859999999648e+00
3.042000000000000000e+03 -2.659571099999999966e+00 5.667060000000000430e-01 1.173948827999999978e+01
4.109000000000000000e+03 -2.725252999999999926e+00 4.695899999999999519e-01 1.584059352999999959e+01
5.423000000000000000e+03 -2.614250999999999880e+00 3.489900000000000224e-01 1.993304649999999967e+01
6.667000000000000000e+03 -2.487692999999999710e+00 2.372252700000000158e-01 2.403672510000000173e+01
7.843000000000000000e+03 -2.336323000000000150e+00 1.242740000000000233e-01 2.813229899999999972e+01
8.940000000000000000e+03 -2.167287000000000408e+00 3.417900000000001492e-02 3.224080800000000124e+01
9.994000000000000000e+03 -1.999404000000000181e+00 -3.400700000000000944e-02 3.635194400000000314e+01
1.095700000000000000e+04 -1.825590000000000046e+00 -6.686599999999998101e-02 4.045721899999999494e+01
1.184300000000000000e+04 -1.646679999999999922e+00 -6.847000000000003084e-02 4.457619100000000145e+01
1.268800000000000000e+04 -1.463720000000000132e+00 -2.802999999999999936e-02 4.869948000000000121e+01
1.345300000000000000e+04 -1.278579999999999828e+00 3.824000000000005173e-02 5.281712000000000273e+01
1.412000000000000000e+04 -1.123289999999999900e+00 1.054699999999999527e-01 5.626336999999999477e+01
1.459000000000000000e+04 -9.611000000000000654e-01 1.612500000000003375e-01 5.901550000000000296e+01
1.495500000000000000e+04 -5.346969999999999779e-01 2.098100000000000520e-01 6.175486000000000075e+01
1.518600000000000000e+04 -3.211899999999999755e-01 2.299000000000002153e-01 6.313476999999999606e+01
1.370000000000000000e+02 1.558489999999999931e+00 -3.636220000000000008e-01 1.500000000000000000e+00
3.970000000000000000e+02 1.725267329999999877e+00 -4.055036599999999880e-01 2.860096856999999826e+00
1.218000000000000000e+03 1.819520999999999944e+00 -4.392101999999999951e-01 5.600418640000000003e+00
2.088000000000000000e+03 1.846527699999999994e+00 -4.630159999999999831e-01 8.321024599999999438e+00
3.242000000000000000e+03 1.780942799999999826e+00 -4.722830000000000084e-01 1.174259529999999963e+01
4.428000000000000000e+03 1.830461299999999847e+00 -4.729579999999999895e-01 1.584372439999999926e+01
5.729000000000000000e+03 1.768445999999999962e+00 -4.601500000000000590e-01 1.993470320000000129e+01
6.960000000000000000e+03 1.704489000000000143e+00 -4.599069999999999547e-01 2.403626320000000050e+01
8.118000000000000000e+03 1.629058999999999813e+00 -4.560750000000000082e-01 2.812887050000000144e+01
9.204000000000000000e+03 1.552415000000000100e+00 -4.364359999999999906e-01 3.223375399999999757e+01
1.023900000000000000e+04 1.482385000000000064e+00 -4.077400000000001024e-01 3.634145600000000087e+01
1.118100000000000000e+04 1.418200000000000127e+00 -3.566400000000000681e-01 4.044289599999999751e+01
1.205600000000000000e+04 1.355699999999999905e+00 -2.883200000000001317e-01 4.455845499999999504e+01
1.287800000000000000e+04 1.295769999999999866e+00 -1.976199999999999068e-01 4.867938000000000187e+01
1.364000000000000000e+04 1.237139999999999906e+00 -8.699000000000012278e-02 5.279502100000000553e+01
1.425500000000000000e+04 1.188886000000000109e+00 1.395999999999997243e-02 5.623998999999999882e+01
1.468800000000000000e+04 1.124962999999999935e+00 9.557999999999999829e-02 5.899242999999999881e+01
1.503200000000000000e+04 8.845580000000000664e-01 1.691400000000000681e-01 6.173843999999999710e+01
1.522200000000000000e+04 7.643100000000000449e-01 2.007000000000003226e-01 6.312183999999999884e+01
