1.308000000000000007e+01 1.308000000000000007e+01 1.308000000000000007e+01 1.308000000000000007e+01 1.308000000000000007e+01 1.308000000000000007e+01 1.308000000000000007e+01 1.308000000000000007e+01 1.308000000000000007e+01 1.308000000000000007e+01 1.308000000000000007e+01 1.308000000000000007e+01 1.308000000000000007e+01
1.307099999999999973e+01 1.307300000000000040e+01 1.307300000000000040e+01 1.307399999999999984e+01 1.307300000000000040e+01 1.307300000000000040e+01 1.307199999999999918e+01 1.307199999999999918e+01 1.307300000000000040e+01 1.307399999999999984e+01 1.307300000000000040e+01 1.307300000000000040e+01 1.307199999999999918e+01
1.304599999999999937e+01 1.305199999999999960e+01 1.305300000000000082e+01 1.305499999999999972e+01 1.305300000000000082e+01 1.305100000000000016e+01 1.305000000000000071e+01 1.305100000000000016e+01 1.305300000000000082e+01 1.305499999999999972e+01 1.305300000000000082e+01 1.305100000000000016e+01 1.305000000000000071e+01
1.299699999999999989e+01 1.300699999999999967e+01 1.300999999999999979e+01 1.301699999999999946e+01 1.301500000000000057e+01 1.300999999999999979e+01 1.300600000000000023e+01 1.300600000000000023e+01 1.301099999999999923e+01 1.301699999999999946e+01 1.301500000000000057e+01 1.300999999999999979e+01 1.300600000000000023e+01
1.319800000000000040e+01 1.318399999999999928e+01 1.317800000000000082e+01 1.316900000000000048e+01 1.317300000000000004e+01 1.317999999999999972e+01 1.318599999999999994e+01 1.318599999999999994e+01 1.317800000000000082e+01 1.316900000000000048e+01 1.317300000000000004e+01 1.317999999999999972e+01 1.318599999999999994e+01
1.176099999999999923e+01 1.170299999999999940e+01 1.168999999999999950e+01 1.168900000000000006e+01 1.171899999999999942e+01 1.173600000000000065e+01 1.173000000000000043e+01 1.170899999999999963e+01 1.168900000000000006e+01 1.168900000000000006e+01 1.171899999999999942e+01 1.173600000000000065e+01 1.173000000000000043e+01
1.056700000000000017e+01 1.048700000000000010e+01 1.046899999999999942e+01 1.046000000000000085e+01 1.049699999999999989e+01 1.052200000000000024e+01 1.051999999999999957e+01 1.049600000000000044e+01 1.046700000000000053e+01 1.046000000000000085e+01 1.049699999999999989e+01 1.052200000000000024e+01 1.051999999999999957e+01
9.596000000000000085e+00 9.489000000000000767e+00 9.461999999999999744e+00 9.441000000000000725e+00 9.487999999999999545e+00 9.525000000000000355e+00 9.529999999999999361e+00 9.502000000000000668e+00 9.458999999999999631e+00 9.442000000000000171e+00 9.487999999999999545e+00 9.525000000000000355e+00 9.529999999999999361e+00
8.532000000000000028e+00 8.394000000000000128e+00 8.355999999999999872e+00 8.326000000000000512e+00 8.384999999999999787e+00 8.436999999999999389e+00 8.445000000000000284e+00 8.410999999999999588e+00 8.352999999999999758e+00 8.326000000000000512e+00 8.384999999999999787e+00 8.436999999999999389e+00 8.445000000000000284e+00
7.485000000000000320e+00 7.301000000000000156e+00 7.251000000000000334e+00 7.209999999999999964e+00 7.286999999999999922e+00 7.355000000000000426e+00 7.366999999999999993e+00 7.323000000000000398e+00 7.246999999999999886e+00 7.211000000000000298e+00 7.286999999999999922e+00 7.355000000000000426e+00 7.366999999999999993e+00
6.461999999999999744e+00 6.235999999999999766e+00 6.174000000000000377e+00 6.126000000000000334e+00 6.222000000000000419e+00 6.306000000000000050e+00 6.317999999999999616e+00 6.262999999999999901e+00 6.168999999999999595e+00 6.126999999999999780e+00 6.222000000000000419e+00 6.306000000000000050e+00 6.317999999999999616e+00
5.530000000000000249e+00 5.240999999999999659e+00 5.166000000000000369e+00 5.104000000000000092e+00 5.224000000000000199e+00 5.328000000000000291e+00 5.342999999999999972e+00 5.275999999999999801e+00 5.158999999999999808e+00 5.105000000000000426e+00 5.224000000000000199e+00 5.328000000000000291e+00 5.342999999999999972e+00
4.711999999999999744e+00 4.355999999999999872e+00 4.264000000000000234e+00 4.185999999999999943e+00 4.333000000000000185e+00 4.458999999999999631e+00 4.480000000000000426e+00 4.399000000000000021e+00 4.256999999999999673e+00 4.187999999999999723e+00 4.333000000000000185e+00 4.458999999999999631e+00 4.480000000000000426e+00
4.147000000000000242e+00 3.716000000000000192e+00 3.612000000000000099e+00 3.516999999999999904e+00 3.689000000000000057e+00 3.835999999999999854e+00 3.862999999999999989e+00 3.767999999999999794e+00 3.601999999999999869e+00 3.516999999999999904e+00 3.689000000000000057e+00 3.835999999999999854e+00 3.862999999999999989e+00
3.580000000000000071e+00 3.076999999999999957e+00 2.963000000000000078e+00 2.850000000000000089e+00 3.044999999999999929e+00 3.213999999999999968e+00 3.245000000000000107e+00 3.141000000000000014e+00 2.951999999999999957e+00 2.850000000000000089e+00 3.044999999999999929e+00 3.213999999999999968e+00 3.245000000000000107e+00
3.063000000000000167e+00 2.508999999999999897e+00 2.392999999999999794e+00 2.263999999999999790e+00 2.476999999999999869e+00 2.657000000000000028e+00 2.692000000000000171e+00 2.583000000000000185e+00 2.378000000000000114e+00 2.266000000000000014e+00 2.476999999999999869e+00 2.657000000000000028e+00 2.692000000000000171e+00
2.633999999999999897e+00 2.052999999999999936e+00 1.935000000000000053e+00 1.800000000000000044e+00 2.020000000000000018e+00 2.205999999999999961e+00 2.246999999999999886e+00 2.129999999999999893e+00 1.917999999999999927e+00 1.800000000000000044e+00 2.020000000000000018e+00 2.205999999999999961e+00 2.246999999999999886e+00
2.508000000000000007e+00 1.899999999999999911e+00 1.782999999999999918e+00 1.641000000000000014e+00 1.870999999999999996e+00 2.052999999999999936e+00 2.104999999999999982e+00 1.975999999999999979e+00 1.770000000000000018e+00 1.645000000000000018e+00 1.870999999999999996e+00 2.052999999999999936e+00 2.104999999999999982e+00
2.427000000000000046e+00 1.794000000000000039e+00 1.683000000000000052e+00 1.536000000000000032e+00 1.772999999999999909e+00 1.951999999999999957e+00 2.009999999999999787e+00 1.877999999999999892e+00 1.673000000000000043e+00 1.540999999999999925e+00 1.772999999999999909e+00 1.951999999999999957e+00 2.009999999999999787e+00
