NREL5MW-B1-6
TSR: 7.55
Pitch: 0.0
V_inf: 10.0
Radius	Axial Force	Tangential Force	Moment
2.177	63.851	-21.845	0.0
4.22	304.555	-161.742	0.0
6.944	339.04	-280.279	0.0
10.008	2144.427	575.754	-537.259
13.753	5652.546	2126.373	-2026.444
17.838	7253.096	2357.116	-3221.625
21.922	8562.3	2324.731	-4431.844
26.007	10405.19	2372.053	-6143.336
30.091	12389.502	2424.448	-7529.697
34.176	14542.772	2464.841	-8233.765
38.26	16947.573	2517.101	-8767.24
42.345	18363.248	2487.626	-8410.359
46.429	19483.641	2434.145	-7793.276
50.513	21028.135	2391.703	-7684.768
54.259	18558.554	1927.372	-6180.493
57.323	15056.137	1434.688	-4561.072
60.042	12900.727	1151.578	-3205.497
62.084	4053.497	338.329	-665.398
