# radius	chord	pitch	Cl	Cd	Cl_Cd	Cn	Ct	Pn	Pt	dT	dQ	F	a	ap	Re	v	v_theta	v_rel	alpha	phi
1.500000000000000000e+00	3.200000000000000178e+00	2.282890661608583116e-01	0.000000000000000000e+00	5.000000000000000000e-01	0.000000000000000000e+00	1.570793743646236185e-03	-4.999975326009268861e-01	0.000000000000000000e+00	-0.000000000000000000e+00	0.000000000000000000e+00	0.000000000000000000e+00	0.000000000000000000e+00	1.000000000000000000e+00	-1.000000000000000000e+00	0.000000000000000000e+00	0.000000000000000000e+00	0.000000000000000000e+00	0.000000000000000000e+00	-2.251474735058555943e-01	3.141592655002709098e-03
4.217411163000000407e+00	3.696861313999999954e+00	2.282890661608583116e-01	0.000000000000000000e+00	5.000000000000000000e-01	0.000000000000000000e+00	4.462419734659042181e-01	-2.255395777180919104e-01	1.119823969247628810e+02	-5.659813288765076322e+01	4.564533231942713201e+02	-6.595050847875188538e+02	7.800919137036183004e-01	6.989175106453369979e-02	-6.989175106453371367e-02	2.660710843219310045e+06	9.301082489354662641e+00	4.700952267386361960e+00	1.042156838935603425e+01	8.745331310533475122e-01	1.102822197214205824e+00
6.974784254000000239e+00	4.012219779999999680e+00	2.282890661608583116e-01	0.000000000000000000e+00	5.000000000000000000e-01	0.000000000000000000e+00	3.836321802529243929e-01	-3.206654803286249078e-01	1.476783819942460241e+02	-1.234394863984512369e+02	1.073972466869062828e+03	-4.167113621967711879e+03	8.616900321417905184e-01	4.936542134548378702e-02	-4.936542134548378702e-02	3.433086408899106085e+06	9.506345786545161047e+00	7.946040751322413165e+00	1.238992226912830219e+01	6.462755666550688005e-01	8.745646328159271121e-01
9.672214453000000489e+00	4.320947367999999678e+00	2.282890661608583116e-01	0.000000000000000000e+00	3.499999999999999778e-01	0.000000000000000000e+00	2.286271671303699016e-01	-2.650087139132256686e-01	1.360074534208641523e+02	-1.576503823498949828e+02	1.147834109215893250e+03	-9.466569272716287742e+03	9.082135479985279369e-01	3.050018422896560652e-02	-3.050018422896560652e-02	4.428925292152077891e+06	9.694998157710344344e+00	1.123776769581346713e+01	1.484184665272740489e+01	4.835409292141406024e-01	7.118299953749989140e-01
1.380827408999999939e+01	4.604963415000000282e+00	2.141902112911805989e-01	1.409097286506961089e+00	5.083914085391263299e-02	2.771678008005746108e+01	1.317461695570732783e+00	5.024285638654858444e-01	1.376520308916373551e+03	5.249512181383927327e+02	9.383857541467463307e+03	2.675328406263243596e+04	9.793821762797244590e-01	2.573304575594066446e-01	6.032360891279868464e-02	6.059361101453375071e+06	7.426695424405933110e+00	1.754624675722896399e+01	1.905325641963756311e+01	1.862091505734563834e-01	4.003993618646369823e-01
1.786440986999999936e+01	4.555946341000000288e+00	1.889570071653882410e-01	1.211814890925635213e+00	1.175132690246451922e-02	1.031215369109926030e+02	1.153337718903953091e+00	3.720826920275968064e-01	1.807508313878360923e+03	5.831271693162499332e+02	1.937227863219277060e+04	1.067650479846400704e+05	9.917369908600139894e-01	2.580804054406649062e-01	3.957560383886811473e-02	7.381466170561788604e+06	7.419195945593351382e+00	2.225620719327280383e+01	2.346024780578834523e+01	1.328121573415117218e-01	3.217691645068999629e-01
2.200046950999999851e+01	4.352480488000000314e+00	1.672007118746438592e-01	1.022450709785276191e+00	1.105837423757429806e-02	9.245940567928863629e+01	9.873013866395675686e-01	2.660144987040754527e-01	2.115665547286851506e+03	5.700363815982918823e+02	2.433972160180259380e+04	1.426032478964171896e+05	9.963443312636609539e-01	2.405577566906229592e-01	2.480444116118752512e-02	8.436425569999311119e+06	7.594422433093770408e+00	2.701962704828074280e+01	2.806662605160196478e+01	1.068004699468040331e-01	2.740011818214478923e-01
2.605660529000000025e+01	4.129180488000000260e+00	1.467635448624971251e-01	9.422545441169174474e-01	9.695965835078378808e-03	9.718006025846321450e+01	9.188661776660829172e-01	2.088602049308996844e-01	2.531555313787809609e+03	5.754278201583507553e+02	2.827463821825102423e+04	1.674605839225909731e+05	9.985094483178507119e-01	2.430521101301612585e-01	1.787030646761671171e-02	9.317318472444694489e+06	7.569478898698386971e+00	3.178459497315667903e+01	3.267349825784587125e+01	8.703079265536753373e-02	2.337943375178646588e-01
3.019266491999999857e+01	3.876236585000000012e+00	1.250248730687813503e-01	9.602969732297984562e-01	7.336129894943755649e-03	1.308996687601809299e+02	9.433400280531347715e-01	1.798157030652737243e-01	3.201800070389443590e+03	6.103143231605686196e+02	3.557024962340800266e+04	2.068974808015283197e+05	9.994308333861663396e-01	2.710792804048673954e-01	1.464578331588792075e-02	1.001981126212651655e+07	7.289207195951325602e+00	3.671320541563711970e+01	3.742982759025581174e+01	7.097083383892968667e-02	1.959957069077110370e-01
3.424880069999999677e+01	3.626199999999999868e+00	1.039914419986126687e-01	9.376613819690553520e-01	7.242734382965626896e-03	1.294623456265861705e+02	9.250969206239786358e-01	1.531568212307015397e-01	3.723476285995418493e+03	6.164497785878536433e+02	4.213479182328098977e+04	2.404917685934868641e+05	9.994529134967918838e-01	2.795843146800180978e-01	1.163205485483455662e-02	1.055353572745142505e+07	7.204156853199819466e+00	4.152162602298935212e+01	4.214196606185445404e+01	6.780204494224274792e-02	1.717934869408554166e-01
3.838486034000000302e+01	3.377800000000000136e+00	8.323087825188148214e-02	9.714767111974154101e-01	6.804721775096923830e-03	1.427650891991947901e+02	9.617994859090663873e-01	1.369490910610166590e-01	4.480529345578151151e+03	6.379754099880575495e+02	5.089838486862630089e+04	2.826381337303673499e+05	9.990093590841818694e-01	3.052536746607459328e-01	9.942215453824282748e-03	1.095798717734951340e+07	6.947463253392540672e+00	4.645825495747182998e+01	4.697485177571820003e+01	6.521117838679997558e-02	1.484420566386814577e-01
4.244099612000000121e+01	3.134199999999999875e+00	6.390846580879362693e-02	9.864110184358473310e-01	6.976475027412927174e-03	1.413910340909851016e+02	9.787531594918040811e-01	1.228723780198981569e-01	5.132274749628498284e+03	6.443042324029521524e+02	5.848625795504730195e+04	3.152875419826711295e+05	9.974453545495323148e-01	3.192427219600302291e-01	8.395245826458383465e-03	1.119884265903633647e+07	6.807572780399697265e+00	5.128882623847319167e+01	5.173863879230622587e+01	6.805035663969881410e-02	1.319588224484924410e-01
4.657705576000000036e+01	2.885800000000000143e+00	4.743924100691194329e-02	9.371474245153811333e-01	5.379548859546319159e-03	1.742055791262791615e+02	9.307095909323145344e-01	1.097902189101932907e-01	5.382403790255239073e+03	6.349298386441065531e+02	6.523400630458087835e+04	3.532451106749022147e+05	9.914018715763311951e-01	3.043595826784033509e-01	6.763042346476508433e-03	1.128510455586740188e+07	6.956404173215966935e+00	5.619603819390745514e+01	5.662496152503983637e+01	7.572237991041699812e-02	1.231616209173289345e-01
5.063319153999999855e+01	2.642199999999999882e+00	3.362146931887283197e-02	9.542864869910689940e-01	5.358267321685605128e-03	1.780960951927402789e+02	9.489150220595488072e-01	1.012506355149049575e-01	5.911247291175585815e+03	6.307388238182288660e+02	6.871287335734085354e+04	3.742879308753010118e+05	9.760492472748549808e-01	3.140678242231382811e-01	5.856269136892577019e-03	1.120727881942187808e+07	6.859321757768617189e+00	6.103481494979864408e+01	6.141904371555097697e+01	7.829270056310852488e-02	1.119141698819813568e-01
5.476925116999999688e+01	2.393921053000000132e+00	1.962990181053729175e-02	9.744316472486137526e-01	5.383019818794366682e-03	1.810195169348005209e+02	9.700096907788670064e-01	9.288278558001590579e-02	6.382698705297400920e+03	6.111720747758322432e+02	7.627274059411803319e+04	4.060590263336663484e+05	9.318214826373977244e-01	3.314267078265480393e-01	5.211984669313778247e-03	1.096378415670266189e+07	6.685732921734519607e+00	6.597826077606842432e+01	6.631613619426009620e+01	8.135774496417863544e-02	1.009876467747159307e-01
5.746668137000000343e+01	2.200747252999999848e+00	1.080723216024343132e-02	9.830578142510523199e-01	5.435383733949744958e-03	1.808626331404739744e+02	9.792699487600815544e-01	8.638620845840398743e-02	6.508558496267927694e+03	5.741518891029170391e+02	5.215989973720483249e+04	2.691413725872582290e+05	8.633865685038575322e-01	3.508881845334836935e-01	4.943843736287595846e-03	1.056495632996024378e+07	6.491118154665162621e+00	6.920927727835859855e+01	6.951301084178808765e+01	8.270891444642630708e-02	9.351614660666973666e-02
6.022405445999999785e+01	1.748835165000000025e+00	4.604984106024006749e-03	9.853141405698965238e-01	5.453504007899161003e-03	1.806754224701608962e+02	9.820073702885337985e-01	8.084071382636584535e-02	5.686360919059825392e+03	4.681120424137752707e+02	5.043891394581482018e+04	2.536744826304694579e+05	6.999882147318748915e-01	3.626955558900959442e-01	4.610702851052432896e-03	8.790745462074961513e+06	6.373044441099040114e+00	7.250604112396587198e+01	7.278558713727913698e+01	8.306643800641609621e-02	8.767142211244009775e-02
6.294146563000000327e+01	6.999999999999999556e-01	0.000000000000000000e+00	7.790555134480183774e-01	5.297641797233061320e-03	1.470570384458451372e+02	7.782917802311892785e-01	3.489216053690994551e-02	1.966433888826039265e+03	8.815861695694249534e+01	3.119368513900064136e+04	1.396342376561168348e+05	1.473950214488115862e-01	6.080319368395084023e-01	6.138362658025721223e-03	3.673744108691211324e+06	3.919680631604915977e+00	7.589286745247584065e+01	7.599402099121249421e+01	5.160170014800839061e-02	5.160170014800839061e-02
