NREL5MW-B1-13
TSR: 7.55
Pitch: 0.0
V_inf: 10.0
Radius	Axial Force	Tangential Force	Moment
2.179	64.066	-21.949	0.0
4.227	305.639	-162.632	0.0
6.96	340.363	-282.011	0.0
10.032	2155.355	578.264	-540.275
13.788	5675.956	2133.476	-2042.568
17.884	7275.713	2361.252	-3246.624
21.98	8588.064	2327.925	-4462.553
26.077	10439.992	2375.653	-6187.696
30.173	12432.461	2428.287	-7585.563
34.269	14589.154	2468.402	-8297.241
38.365	16998.248	2520.576	-8837.087
42.461	18414.509	2490.399	-8472.678
46.557	19533.104	2435.843	-7845.713
50.653	21076.725	2392.038	-7736.227
54.41	18598.858	1925.477	-6221.708
57.482	15078.372	1429.146	-4590.706
60.209	12865.613	1133.941	-3223.371
62.257	3792.928	286.858	-663.214
