NREL5MW-B2-2
TSR: 7.55
Pitch: 0.0
V_inf: 10.0
Radius	Axial Force	Tangential Force	Moment
2.177	63.699	-21.821	0.0
4.22	303.531	-161.491	0.0
6.944	337.156	-279.677	0.0
10.008	2123.848	569.12	-533.115
13.753	5567.17	2084.395	-2021.127
17.838	7079.763	2275.963	-3207.819
21.922	8282.342	2215.449	-4395.245
26.007	10001.054	2235.152	-6093.032
30.091	11837.035	2259.342	-7467.756
34.176	13822.033	2271.455	-8174.761
38.26	16039.055	2295.351	-8715.283
42.345	17278.575	2241.254	-8311.391
46.429	18218.935	2166.076	-7647.075
50.513	19558.759	2103.903	-7532.749
54.259	17193.305	1677.984	-6052.177
57.323	13914.469	1238.462	-4463.962
60.042	11903.682	988.488	-3137.974
62.084	3732.424	288.788	-652.334
