1.000000000000000000e+00 0.000000000000000000e+00 0.000000000000000000e+00 0.000000000000000000e+00 0.000000000000000000e+00
2.870000000000000000e+02 4.143899999999999949e-04 3.612600000000000208e-04 -1.924999999999999899e-04 5.824800000000000203e-04
1.010000000000000000e+03 -2.178100000000000034e-05 2.911500000000000025e-03 -1.199799999999999998e-03 3.149100000000000163e-03
1.886000000000000000e+03 -4.106499999999999907e-03 9.009400000000000741e-03 -3.145699999999999972e-03 1.038900000000000066e-02
3.042000000000000000e+03 -5.808699999999999974e-03 4.420000000000000318e-02 -5.819999999999999653e-03 4.495799999999999796e-02
4.109000000000000000e+03 -9.334000000000000283e-03 9.109799999999999842e-02 -6.834400000000000024e-03 9.182899999999999396e-02
5.423000000000000000e+03 -1.317300000000000068e-02 1.571799999999999864e-01 -5.604999999999999739e-03 1.578299999999999981e-01
6.667000000000000000e+03 -1.608000000000000054e-02 2.452400000000000135e-01 -2.693200000000000194e-03 2.457799999999999985e-01
7.843000000000000000e+03 -1.695400000000000032e-02 3.567699999999999760e-01 2.635399999999999982e-03 3.571900000000000075e-01
8.940000000000000000e+03 -1.369800000000000011e-02 5.132700000000000040e-01 1.137200000000000016e-02 5.135800000000000365e-01
9.994000000000000000e+03 -7.250200000000000047e-03 7.068400000000000238e-01 2.315899999999999903e-02 7.072500000000000453e-01
1.095700000000000000e+04 2.618200000000000215e-03 9.554000000000000270e-01 3.963499999999999662e-02 9.562300000000000244e-01
1.184300000000000000e+04 1.526500000000000079e-02 1.252499999999999947e+00 6.031700000000000256e-02 1.254000000000000004e+00
1.268800000000000000e+04 3.018699999999999856e-02 1.605599999999999916e+00 8.582599999999999951e-02 1.608200000000000074e+00
1.345300000000000000e+04 4.648499999999999854e-02 2.005399999999999849e+00 1.161599999999999994e-01 2.009300000000000086e+00
1.412000000000000000e+04 6.057099999999999984e-02 2.367900000000000116e+00 1.449699999999999878e-01 2.373099999999999987e+00
1.459000000000000000e+04 7.180200000000000471e-02 2.668699999999999850e+00 1.694700000000000095e-01 2.674999999999999822e+00
1.495500000000000000e+04 8.322000000000000230e-02 2.963499999999999801e+00 1.925800000000000012e-01 2.970899999999999874e+00
1.518600000000000000e+04 8.918800000000000339e-02 3.110799999999999788e+00 2.043699999999999961e-01 3.118700000000000028e+00
1.370000000000000000e+02 0.000000000000000000e+00 0.000000000000000000e+00 0.000000000000000000e+00 0.000000000000000000e+00
3.970000000000000000e+02 2.125800000000000009e-04 8.392700000000000334e-04 2.528100000000000139e-04 9.019300000000000060e-04
1.218000000000000000e+03 2.182599999999999818e-03 4.335300000000000264e-03 1.049900000000000095e-03 4.965899999999999655e-03
2.088000000000000000e+03 2.933900000000000136e-03 1.239600000000000077e-02 2.475499999999999836e-03 1.297700000000000069e-02
3.242000000000000000e+03 3.548599999999999736e-04 3.523099999999999843e-02 6.009900000000000311e-03 3.574200000000000293e-02
4.428000000000000000e+03 -1.227899999999999998e-02 7.199999999999999456e-02 8.945299999999999779e-03 7.358499999999999763e-02
5.729000000000000000e+03 -1.832299999999999901e-02 1.316199999999999870e-01 1.089099999999999964e-02 1.333300000000000041e-01
6.960000000000000000e+03 -2.068400000000000100e-02 2.103099999999999969e-01 1.321199999999999979e-02 2.117400000000000115e-01
8.118000000000000000e+03 -2.203400000000000150e-02 3.156999999999999806e-01 1.641099999999999851e-02 3.169000000000000150e-01
9.204000000000000000e+03 -1.791299999999999837e-02 4.647999999999999909e-01 2.183999999999999830e-02 4.656600000000000183e-01
1.023900000000000000e+04 -1.268500000000000009e-02 6.547399999999999887e-01 3.012700000000000100e-02 6.555499999999999661e-01
1.118100000000000000e+04 -1.287900000000000026e-03 8.970900000000000540e-01 4.223500000000000171e-02 8.980900000000000549e-01
1.205600000000000000e+04 1.173599999999999990e-02 1.189699999999999980e+00 5.859400000000000025e-02 1.191200000000000037e+00
1.287800000000000000e+04 2.764899999999999997e-02 1.540000000000000036e+00 8.056399999999999673e-02 1.542300000000000004e+00
1.364000000000000000e+04 4.490899999999999753e-02 1.939100000000000046e+00 1.074900000000000022e-01 1.942600000000000104e+00
1.425500000000000000e+04 5.991900000000000004e-02 2.302999999999999936e+00 1.337500000000000078e-01 2.307700000000000085e+00
1.468800000000000000e+04 7.192300000000000082e-02 2.608900000000000219e+00 1.572199999999999986e-01 2.614599999999999813e+00
1.503200000000000000e+04 8.351200000000000290e-02 2.921400000000000219e+00 1.834699999999999942e-01 2.928300000000000125e+00
1.522200000000000000e+04 8.918800000000000339e-02 3.077399999999999913e+00 1.970000000000000084e-01 3.084999999999999964e+00
