1.000000000000000000e+00 -1.558489999999999931e+00 3.605740000000000056e-01 1.500000000000000000e+00
2.870000000000000000e+02 -1.724911969999999961e+00 3.957536700000000018e-01 2.859934233999999798e+00
1.010000000000000000e+03 -2.056362509999999588e+00 4.598637999999999892e-01 5.599656940000000027e+00
1.886000000000000000e+03 -2.360448525500000283e+00 5.105998000000000481e-01 8.319163689999999889e+00
3.042000000000000000e+03 -2.658516700000000288e+00 5.734790000000000720e-01 1.173924270000000014e+01
4.109000000000000000e+03 -2.722866000000000231e+00 4.830229999999999801e-01 1.584045715000000065e+01
5.423000000000000000e+03 -2.610163000000000011e+00 3.719999999999999973e-01 1.993324390000000079e+01
6.667000000000000000e+03 -2.481300999999999757e+00 2.732852700000000246e-01 2.403747240000000218e+01
7.843000000000000000e+03 -2.326921000000000017e+00 1.772439999999999849e-01 2.813394300000000214e+01
8.940000000000000000e+03 -2.153787000000000340e+00 1.110489999999999533e-01 3.224386299999999750e+01
9.994000000000000000e+03 -1.980860000000000065e+00 7.282300000000008211e-02 3.635688100000000134e+01
1.095700000000000000e+04 -1.801020000000000065e+00 7.906400000000002315e-02 4.046477900000000005e+01
1.184300000000000000e+04 -1.615180000000000060e+00 1.249299999999999855e-01 4.458705499999999944e+01
1.268800000000000000e+04 -1.424510000000000165e+00 2.224699999999999456e-01 4.871443000000000012e+01
1.345300000000000000e+04 -1.231149999999999967e+00 3.541399999999998993e-01 5.283693000000000239e+01
1.412000000000000000e+04 -1.068829999999999947e+00 4.809700000000001197e-01 5.628777999999999793e+01
1.459000000000000000e+04 -9.010500000000001286e-01 5.858500000000002039e-01 5.904373999999999967e+01
1.495500000000000000e+04 -4.689469999999999472e-01 6.796099999999998253e-01 6.178605999999999909e+01
1.518600000000000000e+04 -2.524899999999999922e-01 7.216000000000000192e-01 6.316742999999999597e+01
1.370000000000000000e+02 1.558489999999999931e+00 -3.636220000000000008e-01 1.500000000000000000e+00
3.970000000000000000e+02 1.725253090000000045e+00 -4.053643499999999844e-01 2.860096342999999930e+00
1.218000000000000000e+03 1.819409400000000065e+00 -4.384424000000000099e-01 5.600403199999999693e+00
2.088000000000000000e+03 1.846369900000000008e+00 -4.609949999999999881e-01 8.320984640000000709e+00
3.242000000000000000e+03 1.781150699999999976e+00 -4.671069999999999944e-01 1.174251390000000050e+01
4.428000000000000000e+03 1.832003899999999907e+00 -4.635779999999999901e-01 1.584361999999999959e+01
5.729000000000000000e+03 1.771186999999999845e+00 -4.427500000000000324e-01 1.993460490000000007e+01
6.960000000000000000e+03 1.709775000000000045e+00 -4.320370000000000044e-01 2.403623789999999971e+01
8.118000000000000000e+03 1.637218999999999980e+00 -4.141949999999999799e-01 2.812908950000000274e+01
9.204000000000000000e+03 1.564622000000000179e+00 -3.736260000000000137e-01 3.223453500000000105e+01
1.023900000000000000e+04 1.499350000000000183e+00 -3.177900000000001279e-01 3.634326000000000079e+01
1.118100000000000000e+04 1.441410000000000080e+00 -2.310400000000000231e-01 4.044634299999999882e+01
1.205600000000000000e+04 1.385969999999999924e+00 -1.187200000000001587e-01 4.456427799999999451e+01
1.287800000000000000e+04 1.333969999999999878e+00 2.598000000000011411e-02 4.868855700000000297e+01
1.364000000000000000e+04 1.283879999999999910e+00 2.001100000000000101e-01 5.280851000000000539e+01
1.425500000000000000e+04 1.243025999999999964e+00 3.603600000000000136e-01 5.625780999999999921e+01
1.468800000000000000e+04 1.185022999999999938e+00 4.925799999999997958e-01 5.901425000000000409e+01
1.503200000000000000e+04 9.503880000000000106e-01 6.193400000000002237e-01 6.176507999999999754e+01
1.522200000000000000e+04 8.330100000000000282e-01 6.772000000000000242e-01 6.315093999999999852e+01
