1.000000000000000000e+00 -1.558489999999999931e+00 3.605740000000000056e-01 1.500000000000000000e+00
2.870000000000000000e+02 -1.725321729999999887e+00 3.958433100000000038e-01 2.860080594999999892e+00
1.010000000000000000e+03 -2.056398259999999922e+00 4.598050000000000193e-01 5.600664169999999942e+00
1.886000000000000000e+03 -2.356387300000000184e+00 5.091821000000000819e-01 8.321870399999999890e+00
3.042000000000000000e+03 -2.649232000000000031e+00 5.671140000000000070e-01 1.174486770000000035e+01
4.109000000000000000e+03 -2.703872000000000053e+00 4.691940000000000000e-01 1.584825979999999923e+01
5.423000000000000000e+03 -2.579060999999999826e+00 3.496599999999999708e-01 1.994219400000000064e+01
6.667000000000000000e+03 -2.436019999999999630e+00 2.394252699999999956e-01 2.404699899999999957e+01
7.843000000000000000e+03 -2.265870000000000051e+00 1.284439999999999749e-01 2.814334099999999950e+01
8.940000000000000000e+03 -2.075660000000000061e+00 4.112899999999997114e-02 3.225239299999999787e+01
9.994000000000000000e+03 -1.884610000000000118e+00 -2.370699999999992258e-02 3.636386300000000205e+01
1.095700000000000000e+04 -1.685899999999999954e+00 -5.283599999999999408e-02 4.046924399999999622e+01
1.184300000000000000e+04 -1.480550000000000033e+00 -5.037000000000002586e-02 4.458809300000000064e+01
1.268800000000000000e+04 -1.270040000000000058e+00 -5.830000000000001847e-03 4.871105999999999625e+01
1.345300000000000000e+04 -1.056639999999999802e+00 6.454000000000004178e-02 5.282820000000000249e+01
1.412000000000000000e+04 -8.774100000000000232e-01 1.351700000000000124e-01 5.627391999999999683e+01
1.459000000000000000e+04 -6.960200000000000831e-01 1.934500000000003439e-01 5.902532000000000068e+01
1.495500000000000000e+04 -2.504669999999999952e-01 2.443100000000000271e-01 6.176205999999999818e+01
1.518600000000000000e+04 -2.729999999999999094e-02 2.655000000000002913e-01 6.314065000000000083e+01
1.370000000000000000e+02 1.558489999999999931e+00 -3.636220000000000008e-01 1.500000000000000000e+00
3.970000000000000000e+02 1.725265660000000034e+00 -4.054357299999999942e-01 2.859935512999999929e+00
1.218000000000000000e+03 1.818829880000000010e+00 -4.387252999999999847e-01 5.599758099999999850e+00
2.088000000000000000e+03 1.846690200000000059e+00 -4.621919999999999917e-01 8.319502090000000294e+00
3.242000000000000000e+03 1.786357999999999890e+00 -4.711909999999999710e-01 1.173900912999999946e+01
4.428000000000000000e+03 1.851241999999999832e+00 -4.725239999999999996e-01 1.583823429999999988e+01
5.729000000000000000e+03 1.802805999999999909e+00 -4.588900000000000201e-01 1.992819099999999821e+01
6.960000000000000000e+03 1.755948000000000064e+00 -4.577069999999999750e-01 2.402898019999999946e+01
8.118000000000000000e+03 1.699500000000000011e+00 -4.522349999999999981e-01 2.812107620000000097e+01
9.204000000000000000e+03 1.643870000000000164e+00 -4.299459999999999393e-01 3.222566409999999593e+01
1.023900000000000000e+04 1.597160000000000135e+00 -3.979400000000000714e-01 3.633326100000000025e+01
1.118100000000000000e+04 1.557830000000000048e+00 -3.432399999999999896e-01 4.043481499999999329e+01
1.205600000000000000e+04 1.521799999999999820e+00 -2.711200000000000276e-01 4.455070800000000020e+01
1.287800000000000000e+04 1.489430000000000032e+00 -1.764200000000000212e-01 4.867217800000000238e+01
1.364000000000000000e+04 1.459060000000000024e+00 -6.179000000000001158e-02 5.278855400000000486e+01
1.425500000000000000e+04 1.434765999999999986e+00 4.255999999999993122e-02 5.623425999999999902e+01
1.468800000000000000e+04 1.390032999999999852e+00 1.266799999999999038e-01 5.898750000000000426e+01
1.503200000000000000e+04 1.168788000000000160e+00 2.028400000000001313e-01 6.173557999999999879e+01
1.522200000000000000e+04 1.058200000000000029e+00 2.356000000000002537e-01 6.312001999999999668e+01
