1.000000000000000000e+00 2.849700000000000000e+05 -2.277500000000000000e+02 -5.791400000000000000e+05 8.641200000000000000e+05
2.870000000000000000e+02 3.031500000000000000e+05 -3.751100000000000136e+02 -7.042500000000000000e+05 1.007400000000000000e+06
1.010000000000000000e+03 3.890700000000000000e+05 -1.017100000000000023e+03 -7.567300000000000000e+05 1.145800000000000000e+06
1.886000000000000000e+03 2.226900000000000000e+06 4.703000000000000000e+05 4.343800000000000000e+04 2.183400000000000000e+06
3.042000000000000000e+03 -7.970300000000000296e+01 -1.862400000000000000e+06 -5.344000000000000000e+06 5.344000000000000000e+06
4.109000000000000000e+03 1.478800000000000000e+05 2.531900000000000261e-01 -1.418700000000000000e+06 1.566600000000000000e+06
5.423000000000000000e+03 3.472700000000000000e+05 1.164500000000000028e+02 -2.171400000000000000e+05 5.644100000000000000e+05
6.667000000000000000e+03 5.783000000000000000e+05 3.451100000000000000e+05 -1.963400000000000034e+01 5.783200000000000000e+05
7.843000000000000000e+03 1.808600000000000000e+07 4.371600000000000000e+06 1.276200000000000000e+05 1.795900000000000000e+07
8.940000000000000000e+03 1.500000000000000000e+06 1.314600000000000080e+01 -6.031900000000000000e+05 2.103100000000000000e+06
9.994000000000000000e+03 2.702900000000000000e+06 3.396200000000000000e+05 1.208099999999999909e+03 2.701600000000000000e+06
1.095700000000000000e+04 1.489300000000000000e+06 1.458700000000000045e+02 -2.724000000000000000e+04 1.516600000000000000e+06
1.184300000000000000e+04 1.449900000000000000e+06 1.429000000000000000e+03 -1.781600000000000000e+05 1.628000000000000000e+06
1.268800000000000000e+04 1.722400000000000000e+06 1.635700000000000000e+05 6.186899999999999977e+01 1.722400000000000000e+06
1.345300000000000000e+04 6.138800000000000000e+06 3.992000000000000000e+05 -9.343299999999999272e+03 6.148100000000000000e+06
1.412000000000000000e+04 6.347000000000000000e+05 2.821100000000000136e+02 -1.648500000000000000e+05 7.995500000000000000e+05
1.459000000000000000e+04 2.429900000000000000e+06 4.821999999999999886e+02 -4.379800000000000000e+05 2.867800000000000000e+06
1.495500000000000000e+04 5.687400000000000000e+05 9.769299999999999500e+02 -3.889000000000000000e+05 9.576400000000000000e+05
1.518600000000000000e+04 4.284400000000000000e+04 -4.992300000000000182e+02 -2.678700000000000000e+05 3.107100000000000000e+05
1.370000000000000000e+02 9.653600000000000000e+05 4.471100000000000136e+02 -4.747100000000000000e+05 1.440100000000000000e+06
3.970000000000000000e+02 5.900500000000000000e+05 9.676300000000000523e+01 -4.257400000000000000e+05 1.015800000000000000e+06
1.218000000000000000e+03 6.301800000000000000e+05 2.896599999999999909e+03 -3.444200000000000000e+04 6.646200000000000000e+05
2.088000000000000000e+03 6.929700000000000000e+05 -4.909499999999999886e+02 -1.475600000000000000e+05 8.405300000000000000e+05
3.242000000000000000e+03 7.508500000000000000e+06 7.622000000000000000e+05 1.459599999999999909e+03 7.507000000000000000e+06
4.428000000000000000e+03 5.605600000000000000e+06 1.426000000000000000e+06 3.559800000000000182e+03 5.602000000000000000e+06
5.729000000000000000e+03 4.273400000000000000e+04 -6.274400000000000000e+04 -3.253000000000000000e+06 3.295700000000000000e+06
6.960000000000000000e+03 8.343900000000000000e+05 -4.141000000000000000e+05 -5.195600000000000000e+05 1.353900000000000000e+06
8.118000000000000000e+03 6.369100000000000000e+06 7.778600000000000000e+05 1.129400000000000091e+03 6.368000000000000000e+06
9.204000000000000000e+03 -4.823400000000000257e-03 -2.133300000000000000e+04 -6.703400000000000000e+05 6.703400000000000000e+05
1.023900000000000000e+04 1.057200000000000000e+05 -7.087100000000000364e+02 -3.637900000000000000e+06 3.743600000000000000e+06
1.118100000000000000e+04 -1.188700000000000045e+03 -1.183300000000000000e+06 -4.856300000000000000e+06 4.855100000000000000e+06
1.205600000000000000e+04 7.528700000000000000e+05 2.187699999999999818e+03 -2.466700000000000000e+06 3.219600000000000000e+06
1.287800000000000000e+04 -1.119599999999999909e+03 -1.233800000000000000e+06 -3.432800000000000000e+06 3.431700000000000000e+06
1.364000000000000000e+04 2.472400000000000000e+06 1.967300000000000000e+05 -2.939500000000000000e+03 2.475400000000000000e+06
1.425500000000000000e+04 2.365800000000000000e+06 1.041800000000000000e+06 1.455000000000000071e+00 2.365800000000000000e+06
1.468800000000000000e+04 -1.593700000000000000e+04 -6.580500000000000000e+04 -2.021600000000000000e+06 2.005600000000000000e+06
1.503200000000000000e+04 1.569900000000000000e+06 8.066500000000000000e+05 1.788899999999999864e+02 1.569700000000000000e+06
1.522200000000000000e+04 3.792399999999999949e+01 -6.531700000000000000e+04 -1.492400000000000000e+05 1.492800000000000000e+05
