1.000000000000000000e+00 -1.558489999999999931e+00 3.605740000000000056e-01 1.500000000000000000e+00
2.870000000000000000e+02 -1.724912510000000010e+00 3.957799300000000020e-01 2.859936856000000027e+00
1.010000000000000000e+03 -2.056322839999999985e+00 4.600172000000000150e-01 5.599675809999999920e+00
1.886000000000000000e+03 -2.360287090000000365e+00 5.109458000000000055e-01 8.319214990000000753e+00
3.042000000000000000e+03 -2.658177300000000187e+00 5.741490000000000204e-01 1.173937523000000027e+01
4.109000000000000000e+03 -2.721997000000000000e+00 4.847199999999999842e-01 1.584071480999999970e+01
5.423000000000000000e+03 -2.608487999999999918e+00 3.754199999999999759e-01 1.993364250000000126e+01
6.667000000000000000e+03 -2.478577999999999726e+00 2.789152699999999929e-01 2.403803420000000202e+01
7.843000000000000000e+03 -2.322864000000000040e+00 1.855340000000000045e-01 2.813470600000000132e+01
8.940000000000000000e+03 -2.148028000000000048e+00 1.229890000000000150e-01 3.224488600000000105e+01
9.994000000000000000e+03 -1.973090000000000233e+00 8.898300000000003429e-02 3.635819800000000157e+01
1.095700000000000000e+04 -1.790920000000000067e+00 9.996399999999994179e-02 4.046641999999999939e+01
1.184300000000000000e+04 -1.602489999999999970e+00 1.507299999999998086e-01 4.458901999999999788e+01
1.268800000000000000e+04 -1.408990000000000187e+00 2.532699999999998841e-01 4.871669999999999590e+01
1.345300000000000000e+04 -1.212619999999999809e+00 3.896400000000002084e-01 5.283948000000000178e+01
1.412000000000000000e+04 -1.047660000000000036e+00 5.201700000000002433e-01 5.629054000000000002e+01
1.459000000000000000e+04 -8.776900000000000812e-01 6.279500000000002302e-01 5.904663000000000039e+01
1.495500000000000000e+04 -4.434469999999999801e-01 7.262100000000000222e-01 6.178900999999999755e+01
1.518600000000000000e+04 -2.259499999999999842e-01 7.709000000000001407e-01 6.317044999999999533e+01
1.370000000000000000e+02 1.558489999999999931e+00 -3.636220000000000008e-01 1.500000000000000000e+00
3.970000000000000000e+02 1.725257099999999877e+00 -4.053398300000000121e-01 2.860093862999999903e+00
1.218000000000000000e+03 1.819423200000000129e+00 -4.383144999999999958e-01 5.600391899999999978e+00
2.088000000000000000e+03 1.846453899999999981e+00 -4.606489999999999752e-01 8.320956980000000058e+00
3.242000000000000000e+03 1.781504999999999894e+00 -4.661229999999999540e-01 1.174244220000000105e+01
4.428000000000000000e+03 1.833025699999999869e+00 -4.612809999999999966e-01 1.584349139999999956e+01
5.729000000000000000e+03 1.773010999999999893e+00 -4.385400000000000409e-01 1.993444350000000043e+01
6.960000000000000000e+03 1.712689000000000128e+00 -4.250869999999999926e-01 2.403608250000000268e+01
8.118000000000000000e+03 1.641506999999999827e+00 -4.035549999999999971e-01 2.812896759999999929e+01
9.204000000000000000e+03 1.570648000000000044e+00 -3.584659999999999513e-01 3.223451800000000134e+01
1.023900000000000000e+04 1.507500000000000062e+00 -2.971400000000000707e-01 3.634342300000000137e+01
1.118100000000000000e+04 1.451880000000000059e+00 -2.043400000000000771e-01 4.044676199999999966e+01
1.205600000000000000e+04 1.399019999999999930e+00 -8.552000000000004043e-02 4.456502599999999603e+01
1.287800000000000000e+04 1.349820000000000020e+00 6.568000000000018268e-02 4.868969500000000039e+01
1.364000000000000000e+04 1.302649999999999864e+00 2.457099999999998730e-01 5.281005000000000393e+01
1.425500000000000000e+04 1.264315999999999995e+00 4.099600000000003241e-01 5.625967999999999591e+01
1.468800000000000000e+04 1.208372999999999919e+00 5.447799999999998199e-01 5.901635999999999882e+01
1.503200000000000000e+04 9.758580000000001142e-01 6.731400000000000716e-01 6.176753000000000071e+01
1.522200000000000000e+04 8.595500000000000362e-01 7.320999999999999730e-01 6.315357999999999805e+01
