1.000000000000000000e+00 0.000000000000000000e+00 0.000000000000000000e+00 0.000000000000000000e+00 0.000000000000000000e+00
2.870000000000000000e+02 1.374900000000000135e-04 5.229300000000000094e-04 -6.314400000000000394e-05 5.443699999999999668e-04
1.010000000000000000e+03 3.171599999999999788e-04 3.419199999999999844e-03 -3.241900000000000250e-04 3.449100000000000082e-03
1.886000000000000000e+03 1.629099999999999971e-04 9.403800000000000353e-03 -7.850100000000000480e-04 9.437900000000000802e-03
3.042000000000000000e+03 5.082699999999999892e-03 4.871600000000000236e-02 -6.247699999999999695e-04 4.898399999999999976e-02
4.109000000000000000e+03 1.336299999999999988e-02 9.913199999999999790e-02 7.148099999999999680e-04 1.000299999999999939e-01
5.423000000000000000e+03 2.437200000000000130e-02 1.726100000000000134e-01 3.642499999999999905e-03 1.743599999999999872e-01
6.667000000000000000e+03 3.936200000000000115e-02 2.707499999999999907e-01 8.034200000000000022e-03 2.737200000000000188e-01
7.843000000000000000e+03 5.914599999999999719e-02 3.952100000000000057e-01 1.470600000000000032e-02 3.998900000000000232e-01
8.940000000000000000e+03 8.614199999999999635e-02 5.699600000000000222e-01 2.488599999999999840e-02 5.769699999999999829e-01
9.994000000000000000e+03 1.189199999999999979e-01 7.861299999999999955e-01 3.819800000000000278e-02 7.959899999999999753e-01
1.095700000000000000e+04 1.574599999999999889e-01 1.063199999999999923e+00 5.641999999999999793e-02 1.076200000000000045e+00
1.184300000000000000e+04 2.008199999999999985e-01 1.393899999999999917e+00 7.902000000000000690e-02 1.410500000000000087e+00
1.268800000000000000e+04 2.480499999999999927e-01 1.786499999999999977e+00 1.067000000000000032e-01 1.806799999999999962e+00
1.345300000000000000e+04 2.976400000000000157e-01 2.230300000000000171e+00 1.394799999999999929e-01 2.254399999999999959e+00
1.412000000000000000e+04 3.399800000000000044e-01 2.632400000000000073e+00 1.705399999999999971e-01 2.659699999999999953e+00
1.459000000000000000e+04 3.738799999999999901e-01 2.965500000000000025e+00 1.966299999999999992e-01 2.995400000000000063e+00
1.495500000000000000e+04 4.079499999999999793e-01 3.291300000000000114e+00 2.190100000000000102e-01 3.323700000000000099e+00
1.518600000000000000e+04 4.253500000000000059e-01 3.453899999999999970e+00 2.304499999999999882e-01 3.487600000000000033e+00
1.370000000000000000e+02 0.000000000000000000e+00 0.000000000000000000e+00 0.000000000000000000e+00 0.000000000000000000e+00
3.970000000000000000e+02 2.070999999999999924e-04 9.971699999999999141e-04 9.386300000000000578e-05 1.022799999999999924e-03
1.218000000000000000e+03 1.463200000000000004e-03 5.308499999999999851e-03 3.918999999999999849e-04 5.520399999999999960e-03
2.088000000000000000e+03 3.073900000000000070e-03 1.452299999999999945e-02 9.569799999999999618e-04 1.487600000000000033e-02
3.242000000000000000e+03 5.995000000000000329e-03 3.974500000000000255e-02 2.442199999999999840e-03 4.026899999999999924e-02
4.428000000000000000e+03 9.455699999999999175e-03 7.899899999999999978e-02 3.491399999999999972e-03 7.964000000000000246e-02
5.729000000000000000e+03 1.777099999999999860e-02 1.450299999999999923e-01 4.443500000000000401e-03 1.461800000000000044e-01
6.960000000000000000e+03 3.405899999999999900e-02 2.321699999999999875e-01 6.082500000000000233e-03 2.347400000000000042e-01
8.118000000000000000e+03 5.349700000000000288e-02 3.492399999999999949e-01 8.967599999999999183e-03 3.534300000000000219e-01
9.204000000000000000e+03 8.120800000000000241e-02 5.153900000000000148e-01 1.451799999999999966e-02 5.219500000000000250e-01
1.023900000000000000e+04 1.128299999999999997e-01 7.271400000000000086e-01 2.342299999999999938e-02 7.362100000000000311e-01
1.118100000000000000e+04 1.529600000000000126e-01 9.967899999999999539e-01 3.676200000000000301e-02 1.009100000000000108e+00
1.205600000000000000e+04 1.968199999999999950e-01 1.322000000000000064e+00 5.502599999999999852e-02 1.337699999999999889e+00
1.287800000000000000e+04 2.451299999999999868e-01 1.710800000000000098e+00 7.969500000000000195e-02 1.730099999999999971e+00
1.364000000000000000e+04 2.958100000000000174e-01 2.153599999999999959e+00 1.100499999999999950e-01 2.176600000000000090e+00
1.425500000000000000e+04 3.392200000000000215e-01 2.556900000000000173e+00 1.396799999999999986e-01 2.583099999999999952e+00
1.468800000000000000e+04 3.739899999999999891e-01 2.895799999999999930e+00 1.663600000000000079e-01 2.924599999999999866e+00
1.503200000000000000e+04 4.082600000000000118e-01 3.242199999999999971e+00 1.975300000000000111e-01 3.273800000000000043e+00
1.522200000000000000e+04 4.253500000000000059e-01 3.415099999999999802e+00 2.135799999999999921e-01 3.448100000000000165e+00
