1.000000000000000000e+00 -1.558489999999999931e+00 3.605740000000000056e-01 1.500000000000000000e+00
2.870000000000000000e+02 -1.724635609999999986e+00 3.956182599999999994e-01 2.859807500000000058e+00
1.010000000000000000e+03 -2.056661780999999856e+00 4.595095000000000152e-01 5.598800199999999450e+00
1.886000000000000000e+03 -2.364556499999999950e+00 5.105513999999999886e-01 8.316854300000001032e+00
3.042000000000000000e+03 -2.669068700000000405e+00 5.696330000000000560e-01 1.173418000000000028e+01
4.109000000000000000e+03 -2.744693999999999967e+00 4.766859999999999986e-01 1.583316559999999917e+01
5.423000000000000000e+03 -2.646033000000000079e+00 3.599899999999999767e-01 1.992439500000000052e+01
6.667000000000000000e+03 -2.534019999999999939e+00 2.534052700000000158e-01 2.402730680000000163e+01
7.843000000000000000e+03 -2.398964000000000318e+00 1.470939999999999748e-01 2.812263540000000006e+01
8.940000000000000000e+03 -2.247868000000000421e+00 6.629899999999999682e-02 3.223137200000000036e+01
9.994000000000000000e+03 -2.099260200000000243e+00 9.693000000000062677e-03 3.634315899999999999e+01
1.095700000000000000e+04 -1.945761800000000097e+00 -7.835999999999954113e-03 4.044963499999999357e+01
1.184300000000000000e+04 -1.788044999999999884e+00 9.329999999999838423e-03 4.457031699999999574e+01
1.268800000000000000e+04 -1.626853000000000105e+00 7.236999999999982336e-02 4.869582599999999672e+01
1.345300000000000000e+04 -1.463775000000000048e+00 1.647399999999998865e-01 5.281616000000000355e+01
1.412000000000000000e+04 -1.327069000000000054e+00 2.556700000000002859e-01 5.626496999999999815e+01
1.459000000000000000e+04 -1.179768000000000150e+00 3.311500000000000554e-01 5.901946999999999832e+01
1.495500000000000000e+04 -7.681769999999999987e-01 3.984099999999997088e-01 6.176257999999999981e+01
1.518600000000000000e+04 -5.621119999999999450e-01 4.277999999999999581e-01 6.314436999999999500e+01
1.370000000000000000e+02 1.558489999999999931e+00 -3.636220000000000008e-01 1.500000000000000000e+00
3.970000000000000000e+02 1.725262579999999879e+00 -4.054977300000000007e-01 2.860252809999999979e+00
1.218000000000000000e+03 1.820142600000000055e+00 -4.392877000000000032e-01 5.601049899999999582e+00
2.088000000000000000e+03 1.846313899999999952e+00 -4.627759999999999652e-01 8.322475499999999471e+00
3.242000000000000000e+03 1.775864859999999990e+00 -4.706369999999999720e-01 1.174600990000000067e+01
4.428000000000000000e+03 1.811290999999999984e+00 -4.682799999999999740e-01 1.584894530000000046e+01
5.729000000000000000e+03 1.736916999999999822e+00 -4.519500000000000739e-01 1.994089100000000059e+01
6.960000000000000000e+03 1.657946000000000142e+00 -4.469469999999999832e-01 2.404321200000000047e+01
8.118000000000000000e+03 1.565975999999999813e+00 -4.370950000000000113e-01 2.813641100000000250e+01
9.204000000000000000e+03 1.471527000000000029e+00 -4.090559999999999752e-01 3.224183999999999628e+01
1.023900000000000000e+04 1.381985000000000019e+00 -3.695400000000000906e-01 3.635012700000000052e+01
1.118100000000000000e+04 1.297632100000000177e+00 -3.040399999999999769e-01 4.045223499999999461e+01
1.205600000000000000e+04 1.213935999999999904e+00 -2.178200000000001246e-01 4.456859399999999738e+01
1.287800000000000000e+04 1.132338999999999984e+00 -1.051199999999998802e-01 4.869056400000000195e+01
1.364000000000000000e+04 1.051749000000000045e+00 3.120999999999996000e-02 5.280749000000000137e+01
1.425500000000000000e+04 9.850149999999999739e-01 1.560600000000000875e-01 5.625374999999999659e+01
1.468800000000000000e+04 9.063059999999999450e-01 2.578800000000001091e-01 5.900722000000000378e+01
1.503200000000000000e+04 6.511100000000000776e-01 3.523400000000003196e-01 6.175347000000000008e+01
1.522200000000000000e+04 5.233879999999999644e-01 3.944000000000000838e-01 6.313700000000000045e+01
