1.000000000000000000e+00 0.000000000000000000e+00 0.000000000000000000e+00 0.000000000000000000e+00 0.000000000000000000e+00
2.870000000000000000e+02 -2.717299999999999750e-04 5.863100000000000429e-04 8.059499999999999661e-05 6.512300000000000380e-04
1.010000000000000000e+03 2.417399999999999996e-04 3.207000000000000215e-03 6.641699999999999514e-04 3.284000000000000027e-03
1.886000000000000000e+03 4.062699999999999818e-03 7.640100000000000363e-03 1.870399999999999927e-03 8.852999999999999758e-03
3.042000000000000000e+03 1.402800000000000054e-02 4.168100000000000277e-02 4.867699999999999978e-03 4.424700000000000161e-02
4.109000000000000000e+03 3.148800000000000210e-02 8.360599999999999976e-02 8.259799999999999434e-03 8.971999999999999420e-02
5.423000000000000000e+03 5.379899999999999960e-02 1.468500000000000083e-01 1.219399999999999998e-02 1.568700000000000094e-01
6.667000000000000000e+03 8.192000000000000670e-02 2.312599999999999933e-01 1.699900000000000022e-02 2.459300000000000097e-01
7.843000000000000000e+03 1.161399999999999932e-01 3.381199999999999761e-01 2.334100000000000064e-02 3.582699999999999774e-01
8.940000000000000000e+03 1.585100000000000120e-01 4.880999999999999783e-01 3.239299999999999818e-02 5.142200000000000104e-01
9.994000000000000000e+03 2.074000000000000010e-01 6.734400000000000386e-01 4.386299999999999921e-02 7.060199999999999809e-01
1.095700000000000000e+04 2.624799999999999911e-01 9.103999999999999870e-01 5.924399999999999805e-02 9.493300000000000072e-01
1.184300000000000000e+04 3.227599999999999913e-01 1.192800000000000082e+00 7.809299999999999575e-02 1.238099999999999978e+00
1.268800000000000000e+04 3.870000000000000107e-01 1.527400000000000091e+00 1.010599999999999971e-01 1.578899999999999970e+00
1.345300000000000000e+04 4.536200000000000232e-01 1.905200000000000005e+00 1.282000000000000084e-01 1.962699999999999889e+00
1.412000000000000000e+04 5.102299999999999613e-01 2.247399999999999842e+00 1.539200000000000013e-01 2.309699999999999864e+00
1.459000000000000000e+04 5.555499999999999883e-01 2.531000000000000139e+00 1.753200000000000036e-01 2.597199999999999953e+00
1.495500000000000000e+04 6.009299999999999642e-01 2.809400000000000119e+00 1.920600000000000085e-01 2.879399999999999959e+00
1.518600000000000000e+04 6.239999999999999991e-01 2.948500000000000121e+00 2.006499999999999950e-01 3.020399999999999974e+00
1.370000000000000000e+02 0.000000000000000000e+00 0.000000000000000000e+00 0.000000000000000000e+00 0.000000000000000000e+00
3.970000000000000000e+02 2.156600000000000053e-04 9.012700000000000225e-04 -6.448699999999999430e-05 9.289600000000000505e-04
1.218000000000000000e+03 8.698799999999999588e-04 4.897699999999999623e-03 -2.418999999999999981e-04 4.980199999999999731e-03
2.088000000000000000e+03 3.310200000000000121e-03 1.298000000000000022e-02 -4.979099999999999542e-04 1.340500000000000025e-02
3.242000000000000000e+03 1.084800000000000000e-02 3.467699999999999949e-02 -9.908700000000000320e-04 3.634799999999999837e-02
4.428000000000000000e+03 2.767199999999999868e-02 6.775599999999999679e-02 -1.765700000000000039e-03 7.320999999999999730e-02
5.729000000000000000e+03 4.756599999999999717e-02 1.246799999999999992e-01 -1.809000000000000061e-03 1.334599999999999953e-01
6.960000000000000000e+03 7.731799999999999784e-02 1.995500000000000052e-01 -1.019799999999999960e-03 2.140100000000000058e-01
8.118000000000000000e+03 1.114900000000000058e-01 3.005599999999999938e-01 1.076200000000000030e-03 3.205799999999999761e-01
9.204000000000000000e+03 1.544300000000000117e-01 4.439100000000000268e-01 5.664100000000000038e-03 4.700400000000000134e-01
1.023900000000000000e+04 2.024900000000000033e-01 6.263400000000000079e-01 1.326100000000000022e-02 6.583900000000000308e-01
1.118100000000000000e+04 2.589099999999999735e-01 8.578900000000000414e-01 2.481500000000000025e-02 8.964499999999999691e-01
1.205600000000000000e+04 3.195999999999999952e-01 1.136400000000000077e+00 4.070800000000000113e-02 1.181200000000000028e+00
1.287800000000000000e+04 3.847400000000000264e-01 1.468699999999999894e+00 6.217799999999999716e-02 1.519500000000000073e+00
1.364000000000000000e+04 4.522200000000000109e-01 1.846100000000000074e+00 8.855399999999999383e-02 1.902700000000000058e+00
1.425500000000000000e+04 5.096699999999999564e-01 2.189499999999999780e+00 1.142600000000000005e-01 2.250900000000000123e+00
1.468800000000000000e+04 5.556499999999999773e-01 2.477700000000000014e+00 1.375000000000000111e-01 2.543000000000000149e+00
1.503200000000000000e+04 6.011900000000000022e-01 2.771900000000000031e+00 1.655800000000000050e-01 2.841099999999999959e+00
1.522200000000000000e+04 6.239999999999999991e-01 2.918600000000000083e+00 1.800200000000000133e-01 2.990000000000000213e+00
