1.308000000000000007e+01 1.308000000000000007e+01 1.308000000000000007e+01 1.308000000000000007e+01 1.308000000000000007e+01 1.308000000000000007e+01 1.308000000000000007e+01 1.308000000000000007e+01 1.308000000000000007e+01
1.307199999999999918e+01 1.307300000000000040e+01 1.307300000000000040e+01 1.307300000000000040e+01 1.307300000000000040e+01 1.307300000000000040e+01 1.307300000000000040e+01 1.307300000000000040e+01 1.307300000000000040e+01
1.304899999999999949e+01 1.305199999999999960e+01 1.305199999999999960e+01 1.305199999999999960e+01 1.305199999999999960e+01 1.305199999999999960e+01 1.305199999999999960e+01 1.305199999999999960e+01 1.305199999999999960e+01
1.300200000000000067e+01 1.300799999999999912e+01 1.301200000000000045e+01 1.301099999999999923e+01 1.300699999999999967e+01 1.301200000000000045e+01 1.301099999999999923e+01 1.300699999999999967e+01 1.301200000000000045e+01
1.318900000000000006e+01 1.318099999999999916e+01 1.317699999999999960e+01 1.317900000000000027e+01 1.318299999999999983e+01 1.317600000000000016e+01 1.317900000000000027e+01 1.318299999999999983e+01 1.317600000000000016e+01
1.174200000000000088e+01 1.169699999999999918e+01 1.172799999999999976e+01 1.171299999999999919e+01 1.170199999999999996e+01 1.172700000000000031e+01 1.171299999999999919e+01 1.170199999999999996e+01 1.172700000000000031e+01
1.053899999999999970e+01 1.047899999999999920e+01 1.050999999999999979e+01 1.049399999999999977e+01 1.048700000000000010e+01 1.050900000000000034e+01 1.049499999999999922e+01 1.048700000000000010e+01 1.050900000000000034e+01
9.554000000000000270e+00 9.476000000000000867e+00 9.506999999999999673e+00 9.490999999999999659e+00 9.487999999999999545e+00 9.505000000000000782e+00 9.492000000000000881e+00 9.487999999999999545e+00 9.505000000000000782e+00
8.477000000000000313e+00 8.375999999999999446e+00 8.410999999999999588e+00 8.393000000000000682e+00 8.391000000000000014e+00 8.407999999999999474e+00 8.394000000000000128e+00 8.391000000000000014e+00 8.407999999999999474e+00
7.411999999999999922e+00 7.277000000000000135e+00 7.322000000000000064e+00 7.299999999999999822e+00 7.298000000000000043e+00 7.317999999999999616e+00 7.299999999999999822e+00 7.296999999999999709e+00 7.317999999999999616e+00
6.373000000000000220e+00 6.205000000000000071e+00 6.262999999999999901e+00 6.235999999999999766e+00 6.230000000000000426e+00 6.259000000000000341e+00 6.237000000000000099e+00 6.230000000000000426e+00 6.259000000000000341e+00
5.421000000000000263e+00 5.203999999999999737e+00 5.275000000000000355e+00 5.243000000000000327e+00 5.237000000000000099e+00 5.269000000000000128e+00 5.243999999999999773e+00 5.237000000000000099e+00 5.269000000000000128e+00
4.578999999999999737e+00 4.309999999999999609e+00 4.395999999999999908e+00 4.358999999999999986e+00 4.349999999999999645e+00 4.386000000000000121e+00 4.360000000000000320e+00 4.349999999999999645e+00 4.386000000000000121e+00
3.988999999999999879e+00 3.661999999999999922e+00 3.761000000000000121e+00 3.720000000000000195e+00 3.713999999999999968e+00 3.753000000000000114e+00 3.721999999999999975e+00 3.713999999999999968e+00 3.750999999999999890e+00
3.402000000000000135e+00 3.017999999999999794e+00 3.125000000000000000e+00 3.085999999999999854e+00 3.076999999999999957e+00 3.116000000000000103e+00 3.085999999999999854e+00 3.076999999999999957e+00 3.116000000000000103e+00
2.873000000000000220e+00 2.450000000000000178e+00 2.563000000000000167e+00 2.520999999999999908e+00 2.516000000000000014e+00 2.553999999999999826e+00 2.524000000000000021e+00 2.516000000000000014e+00 2.551000000000000156e+00
2.434000000000000163e+00 1.991999999999999993e+00 2.109999999999999876e+00 2.068999999999999950e+00 2.064000000000000057e+00 2.099000000000000199e+00 2.072000000000000064e+00 2.064000000000000057e+00 2.099000000000000199e+00
2.302999999999999936e+00 1.842999999999999972e+00 1.963999999999999968e+00 1.919999999999999929e+00 1.915999999999999925e+00 1.947999999999999954e+00 1.919999999999999929e+00 1.915999999999999925e+00 1.951999999999999957e+00
2.216000000000000192e+00 1.747000000000000108e+00 1.862999999999999989e+00 1.826000000000000068e+00 1.820000000000000062e+00 1.852000000000000091e+00 1.826000000000000068e+00 1.814999999999999947e+00 1.856999999999999984e+00
