1.000000000000000000e+00 -1.558489999999999931e+00 3.605740000000000056e-01 1.500000000000000000e+00
2.870000000000000000e+02 -1.725309549999999970e+00 3.958769900000000397e-01 2.860078770999999964e+00
1.010000000000000000e+03 -2.056351799999999841e+00 4.600234000000000267e-01 5.600652659999999727e+00
1.886000000000000000e+03 -2.356313400000000335e+00 5.097783000000000175e-01 8.321839900000000512e+00
3.042000000000000000e+03 -2.648775000000000102e+00 5.701580000000000537e-01 1.174487099999999984e+01
4.109000000000000000e+03 -2.702735999999999805e+00 4.754599999999999937e-01 1.584837029999999913e+01
5.423000000000000000e+03 -2.577004000000000072e+00 3.607299999999999951e-01 1.994250900000000115e+01
6.667000000000000000e+03 -2.432728999999999697e+00 2.569752699999999779e-01 2.404761200000000088e+01
7.843000000000000000e+03 -2.260970000000000368e+00 1.542840000000000045e-01 2.814440700000000106e+01
8.940000000000000000e+03 -2.068610000000000060e+00 7.874899999999995792e-02 3.225415199999999771e+01
9.994000000000000000e+03 -1.874950000000000117e+00 2.858300000000002505e-02 3.636653100000000194e+01
1.095700000000000000e+04 -1.673170000000000046e+00 1.837400000000000144e-02 4.047316000000000003e+01
1.184300000000000000e+04 -1.464380000000000015e+00 4.352999999999984659e-02 4.459356100000000112e+01
1.268800000000000000e+04 -1.250090000000000146e+00 1.151699999999999946e-01 4.871842999999999790e+01
1.345300000000000000e+04 -1.032710000000000017e+00 2.162400000000002098e-01 5.283782000000000068e+01
1.412000000000000000e+04 -8.500699999999999923e-01 3.147700000000002163e-01 5.628568999999999534e+01
1.459000000000000000e+04 -6.659600000000001074e-01 3.960500000000002352e-01 5.903887999999999892e+01
1.495500000000000000e+04 -2.176569999999999894e-01 4.694099999999998829e-01 6.177709999999999724e+01
1.518600000000000000e+04 6.900000000000017231e-03 5.018000000000002458e-01 6.315644999999999953e+01
1.370000000000000000e+02 1.558489999999999931e+00 -3.636220000000000008e-01 1.500000000000000000e+00
3.970000000000000000e+02 1.725273929999999956e+00 -4.053705000000000225e-01 2.859939543999999945e+00
1.218000000000000000e+03 1.818886580000000031e+00 -4.383751999999999649e-01 5.599771869999999652e+00
2.088000000000000000e+03 1.846836399999999934e+00 -4.612479999999999913e-01 8.319533330000000504e+00
3.242000000000000000e+03 1.786749999999999838e+00 -4.686529999999999863e-01 1.173908770000000068e+01
4.428000000000000000e+03 1.852121999999999824e+00 -4.675329999999999764e-01 1.583833839999999960e+01
5.729000000000000000e+03 1.804410999999999987e+00 -4.496300000000000296e-01 1.992832789999999932e+01
6.960000000000000000e+03 1.758889000000000147e+00 -4.426869999999999417e-01 2.402919804000000070e+01
8.118000000000000000e+03 1.703999999999999959e+00 -4.294950000000000156e-01 2.812146129999999999e+01
9.204000000000000000e+03 1.650540000000000118e+00 -3.961659999999999626e-01 3.222638979999999975e+01
1.023900000000000000e+04 1.606380000000000141e+00 -3.499200000000001198e-01 3.633456300000000283e+01
1.118100000000000000e+04 1.570200000000000040e+00 -2.770099999999999785e-01 4.043699599999999350e+01
1.205600000000000000e+04 1.537659999999999805e+00 -1.827199999999999935e-01 4.455411600000000050e+01
1.287800000000000000e+04 1.509139999999999926e+00 -6.141999999999980808e-02 4.867726299999999640e+01
1.364000000000000000e+04 1.482829999999999870e+00 8.360999999999996213e-02 5.279572500000000446e+01
1.425500000000000000e+04 1.462026000000000048e+00 2.158600000000001629e-01 5.624347999999999814e+01
1.468800000000000000e+04 1.420093000000000050e+00 3.234799999999999898e-01 5.899858000000000402e+01
1.503200000000000000e+04 1.201608000000000009e+00 4.237400000000000055e-01 6.174887000000000370e+01
1.522200000000000000e+04 1.092400000000000038e+00 4.687000000000001165e-01 6.313445000000000107e+01
