1.000000000000000000e+00 0.000000000000000000e+00 0.000000000000000000e+00 0.000000000000000000e+00 0.000000000000000000e+00
2.870000000000000000e+02 4.137500000000000010e-04 3.843200000000000067e-04 -1.904800000000000059e-04 5.959599999999999793e-04
1.010000000000000000e+03 9.661899999999999769e-06 3.047799999999999815e-03 -1.184799999999999959e-03 3.269999999999999903e-03
1.886000000000000000e+03 -3.972200000000000383e-03 9.359400000000000358e-03 -3.103600000000000195e-03 1.063099999999999982e-02
3.042000000000000000e+03 -5.298500000000000258e-03 4.609699999999999909e-02 -5.674300000000000177e-03 4.674600000000000283e-02
4.109000000000000000e+03 -8.116399999999999310e-03 9.493799999999999462e-02 -6.550099999999999673e-03 9.550899999999999668e-02
5.423000000000000000e+03 -1.101099999999999995e-02 1.639599999999999946e-01 -5.140800000000000057e-03 1.644100000000000006e-01
6.667000000000000000e+03 -1.268200000000000056e-02 2.559899999999999953e-01 -1.997300000000000030e-03 2.563099999999999823e-01
7.843000000000000000e+03 -1.199500000000000045e-02 3.725700000000000123e-01 3.647399999999999861e-03 3.727800000000000002e-01
8.940000000000000000e+03 -6.740300000000000284e-03 5.361700000000000355e-01 1.283699999999999945e-02 5.363700000000000134e-01
9.994000000000000000e+03 2.085000000000000048e-03 7.385300000000000198e-01 2.519599999999999965e-02 7.389599999999999502e-01
1.095700000000000000e+04 1.471000000000000085e-02 9.982900000000000107e-01 4.243000000000000244e-02 9.992999999999999661e-01
1.184300000000000000e+04 3.045499999999999943e-02 1.308699999999999974e+00 6.402900000000000258e-02 1.310599999999999987e+00
1.268800000000000000e+04 4.876300000000000079e-02 1.677599999999999980e+00 9.063599999999999435e-02 1.680700000000000083e+00
1.345300000000000000e+04 6.864299999999999569e-02 2.095000000000000195e+00 1.222499999999999976e-01 2.099699999999999900e+00
1.412000000000000000e+04 8.581199999999999939e-02 2.473599999999999799e+00 1.522499999999999964e-01 2.479699999999999793e+00
1.459000000000000000e+04 9.952600000000000335e-02 2.787500000000000089e+00 1.777299999999999991e-01 2.794900000000000162e+00
1.495500000000000000e+04 1.134300000000000030e-01 3.095099999999999962e+00 2.015500000000000069e-01 3.103699999999999903e+00
1.518600000000000000e+04 1.206600000000000034e-01 3.248699999999999921e+00 2.137000000000000011e-01 3.258000000000000007e+00
1.370000000000000000e+02 0.000000000000000000e+00 0.000000000000000000e+00 0.000000000000000000e+00 0.000000000000000000e+00
3.970000000000000000e+02 2.180100000000000083e-04 8.803800000000000514e-04 2.515999999999999899e-04 9.412199999999999907e-04
1.218000000000000000e+03 2.206599999999999968e-03 4.558500000000000052e-03 1.043099999999999930e-03 5.170799999999999702e-03
2.088000000000000000e+03 3.037799999999999789e-03 1.298799999999999955e-02 2.458699999999999861e-03 1.356399999999999967e-02
3.242000000000000000e+03 7.316700000000000200e-04 3.680100000000000038e-02 5.968099999999999621e-03 3.728900000000000270e-02
4.428000000000000000e+03 -1.123000000000000040e-02 7.504399999999999959e-02 8.861100000000000226e-03 7.639500000000000457e-02
5.729000000000000000e+03 -1.646800000000000000e-02 1.372599999999999931e-01 1.078800000000000071e-02 1.386699999999999877e-01
6.960000000000000000e+03 -1.751300000000000079e-02 2.194200000000000039e-01 1.312199999999999998e-02 2.205100000000000116e-01
8.118000000000000000e+03 -1.732099999999999959e-02 3.294599999999999751e-01 1.638799999999999979e-02 3.303200000000000025e-01
9.204000000000000000e+03 -1.120200000000000015e-02 4.852000000000000202e-01 2.199100000000000013e-02 4.858199999999999741e-01
1.023900000000000000e+04 -3.627200000000000129e-03 6.836200000000000054e-01 3.058999999999999914e-02 6.843200000000000394e-01
1.118100000000000000e+04 1.057899999999999986e-02 9.367600000000000371e-01 4.319400000000000323e-02 9.378100000000000325e-01
1.205600000000000000e+04 2.673199999999999882e-02 1.242299999999999960e+00 6.025500000000000300e-02 1.244099999999999984e+00
1.287800000000000000e+04 4.607499999999999790e-02 1.608100000000000085e+00 8.319200000000000206e-02 1.610899999999999999e+00
1.364000000000000000e+04 6.697100000000000275e-02 2.024900000000000144e+00 1.113299999999999984e-01 2.028999999999999915e+00
1.425500000000000000e+04 8.511499999999999622e-02 2.404799999999999827e+00 1.387799999999999867e-01 2.410299999999999887e+00
1.468800000000000000e+04 9.964199999999999446e-02 2.724099999999999966e+00 1.633400000000000130e-01 2.730799999999999894e+00
1.503200000000000000e+04 1.137299999999999978e-01 3.050399999999999778e+00 1.909399999999999986e-01 3.058499999999999996e+00
1.522200000000000000e+04 1.206600000000000034e-01 3.213400000000000034e+00 2.051699999999999913e-01 3.222199999999999953e+00
