1.000000000000000000e+00 0.000000000000000000e+00 0.000000000000000000e+00 0.000000000000000000e+00 0.000000000000000000e+00
2.870000000000000000e+02 1.336499999999999960e-04 4.871100000000000169e-04 -6.425799999999999362e-05 5.091800000000000275e-04
1.010000000000000000e+03 2.703499999999999849e-04 3.199399999999999814e-03 -3.337400000000000132e-04 3.228099999999999806e-03
1.886000000000000000e+03 6.674399999999999997e-06 8.815500000000000419e-03 -8.131300000000000160e-04 8.852900000000000352e-03
3.042000000000000000e+03 4.363200000000000238e-03 4.537200000000000261e-02 -7.741700000000000231e-04 4.558799999999999658e-02
4.109000000000000000e+03 1.163900000000000004e-02 9.240800000000000403e-02 3.824100000000000199e-04 9.313899999999999957e-02
5.423000000000000000e+03 2.132699999999999874e-02 1.608400000000000107e-01 3.043500000000000198e-03 1.622800000000000076e-01
6.667000000000000000e+03 3.457699999999999663e-02 2.521999999999999797e-01 7.075399999999999918e-03 2.546499999999999875e-01
7.843000000000000000e+03 5.215399999999999897e-02 3.679999999999999938e-01 1.323799999999999977e-02 3.719100000000000183e-01
8.940000000000000000e+03 7.629299999999999971e-02 5.305800000000000516e-01 2.266999999999999918e-02 5.365199999999999969e-01
9.994000000000000000e+03 1.056700000000000000e-01 7.316899999999999515e-01 3.502299999999999858e-02 7.401100000000000456e-01
1.095700000000000000e+04 1.402400000000000035e-01 9.894399999999999862e-01 5.195700000000000318e-02 1.000699999999999923e+00
1.184300000000000000e+04 1.791699999999999959e-01 1.297099999999999920e+00 7.297599999999999920e-02 1.311500000000000110e+00
1.268800000000000000e+04 2.215499999999999969e-01 1.662400000000000100e+00 9.874499999999999944e-02 1.679999999999999938e+00
1.345300000000000000e+04 2.660199999999999787e-01 2.075400000000000134e+00 1.292800000000000060e-01 2.096400000000000041e+00
1.412000000000000000e+04 3.039899999999999824e-01 2.449600000000000222e+00 1.582199999999999995e-01 2.473500000000000032e+00
1.459000000000000000e+04 3.343800000000000106e-01 2.759799999999999809e+00 1.825700000000000101e-01 2.785899999999999821e+00
1.495500000000000000e+04 3.649200000000000221e-01 3.063499999999999890e+00 2.036100000000000132e-01 3.091899999999999871e+00
1.518600000000000000e+04 3.805200000000000249e-01 3.215199999999999836e+00 2.143799999999999872e-01 3.244699999999999918e+00
1.370000000000000000e+02 0.000000000000000000e+00 0.000000000000000000e+00 0.000000000000000000e+00 0.000000000000000000e+00
3.970000000000000000e+02 1.978799999999999960e-04 9.273299999999999729e-04 9.317700000000000591e-05 9.527700000000000275e-04
1.218000000000000000e+03 1.412899999999999920e-03 4.930300000000000307e-03 3.919400000000000184e-04 5.143700000000000182e-03
2.088000000000000000e+03 2.905299999999999983e-03 1.351399999999999997e-02 9.581600000000000013e-04 1.385600000000000026e-02
3.242000000000000000e+03 5.457100000000000319e-03 3.706399999999999972e-02 2.444200000000000105e-03 3.754400000000000098e-02
4.428000000000000000e+03 8.062100000000000863e-03 7.384300000000000586e-02 3.521199999999999938e-03 7.436500000000000055e-02
5.729000000000000000e+03 1.529200000000000004e-02 1.354700000000000071e-01 4.475500000000000311e-03 1.364100000000000035e-01
6.960000000000000000e+03 2.971599999999999936e-02 2.167999999999999927e-01 6.067900000000000203e-03 2.189099999999999935e-01
8.118000000000000000e+03 4.698900000000000299e-02 3.260700000000000265e-01 8.813400000000000747e-03 3.295600000000000196e-01
9.204000000000000000e+03 7.184100000000000208e-02 4.810099999999999931e-01 1.404700000000000046e-02 4.865499999999999825e-01
1.023900000000000000e+04 1.001299999999999968e-01 6.783900000000000485e-01 2.239700000000000024e-02 6.861000000000000432e-01
1.118100000000000000e+04 1.361999999999999877e-01 9.296600000000000419e-01 3.487200000000000022e-02 9.402300000000000102e-01
1.205600000000000000e+04 1.755599999999999938e-01 1.232599999999999918e+00 5.191699999999999787e-02 1.246099999999999985e+00
1.287800000000000000e+04 2.189300000000000135e-01 1.594799999999999995e+00 7.491200000000000636e-02 1.611499999999999932e+00
1.364000000000000000e+04 2.644000000000000239e-01 2.007000000000000117e+00 1.031699999999999978e-01 2.026899999999999924e+00
1.425500000000000000e+04 3.033199999999999785e-01 2.382400000000000073e+00 1.307399999999999951e-01 2.405199999999999783e+00
1.468800000000000000e+04 3.344900000000000095e-01 2.697799999999999976e+00 1.555300000000000016e-01 2.722900000000000098e+00
1.503200000000000000e+04 3.652000000000000246e-01 3.019899999999999807e+00 1.844099999999999906e-01 3.047499999999999876e+00
1.522200000000000000e+04 3.805200000000000249e-01 3.180600000000000094e+00 1.992800000000000127e-01 3.209499999999999797e+00
