1.000000000000000000e+00 0.000000000000000000e+00 0.000000000000000000e+00 0.000000000000000000e+00 0.000000000000000000e+00
2.870000000000000000e+02 4.127499999999999767e-04 3.822899999999999736e-04 -1.902800000000000010e-04 5.938999999999999618e-04
1.010000000000000000e+03 6.816099999999999843e-06 3.034300000000000191e-03 -1.183400000000000033e-03 3.256900000000000073e-03
1.886000000000000000e+03 -3.974199999999999781e-03 9.322399999999999784e-03 -3.099999999999999891e-03 1.059799999999999978e-02
3.042000000000000000e+03 -5.319299999999999896e-03 4.591499999999999748e-02 -5.670299999999999646e-03 4.656899999999999928e-02
4.109000000000000000e+03 -8.170999999999999444e-03 9.455600000000000116e-02 -6.550900000000000126e-03 9.513499999999999734e-02
5.423000000000000000e+03 -1.111299999999999961e-02 1.632800000000000085e-01 -5.153099999999999868e-03 1.637399999999999967e-01
6.667000000000000000e+03 -1.285000000000000031e-02 2.549000000000000155e-01 -2.027399999999999949e-03 2.552300000000000124e-01
7.843000000000000000e+03 -1.225200000000000074e-02 3.709500000000000020e-01 3.588800000000000063e-03 3.711699999999999999e-01
8.940000000000000000e+03 -7.121500000000000226e-03 5.337800000000000322e-01 1.273299999999999953e-02 5.339800000000000102e-01
9.994000000000000000e+03 1.549000000000000030e-03 7.351499999999999702e-01 2.503100000000000117e-02 7.355800000000000116e-01
1.095700000000000000e+04 1.398699999999999943e-02 9.936199999999999477e-01 4.217800000000000021e-02 9.946099999999999941e-01
1.184300000000000000e+04 2.951700000000000157e-02 1.302400000000000002e+00 6.366700000000000137e-02 1.304300000000000015e+00
1.268800000000000000e+04 4.758699999999999736e-02 1.669399999999999995e+00 9.013699999999999490e-02 1.672500000000000098e+00
1.345300000000000000e+04 6.721199999999999397e-02 2.084600000000000009e+00 1.215900000000000036e-01 2.089199999999999946e+00
1.412000000000000000e+04 8.415999999999999870e-02 2.461100000000000065e+00 1.514199999999999990e-01 2.467200000000000060e+00
1.459000000000000000e+04 9.769799999999999318e-02 2.773299999999999876e+00 1.767700000000000105e-01 2.780600000000000183e+00
1.495500000000000000e+04 1.114300000000000013e-01 3.079200000000000159e+00 2.004700000000000093e-01 3.087800000000000100e+00
1.518600000000000000e+04 1.185699999999999948e-01 3.232000000000000206e+00 2.125700000000000089e-01 3.241200000000000081e+00
1.370000000000000000e+02 0.000000000000000000e+00 0.000000000000000000e+00 0.000000000000000000e+00 0.000000000000000000e+00
3.970000000000000000e+02 2.175099999999999961e-04 8.764000000000000522e-04 2.512400000000000137e-04 9.372900000000000198e-04
1.218000000000000000e+03 2.202799999999999984e-03 4.537199999999999914e-03 1.041800000000000061e-03 5.150100000000000337e-03
2.088000000000000000e+03 3.029200000000000122e-03 1.293099999999999979e-02 2.455800000000000170e-03 1.350600000000000064e-02
3.242000000000000000e+03 7.115000000000000014e-04 3.664499999999999702e-02 5.960799999999999606e-03 3.713400000000000034e-02
4.428000000000000000e+03 -1.127000000000000050e-02 7.473499999999999588e-02 8.850699999999999540e-03 7.609699999999999798e-02
5.729000000000000000e+03 -1.654399999999999968e-02 1.366900000000000059e-01 1.077400000000000059e-02 1.381100000000000105e-01
6.960000000000000000e+03 -1.765999999999999862e-02 2.184800000000000075e-01 1.310300000000000006e-02 2.195799999999999974e-01
8.118000000000000000e+03 -1.755400000000000016e-02 3.280199999999999783e-01 1.635800000000000101e-02 3.288900000000000157e-01
9.204000000000000000e+03 -1.155899999999999983e-02 4.830300000000000149e-01 2.193799999999999917e-02 4.836699999999999888e-01
1.023900000000000000e+04 -4.134999999999999787e-03 6.805099999999999483e-01 3.049800000000000080e-02 6.812099999999999822e-01
1.118100000000000000e+04 9.879199999999999440e-03 9.324099999999999611e-01 4.304199999999999693e-02 9.334500000000000020e-01
1.205600000000000000e+04 2.581599999999999867e-02 1.236499999999999932e+00 6.001800000000000190e-02 1.238199999999999967e+00
1.287800000000000000e+04 4.491599999999999759e-02 1.600300000000000056e+00 8.283600000000000685e-02 1.603099999999999969e+00
1.364000000000000000e+04 6.555099999999999816e-02 2.014899999999999913e+00 1.108200000000000018e-01 2.019000000000000128e+00
1.425500000000000000e+04 8.346800000000000053e-02 2.392700000000000049e+00 1.381199999999999928e-01 2.398200000000000109e+00
1.468800000000000000e+04 9.781299999999999717e-02 2.710300000000000153e+00 1.625399999999999900e-01 2.716899999999999871e+00
1.503200000000000000e+04 1.117299999999999960e-01 3.034899999999999931e+00 1.899800000000000100e-01 3.042899999999999938e+00
1.522200000000000000e+04 1.185699999999999948e-01 3.196899999999999853e+00 2.041399999999999881e-01 3.205600000000000005e+00
