1.000000000000000000e+00 0.000000000000000000e+00 0.000000000000000000e+00 0.000000000000000000e+00 0.000000000000000000e+00
2.870000000000000000e+02 4.127499999999999767e-04 3.823000000000000226e-04 -1.902800000000000010e-04 5.938999999999999618e-04
1.010000000000000000e+03 6.822000000000000075e-06 3.034400000000000031e-03 -1.183400000000000033e-03 3.256999999999999913e-03
1.886000000000000000e+03 -3.974199999999999781e-03 9.322499999999999190e-03 -3.099999999999999891e-03 1.059799999999999978e-02
3.042000000000000000e+03 -5.319299999999999896e-03 4.591599999999999848e-02 -5.670299999999999646e-03 4.656899999999999928e-02
4.109000000000000000e+03 -8.170800000000000632e-03 9.455700000000000216e-02 -6.550900000000000126e-03 9.513499999999999734e-02
5.423000000000000000e+03 -1.111299999999999961e-02 1.632800000000000085e-01 -5.153099999999999868e-03 1.637399999999999967e-01
6.667000000000000000e+03 -1.284899999999999931e-02 2.549000000000000155e-01 -2.027300000000000109e-03 2.552300000000000124e-01
7.843000000000000000e+03 -1.225099999999999974e-02 3.709500000000000020e-01 3.588899999999999903e-03 3.711699999999999999e-01
8.940000000000000000e+03 -7.120699999999999773e-03 5.337800000000000322e-01 1.273400000000000053e-02 5.339800000000000102e-01
9.994000000000000000e+03 1.550100000000000002e-03 7.351600000000000357e-01 2.503100000000000117e-02 7.355800000000000116e-01
1.095700000000000000e+04 1.398899999999999970e-02 9.936300000000000132e-01 4.217900000000000121e-02 9.946199999999999486e-01
1.184300000000000000e+04 2.951900000000000010e-02 1.302400000000000002e+00 6.366800000000000237e-02 1.304300000000000015e+00
1.268800000000000000e+04 4.758899999999999936e-02 1.669399999999999995e+00 9.013799999999999590e-02 1.672500000000000098e+00
1.345300000000000000e+04 6.721499999999999697e-02 2.084600000000000009e+00 1.215900000000000036e-01 2.089199999999999946e+00
1.412000000000000000e+04 8.416300000000000170e-02 2.461100000000000065e+00 1.514300000000000090e-01 2.467200000000000060e+00
1.459000000000000000e+04 9.770099999999999618e-02 2.773299999999999876e+00 1.767700000000000105e-01 2.780600000000000183e+00
1.495500000000000000e+04 1.114300000000000013e-01 3.079299999999999926e+00 2.004799999999999915e-01 3.087800000000000100e+00
1.518600000000000000e+04 1.185699999999999948e-01 3.232099999999999973e+00 2.125799999999999912e-01 3.241200000000000081e+00
1.370000000000000000e+02 0.000000000000000000e+00 0.000000000000000000e+00 0.000000000000000000e+00 0.000000000000000000e+00
3.970000000000000000e+02 2.175099999999999961e-04 8.764099999999999929e-04 2.512500000000000085e-04 9.372999999999999604e-04
1.218000000000000000e+03 2.202799999999999984e-03 4.537199999999999914e-03 1.041800000000000061e-03 5.150100000000000337e-03
2.088000000000000000e+03 3.029200000000000122e-03 1.293099999999999979e-02 2.455800000000000170e-03 1.350600000000000064e-02
3.242000000000000000e+03 7.115500000000000297e-04 3.664599999999999802e-02 5.960799999999999606e-03 3.713400000000000034e-02
4.428000000000000000e+03 -1.127000000000000050e-02 7.473599999999999688e-02 8.850699999999999540e-03 7.609699999999999798e-02
5.729000000000000000e+03 -1.654399999999999968e-02 1.366900000000000059e-01 1.077499999999999986e-02 1.381100000000000105e-01
6.960000000000000000e+03 -1.765999999999999862e-02 2.184800000000000075e-01 1.310300000000000006e-02 2.195799999999999974e-01
8.118000000000000000e+03 -1.755400000000000016e-02 3.280199999999999783e-01 1.635800000000000101e-02 3.289000000000000257e-01
9.204000000000000000e+03 -1.155800000000000056e-02 4.830400000000000249e-01 2.193799999999999917e-02 4.836699999999999888e-01
1.023900000000000000e+04 -4.133999999999999654e-03 6.805200000000000138e-01 3.049899999999999833e-02 6.812099999999999822e-01
1.118100000000000000e+04 9.880599999999999800e-03 9.324099999999999611e-01 4.304199999999999693e-02 9.334599999999999564e-01
1.205600000000000000e+04 2.581699999999999967e-02 1.236499999999999932e+00 6.001800000000000190e-02 1.238199999999999967e+00
1.287800000000000000e+04 4.491900000000000059e-02 1.600400000000000045e+00 8.283699999999999397e-02 1.603099999999999969e+00
1.364000000000000000e+04 6.555300000000000016e-02 2.014899999999999913e+00 1.108200000000000018e-01 2.019000000000000128e+00
1.425500000000000000e+04 8.347100000000000353e-02 2.392799999999999816e+00 1.381199999999999928e-01 2.398200000000000109e+00
1.468800000000000000e+04 9.781600000000000017e-02 2.710300000000000153e+00 1.625500000000000000e-01 2.717000000000000082e+00
1.503200000000000000e+04 1.117299999999999960e-01 3.034899999999999931e+00 1.899899999999999922e-01 3.042899999999999938e+00
1.522200000000000000e+04 1.185699999999999948e-01 3.196899999999999853e+00 2.041399999999999881e-01 3.205600000000000005e+00
