1.000000000000000000e+00 0.000000000000000000e+00 0.000000000000000000e+00 0.000000000000000000e+00 0.000000000000000000e+00
2.870000000000000000e+02 1.334200000000000067e-04 4.867900000000000200e-04 -6.419600000000000675e-05 5.088099999999999481e-04
1.010000000000000000e+03 2.699199999999999907e-04 3.197199999999999868e-03 -3.333200000000000138e-04 3.225800000000000022e-03
1.886000000000000000e+03 7.142600000000000020e-06 8.809100000000000263e-03 -8.119899999999999557e-04 8.846400000000000791e-03
3.042000000000000000e+03 4.361600000000000199e-03 4.534099999999999936e-02 -7.722799999999999717e-04 4.555599999999999927e-02
4.109000000000000000e+03 1.163400000000000024e-02 9.234199999999999353e-02 3.841299999999999966e-04 9.307300000000000295e-02
5.423000000000000000e+03 2.131699999999999914e-02 1.607300000000000118e-01 3.043699999999999878e-03 1.621599999999999986e-01
6.667000000000000000e+03 3.456000000000000044e-02 2.520100000000000118e-01 7.073000000000000294e-03 2.544699999999999740e-01
7.843000000000000000e+03 5.212800000000000072e-02 3.677199999999999913e-01 1.323099999999999971e-02 3.716300000000000159e-01
8.940000000000000000e+03 7.625200000000000033e-02 5.301799999999999846e-01 2.265599999999999906e-02 5.361099999999999755e-01
9.994000000000000000e+03 1.056099999999999955e-01 7.311100000000000376e-01 3.499900000000000233e-02 7.395300000000000207e-01
1.095700000000000000e+04 1.401600000000000068e-01 9.886500000000000288e-01 5.191799999999999887e-02 9.998799999999999910e-01
1.184300000000000000e+04 1.790599999999999969e-01 1.296100000000000030e+00 7.291999999999999871e-02 1.310400000000000009e+00
1.268800000000000000e+04 2.214099999999999957e-01 1.661000000000000032e+00 9.866500000000000270e-02 1.678600000000000092e+00
1.345300000000000000e+04 2.658499999999999752e-01 2.073700000000000099e+00 1.291700000000000070e-01 2.094599999999999795e+00
1.412000000000000000e+04 3.038000000000000145e-01 2.447499999999999787e+00 1.580900000000000083e-01 2.471400000000000041e+00
1.459000000000000000e+04 3.341600000000000126e-01 2.757400000000000073e+00 1.824099999999999888e-01 2.783500000000000085e+00
1.495500000000000000e+04 3.646800000000000042e-01 3.060900000000000176e+00 2.034400000000000097e-01 3.089199999999999946e+00
1.518600000000000000e+04 3.802800000000000069e-01 3.212400000000000144e+00 2.141899999999999915e-01 3.241899999999999782e+00
1.370000000000000000e+02 0.000000000000000000e+00 0.000000000000000000e+00 0.000000000000000000e+00 0.000000000000000000e+00
3.970000000000000000e+02 1.977899999999999884e-04 9.266600000000000488e-04 9.308499999999999392e-05 9.520899999999999459e-04
1.218000000000000000e+03 1.412199999999999957e-03 4.926700000000000003e-03 3.915799999999999880e-04 5.140099999999999877e-03
2.088000000000000000e+03 2.903999999999999897e-03 1.350400000000000038e-02 9.573399999999999922e-04 1.384600000000000067e-02
3.242000000000000000e+03 5.454900000000000374e-03 3.703800000000000148e-02 2.442100000000000000e-03 3.751700000000000174e-02
4.428000000000000000e+03 8.059900000000000050e-03 7.379099999999999548e-02 3.518100000000000133e-03 7.431300000000000405e-02
5.729000000000000000e+03 1.528700000000000024e-02 1.353800000000000003e-01 4.471499999999999780e-03 1.363099999999999867e-01
6.960000000000000000e+03 2.970300000000000024e-02 2.166399999999999992e-01 6.062599999999999587e-03 2.187500000000000000e-01
8.118000000000000000e+03 4.696700000000000180e-02 3.258300000000000085e-01 8.805900000000000186e-03 3.293200000000000016e-01
9.204000000000000000e+03 7.180400000000000671e-02 4.806500000000000217e-01 1.403500000000000060e-02 4.861900000000000110e-01
1.023900000000000000e+04 1.000800000000000023e-01 6.778600000000000181e-01 2.237899999999999959e-02 6.855799999999999672e-01
1.118100000000000000e+04 1.361300000000000010e-01 9.289300000000000335e-01 3.484299999999999897e-02 9.395000000000000018e-01
1.205600000000000000e+04 1.754600000000000048e-01 1.231600000000000028e+00 5.187400000000000344e-02 1.245100000000000096e+00
1.287800000000000000e+04 2.187999999999999945e-01 1.593499999999999917e+00 7.484899999999999887e-02 1.610200000000000076e+00
1.364000000000000000e+04 2.642300000000000204e-01 2.005300000000000082e+00 1.030800000000000050e-01 2.025300000000000100e+00
1.425500000000000000e+04 3.031300000000000106e-01 2.380399999999999849e+00 1.306200000000000139e-01 2.403200000000000003e+00
1.468800000000000000e+04 3.342800000000000216e-01 2.695500000000000007e+00 1.554000000000000103e-01 2.720600000000000129e+00
1.503200000000000000e+04 3.649700000000000166e-01 3.017300000000000093e+00 1.842399999999999871e-01 3.044799999999999951e+00
1.522200000000000000e+04 3.802800000000000069e-01 3.177799999999999958e+00 1.990999999999999992e-01 3.206700000000000106e+00
