1.000000000000000000e+00 -1.558489999999999931e+00 3.605740000000000056e-01 1.500000000000000000e+00
2.870000000000000000e+02 -1.725299979999999955e+00 3.958858199999999994e-01 2.860075981999999684e+00
1.010000000000000000e+03 -2.056339319999999748e+00 4.600898999999999961e-01 5.600633439999999297e+00
1.886000000000000000e+03 -2.356353300000000317e+00 5.099769000000000663e-01 8.321787300000000442e+00
3.042000000000000000e+03 -2.648785000000000167e+00 5.711399999999999810e-01 1.174477210000000049e+01
4.109000000000000000e+03 -2.702726999999999880e+00 4.775189999999999713e-01 1.584825529999999993e+01
5.423000000000000000e+03 -2.576960999999999835e+00 3.643699999999999717e-01 1.994242299999999801e+01
6.667000000000000000e+03 -2.432618999999999865e+00 2.627452699999999752e-01 2.404759100000000061e+01
7.843000000000000000e+03 -2.260730000000000128e+00 1.628340000000000065e-01 2.814450899999999933e+01
8.940000000000000000e+03 -2.068130000000000024e+00 9.130899999999997352e-02 3.225446600000000075e+01
9.994000000000000000e+03 -1.874150000000000205e+00 4.623300000000007959e-02 3.636714200000000119e+01
1.095700000000000000e+04 -1.671959999999999891e+00 4.276400000000002422e-02 4.047420399999999319e+01
1.184300000000000000e+04 -1.462690000000000046e+00 7.612999999999980894e-02 4.459516599999999897e+01
1.268800000000000000e+04 -1.247880000000000100e+00 1.577699999999999658e-01 4.872075000000000244e+01
1.345300000000000000e+04 -1.029949999999999921e+00 2.704400000000000137e-01 5.284101000000000425e+01
1.412000000000000000e+04 -8.468499999999999917e-01 3.795700000000001850e-01 5.628971999999999554e+01
1.459000000000000000e+04 -6.623700000000001253e-01 4.697500000000003340e-01 5.904363000000000028e+01
1.495500000000000000e+04 -2.136969999999999148e-01 5.516099999999997117e-01 6.178251000000000204e+01
1.518600000000000000e+04 1.105999999999995875e-02 5.882000000000000561e-01 6.316219999999999857e+01
1.370000000000000000e+02 1.558489999999999931e+00 -3.636220000000000008e-01 1.500000000000000000e+00
3.970000000000000000e+02 1.725276349999999903e+00 -4.053500300000000278e-01 2.859943431999999675e+00
1.218000000000000000e+03 1.818912419999999974e+00 -4.382667000000000090e-01 5.599787000000000070e+00
2.088000000000000000e+03 1.846873600000000115e+00 -4.609489999999999976e-01 8.319568610000001030e+00
3.242000000000000000e+03 1.786778999999999895e+00 -4.678390000000000049e-01 1.173917620000000106e+01
4.428000000000000000e+03 1.852046999999999999e+00 -4.659159999999999968e-01 1.583847570000000005e+01
5.729000000000000000e+03 1.804315999999999809e+00 -4.466200000000000170e-01 1.992850299999999919e+01
6.960000000000000000e+03 1.758884000000000114e+00 -4.377769999999999717e-01 2.402942451000000190e+01
8.118000000000000000e+03 1.704099999999999948e+00 -4.220050000000000190e-01 2.812176619999999971e+01
9.204000000000000000e+03 1.650880000000000125e+00 -3.849359999999999449e-01 3.222683070000000072e+01
1.023900000000000000e+04 1.607020000000000115e+00 -3.338000000000000966e-01 3.633522200000000169e+01
1.118100000000000000e+04 1.571280000000000010e+00 -2.545000000000000595e-01 4.043798199999999810e+01
1.205600000000000000e+04 1.539229999999999876e+00 -1.522200000000000220e-01 4.455555599999999572e+01
1.287800000000000000e+04 1.511249999999999982e+00 -2.132000000000000561e-02 4.867932199999999909e+01
1.364000000000000000e+04 1.485530000000000017e+00 1.352099999999998303e-01 5.279856099999999941e+01
1.425500000000000000e+04 1.465216000000000074e+00 2.779600000000002069e-01 5.624707999999999686e+01
1.468800000000000000e+04 1.423683000000000032e+00 3.945799999999999308e-01 5.900288000000000466e+01
1.503200000000000000e+04 1.205578000000000038e+00 5.041400000000000325e-01 6.175395000000000323e+01
1.522200000000000000e+04 1.096559999999999979e+00 5.538000000000002920e-01 6.313993999999999573e+01
