1.000000000000000000e+00 -1.558489999999999931e+00 3.605740000000000056e-01 1.500000000000000000e+00
2.870000000000000000e+02 -1.724636249999999871e+00 3.956413200000000185e-01 2.859809519999999772e+00
1.010000000000000000e+03 -2.056630338099999733e+00 4.596457999999999933e-01 5.598815199999999770e+00
1.886000000000000000e+03 -2.364422200000000363e+00 5.109014000000000610e-01 8.316896400000000966e+00
3.042000000000000000e+03 -2.668558500000000056e+00 5.715300000000000935e-01 1.173432569999999942e+01
4.109000000000000000e+03 -2.743476400000000037e+00 4.805260000000000087e-01 1.583344989999999974e+01
5.423000000000000000e+03 -2.643870999999999860e+00 3.667699999999999849e-01 1.992485920000000021e+01
6.667000000000000000e+03 -2.530621999999999705e+00 2.641552699999999976e-01 2.402800270000000182e+01
7.843000000000000000e+03 -2.394005000000000383e+00 1.628940000000000110e-01 2.812364739999999941e+01
8.940000000000000000e+03 -2.240910300000000355e+00 8.919900000000002827e-02 3.223283699999999641e+01
9.994000000000000000e+03 -2.089925000000000033e+00 4.138300000000005863e-02 3.634519600000000139e+01
1.095700000000000000e+04 -1.933670000000000000e+00 3.505400000000002958e-02 4.045242999999999967e+01
1.184300000000000000e+04 -1.772855000000000070e+00 6.552999999999986613e-02 4.457402899999999590e+01
1.268800000000000000e+04 -1.608277000000000179e+00 1.443699999999998873e-01 4.870063600000000292e+01
1.345300000000000000e+04 -1.441616999999999926e+00 2.543400000000002326e-01 5.282225000000000392e+01
1.412000000000000000e+04 -1.301827999999999985e+00 3.613699999999999690e-01 5.627224999999999966e+01
1.459000000000000000e+04 -1.152044000000000068e+00 4.499500000000002942e-01 5.902772999999999826e+01
1.495500000000000000e+04 -7.379669999999999286e-01 5.300099999999998701e-01 6.177154999999999774e+01
1.518600000000000000e+04 -5.306400000000000006e-01 5.657000000000000917e-01 6.315370000000000061e+01
1.370000000000000000e+02 1.558489999999999931e+00 -3.636220000000000008e-01 1.500000000000000000e+00
3.970000000000000000e+02 1.725268009999999963e+00 -4.054566199999999898e-01 2.860251599999999783e+00
1.218000000000000000e+03 1.820166600000000079e+00 -4.390644999999999687e-01 5.601043100000000052e+00
2.088000000000000000e+03 1.846417799999999998e+00 -4.621839999999999837e-01 8.322458700000000320e+00
3.242000000000000000e+03 1.776241669999999884e+00 -4.690670000000000117e-01 1.174596810000000069e+01
4.428000000000000000e+03 1.812339999999999840e+00 -4.652359999999999829e-01 1.584886110000000059e+01
5.729000000000000000e+03 1.738771999999999984e+00 -4.463100000000000400e-01 1.994078800000000129e+01
6.960000000000000000e+03 1.661116999999999955e+00 -4.378369999999999762e-01 2.404312200000000033e+01
8.118000000000000000e+03 1.570689000000000002e+00 -4.233350000000000168e-01 2.813638800000000018e+01
9.204000000000000000e+03 1.478238000000000163e+00 -3.886559999999999460e-01 3.224199099999999873e+01
1.023900000000000000e+04 1.391042800000000135e+00 -3.406600000000000739e-01 3.635058999999999685e+01
1.118100000000000000e+04 1.309498999999999969e+00 -2.643699999999999939e-01 4.045319399999999632e+01
1.205600000000000000e+04 1.228931999999999913e+00 -1.652200000000001445e-01 4.457025499999999596e+01
1.287800000000000000e+04 1.150765000000000038e+00 -3.701999999999983082e-02 4.869319199999999626e+01
1.364000000000000000e+04 1.073811000000000071e+00 1.170100000000000584e-01 5.281133000000000521e+01
1.425500000000000000e+04 1.010210999999999970e+00 2.578599999999999781e-01 5.625877999999999446e+01
1.468800000000000000e+04 9.340249999999999941e-01 3.730799999999998562e-01 5.901333999999999946e+01
1.503200000000000000e+04 6.813280000000000447e-01 4.813399999999998791e-01 6.176093999999999795e+01
1.522200000000000000e+04 5.548600000000000199e-01 5.304000000000002046e-01 6.314517000000000024e+01
