1.000000000000000000e+00 -1.558489999999999931e+00 3.605740000000000056e-01 1.500000000000000000e+00
2.870000000000000000e+02 -1.724916349999999987e+00 3.957441100000000378e-01 2.859935741999999781e+00
1.010000000000000000e+03 -2.056369649999999716e+00 4.597974000000000228e-01 5.599666259999999340e+00
1.886000000000000000e+03 -2.360443325600000364e+00 5.103575000000000195e-01 8.319186870000001122e+00
3.042000000000000000e+03 -2.658896800000000393e+00 5.708050000000000068e-01 1.173922583000000053e+01
4.109000000000000000e+03 -2.723720999999999837e+00 4.779959999999999765e-01 1.584038241000000014e+01
5.423000000000000000e+03 -2.611533000000000104e+00 3.636500000000000288e-01 1.993304350000000014e+01
6.667000000000000000e+03 -2.483362999999999765e+00 2.603652699999999820e-01 2.403707540000000265e+01
7.843000000000000000e+03 -2.329856000000000371e+00 1.583239999999999925e-01 2.813323800000000219e+01
8.940000000000000000e+03 -2.157877000000000045e+00 8.360900000000004439e-02 3.224266999999999683e+01
9.994000000000000000e+03 -1.986340000000000217e+00 3.454299999999999038e-02 3.635502300000000275e+01
1.095700000000000000e+04 -1.808140000000000081e+00 2.620400000000000507e-02 4.046195699999999817e+01
1.184300000000000000e+04 -1.624139999999999917e+00 5.392999999999981142e-02 4.458297599999999505e+01
1.268800000000000000e+04 -1.435490000000000155e+00 1.291700000000000070e-01 4.870874500000000040e+01
1.345300000000000000e+04 -1.244240000000000013e+00 2.347400000000001707e-01 5.282928000000000424e+01
1.412000000000000000e+04 -1.083650000000000002e+00 3.373700000000003918e-01 5.627821999999999747e+01
1.459000000000000000e+04 -9.171900000000000608e-01 4.222500000000000142e-01 5.903256999999999977e+01
1.495500000000000000e+04 -4.864769999999999373e-01 4.984099999999997976e-01 6.177360999999999791e+01
1.518600000000000000e+04 -2.707799999999999652e-01 5.322000000000000064e-01 6.315437999999999619e+01
1.370000000000000000e+02 1.558489999999999931e+00 -3.636220000000000008e-01 1.500000000000000000e+00
3.970000000000000000e+02 1.725247879999999956e+00 -4.054096699999999998e-01 2.860093176999999987e+00
1.218000000000000000e+03 1.819372900000000071e+00 -4.386926999999999910e-01 5.600391939999999735e+00
2.088000000000000000e+03 1.846285300000000129e+00 -4.616579999999999573e-01 8.320958159999999992e+00
3.242000000000000000e+03 1.780967100000000025e+00 -4.688039999999999985e-01 1.174244419999999955e+01
4.428000000000000000e+03 1.831632099999999985e+00 -4.664369999999999905e-01 1.584352119999999964e+01
5.729000000000000000e+03 1.770531999999999995e+00 -4.481000000000000538e-01 1.993447550000000135e+01
6.960000000000000000e+03 1.708346000000000142e+00 -4.404569999999999874e-01 2.403606790000000260e+01
8.118000000000000000e+03 1.634998999999999869e+00 -4.267249999999999654e-01 2.812881340000000208e+01
9.204000000000000000e+03 1.561281000000000141e+00 -3.928459999999999730e-01 3.223404699999999679e+01
1.023900000000000000e+04 1.494800000000000129e+00 -3.458900000000000308e-01 3.634239699999999829e+01
1.118100000000000000e+04 1.435119999999999951e+00 -2.714699999999999891e-01 4.044487199999999660e+01
1.205600000000000000e+04 1.377759999999999874e+00 -1.749200000000001864e-01 4.456191700000000111e+01
1.287800000000000000e+04 1.323620000000000019e+00 -5.031999999999992035e-02 4.868491199999999708e+01
1.364000000000000000e+04 1.271239999999999926e+00 9.911000000000003141e-02 5.280317000000000149e+01
1.425500000000000000e+04 1.228415999999999952e+00 2.354600000000002247e-01 5.625074000000000041e+01
1.468800000000000000e+04 1.168873000000000051e+00 3.467799999999998661e-01 5.900553000000000026e+01
1.503200000000000000e+04 9.327980000000000160e-01 4.508399999999999075e-01 6.175441000000000003e+01
1.522200000000000000e+04 8.147199999999999998e-01 4.976000000000002643e-01 6.313927999999999940e+01
