1.000000000000000000e+00 0.000000000000000000e+00 0.000000000000000000e+00 0.000000000000000000e+00 0.000000000000000000e+00
2.870000000000000000e+02 -2.595499999999999934e-04 6.199899999999999509e-04 7.877099999999999510e-05 6.767299999999999531e-04
1.010000000000000000e+03 2.882000000000000122e-04 3.425399999999999886e-03 6.526600000000000023e-04 3.498900000000000100e-03
1.886000000000000000e+03 4.136599999999999826e-03 8.236300000000000218e-03 1.839899999999999999e-03 9.398500000000000604e-03
3.042000000000000000e+03 1.448499999999999961e-02 4.472500000000000087e-02 4.871000000000000330e-03 4.726400000000000046e-02
4.109000000000000000e+03 3.262400000000000022e-02 8.987199999999999356e-02 8.370300000000000656e-03 9.597600000000000575e-02
5.423000000000000000e+03 5.585600000000000287e-02 1.579200000000000048e-01 1.250899999999999929e-02 1.679799999999999904e-01
6.667000000000000000e+03 8.521099999999999508e-02 2.488100000000000034e-01 1.761199999999999918e-02 2.635899999999999910e-01
7.843000000000000000e+03 1.210399999999999948e-01 3.639600000000000057e-01 2.440700000000000161e-02 3.843400000000000150e-01
8.940000000000000000e+03 1.655600000000000127e-01 5.257199999999999651e-01 3.415200000000000180e-02 5.522299999999999986e-01
9.994000000000000000e+03 2.170600000000000029e-01 7.257299999999999862e-01 4.653100000000000291e-02 7.589299999999999935e-01
1.095700000000000000e+04 2.752100000000000102e-01 9.816099999999999826e-01 6.315999999999999392e-02 1.021400000000000086e+00
1.184300000000000000e+04 3.389300000000000090e-01 1.286699999999999955e+00 8.356099999999999639e-02 1.333199999999999941e+00
1.268800000000000000e+04 4.069499999999999784e-01 1.648400000000000087e+00 1.084299999999999986e-01 1.701300000000000034e+00
1.345300000000000000e+04 4.775499999999999745e-01 2.056900000000000173e+00 1.378199999999999981e-01 2.116099999999999870e+00
1.412000000000000000e+04 5.375699999999999923e-01 2.427000000000000046e+00 1.656900000000000039e-01 2.491299999999999848e+00
1.459000000000000000e+04 5.856099999999999639e-01 2.733600000000000030e+00 1.888799999999999923e-01 2.802000000000000046e+00
1.495500000000000000e+04 6.337399999999999700e-01 3.034499999999999975e+00 2.071000000000000063e-01 3.106899999999999995e+00
1.518600000000000000e+04 6.582000000000000073e-01 3.184800000000000075e+00 2.164500000000000035e-01 3.259300000000000086e+00
1.370000000000000000e+02 0.000000000000000000e+00 0.000000000000000000e+00 0.000000000000000000e+00 0.000000000000000000e+00
3.970000000000000000e+02 2.239300000000000058e-04 9.665000000000000197e-04 -6.045599999999999851e-05 9.939499999999999551e-04
1.218000000000000000e+03 9.265799999999999818e-04 5.247800000000000381e-03 -2.281299999999999994e-04 5.333899999999999926e-03
2.088000000000000000e+03 3.456400000000000097e-03 1.392400000000000061e-02 -4.666699999999999755e-04 1.435499999999999970e-02
3.242000000000000000e+03 1.123999999999999999e-02 3.721499999999999808e-02 -9.123000000000000033e-04 3.888599999999999696e-02
4.428000000000000000e+03 2.855200000000000099e-02 7.274700000000000610e-02 -1.661600000000000056e-03 7.816700000000000037e-02
5.729000000000000000e+03 4.917099999999999943e-02 1.339400000000000035e-01 -1.672099999999999932e-03 1.426900000000000113e-01
6.960000000000000000e+03 8.025899999999999701e-02 2.145700000000000107e-01 -8.019599999999999992e-04 2.290899999999999881e-01
8.118000000000000000e+03 1.159899999999999959e-01 3.232999999999999763e-01 1.461300000000000012e-03 3.434800000000000075e-01
9.204000000000000000e+03 1.610999999999999932e-01 4.776900000000000035e-01 6.389800000000000167e-03 5.041700000000000070e-01
1.023900000000000000e+04 2.117100000000000093e-01 6.743599999999999595e-01 1.456299999999999956e-02 7.069600000000000328e-01
1.118100000000000000e+04 2.712800000000000211e-01 9.241200000000000525e-01 2.699599999999999916e-02 9.634899999999999576e-01
1.205600000000000000e+04 3.354599999999999804e-01 1.224800000000000111e+00 4.411600000000000243e-02 1.270699999999999941e+00
1.287800000000000000e+04 4.044499999999999762e-01 1.583700000000000108e+00 6.726300000000000334e-02 1.635899999999999910e+00
1.364000000000000000e+04 4.759900000000000242e-01 1.991500000000000048e+00 9.572500000000000453e-02 2.049900000000000055e+00
1.425500000000000000e+04 5.369300000000000184e-01 2.362800000000000011e+00 1.234800000000000064e-01 2.426099999999999923e+00
1.468800000000000000e+04 5.857099999999999529e-01 2.674500000000000099e+00 1.485799999999999899e-01 2.741899999999999782e+00
1.503200000000000000e+04 6.340099999999999625e-01 2.992799999999999905e+00 1.788700000000000012e-01 3.064400000000000013e+00
1.522200000000000000e+04 6.582000000000000073e-01 3.151699999999999946e+00 1.944500000000000117e-01 3.225600000000000023e+00
