0.000000000000000000e+00 0.000000000000000000e+00 0.000000000000000000e+00 0.000000000000000000e+00 0.000000000000000000e+00 0.000000000000000000e+00 0.000000000000000000e+00 0.000000000000000000e+00 0.000000000000000000e+00
1.724600000000000124e-04 -2.595499999999999934e-04 4.137500000000000010e-04 1.334200000000000067e-04 -2.499299999999999872e-04 4.127499999999999767e-04 1.336499999999999960e-04 -2.499800000000000156e-04 4.127499999999999767e-04
3.387800000000000056e-04 2.882000000000000122e-04 9.661899999999999769e-06 2.699199999999999907e-04 3.007400000000000242e-04 6.816099999999999843e-06 2.703499999999999849e-04 3.006800000000000011e-04 6.822000000000000075e-06
-8.155100000000000576e-05 4.136599999999999826e-03 -3.972200000000000383e-03 7.142600000000000020e-06 4.096500000000000315e-03 -3.974199999999999781e-03 6.674399999999999997e-06 4.096699999999999994e-03 -3.974199999999999781e-03
4.623200000000000053e-03 1.448499999999999961e-02 -5.298500000000000258e-03 4.361600000000000199e-03 1.447500000000000002e-02 -5.319299999999999896e-03 4.363200000000000238e-03 1.447500000000000002e-02 -5.319299999999999896e-03
1.241300000000000042e-02 3.262400000000000022e-02 -8.116399999999999310e-03 1.163400000000000024e-02 3.263300000000000228e-02 -8.170999999999999444e-03 1.163900000000000004e-02 3.263300000000000228e-02 -8.170800000000000632e-03
2.282500000000000154e-02 5.585600000000000287e-02 -1.101099999999999995e-02 2.131699999999999914e-02 5.589899999999999730e-02 -1.111299999999999961e-02 2.132699999999999874e-02 5.589899999999999730e-02 -1.111299999999999961e-02
3.713000000000000328e-02 8.521099999999999508e-02 -1.268200000000000056e-02 3.456000000000000044e-02 8.532099999999999407e-02 -1.285000000000000031e-02 3.457699999999999663e-02 8.532099999999999407e-02 -1.284899999999999931e-02
5.622100000000000014e-02 1.210399999999999948e-01 -1.199500000000000045e-02 5.212800000000000072e-02 1.212799999999999989e-01 -1.225200000000000074e-02 5.215399999999999897e-02 1.212799999999999989e-01 -1.225099999999999974e-02
8.263500000000000012e-02 1.655600000000000127e-01 -6.740300000000000284e-03 7.625200000000000033e-02 1.660399999999999932e-01 -7.121500000000000226e-03 7.629299999999999971e-02 1.660399999999999932e-01 -7.120699999999999773e-03
1.148799999999999960e-01 2.170600000000000029e-01 2.085000000000000048e-03 1.056099999999999955e-01 2.178700000000000081e-01 1.549000000000000030e-03 1.056700000000000000e-01 2.178599999999999981e-01 1.550100000000000002e-03
1.529600000000000126e-01 2.752100000000000102e-01 1.471000000000000085e-02 1.401600000000000068e-01 2.764199999999999990e-01 1.398699999999999943e-02 1.402400000000000035e-01 2.764199999999999990e-01 1.398899999999999970e-02
1.959200000000000108e-01 3.389300000000000090e-01 3.045499999999999943e-02 1.790599999999999969e-01 3.406199999999999783e-01 2.951700000000000157e-02 1.791699999999999959e-01 3.406199999999999783e-01 2.951900000000000010e-02
2.427600000000000036e-01 4.069499999999999784e-01 4.876300000000000079e-02 2.214099999999999957e-01 4.091699999999999782e-01 4.758699999999999736e-02 2.215499999999999969e-01 4.091600000000000237e-01 4.758899999999999936e-02
2.919599999999999973e-01 4.775499999999999745e-01 6.864299999999999569e-02 2.658499999999999752e-01 4.803200000000000247e-01 6.721199999999999397e-02 2.660199999999999787e-01 4.803100000000000147e-01 6.721499999999999697e-02
3.339599999999999791e-01 5.375699999999999923e-01 8.581199999999999939e-02 3.038000000000000145e-01 5.408100000000000129e-01 8.415999999999999870e-02 3.039899999999999824e-01 5.407899999999999929e-01 8.416300000000000170e-02
3.675499999999999878e-01 5.856099999999999639e-01 9.952600000000000335e-02 3.341600000000000126e-01 5.892199999999999660e-01 9.769799999999999318e-02 3.343800000000000106e-01 5.891999999999999460e-01 9.770099999999999618e-02
4.013399999999999745e-01 6.337399999999999700e-01 1.134300000000000030e-01 3.646800000000000042e-01 6.377099999999999991e-01 1.114300000000000013e-01 3.649200000000000221e-01 6.377000000000000446e-01 1.114300000000000013e-01
4.186300000000000021e-01 6.582000000000000073e-01 1.206600000000000034e-01 3.802800000000000069e-01 6.623799999999999688e-01 1.185699999999999948e-01 3.805200000000000249e-01 6.623599999999999488e-01 1.185699999999999948e-01
0.000000000000000000e+00 0.000000000000000000e+00 0.000000000000000000e+00 0.000000000000000000e+00 0.000000000000000000e+00 0.000000000000000000e+00 0.000000000000000000e+00 0.000000000000000000e+00 0.000000000000000000e+00
2.117900000000000034e-04 2.239300000000000058e-04 2.180100000000000083e-04 1.977899999999999884e-04 2.263599999999999944e-04 2.175099999999999961e-04 1.978799999999999960e-04 2.263499999999999996e-04 2.175099999999999961e-04
1.538899999999999947e-03 9.265799999999999818e-04 2.206599999999999968e-03 1.412199999999999957e-03 9.525500000000000330e-04 2.202799999999999984e-03 1.412899999999999920e-03 9.524200000000000461e-04 2.202799999999999984e-03
3.130400000000000196e-03 3.456400000000000097e-03 3.037799999999999789e-03 2.903999999999999897e-03 3.493800000000000031e-03 3.029200000000000122e-03 2.905299999999999983e-03 3.493599999999999917e-03 3.029200000000000122e-03
5.814399999999999950e-03 1.123999999999999999e-02 7.316700000000000200e-04 5.454900000000000374e-03 1.126899999999999950e-02 7.115000000000000014e-04 5.457100000000000319e-03 1.126899999999999950e-02 7.115500000000000297e-04
8.381899999999999420e-03 2.855200000000000099e-02 -1.123000000000000040e-02 8.059900000000000050e-03 2.847699999999999884e-02 -1.127000000000000050e-02 8.062100000000000863e-03 2.847699999999999884e-02 -1.127000000000000050e-02
1.601899999999999852e-02 4.917099999999999943e-02 -1.646800000000000000e-02 1.528700000000000024e-02 4.907500000000000057e-02 -1.654399999999999968e-02 1.529200000000000004e-02 4.907600000000000157e-02 -1.654399999999999968e-02
3.164299999999999752e-02 8.025899999999999701e-02 -1.751300000000000079e-02 2.970300000000000024e-02 8.025400000000000589e-02 -1.765999999999999862e-02 2.971599999999999936e-02 8.025400000000000589e-02 -1.765999999999999862e-02
5.031499999999999861e-02 1.159899999999999959e-01 -1.732099999999999959e-02 4.696700000000000180e-02 1.160899999999999987e-01 -1.755400000000000016e-02 4.698900000000000299e-02 1.160899999999999987e-01 -1.755400000000000016e-02
7.745199999999999307e-02 1.610999999999999932e-01 -1.120200000000000015e-02 7.180400000000000671e-02 1.614400000000000002e-01 -1.155899999999999983e-02 7.184100000000000208e-02 1.614400000000000002e-01 -1.155800000000000056e-02
1.084799999999999931e-01 2.117100000000000093e-01 -3.627200000000000129e-03 1.000800000000000023e-01 2.123500000000000110e-01 -4.134999999999999787e-03 1.001299999999999968e-01 2.123500000000000110e-01 -4.133999999999999654e-03
1.482199999999999906e-01 2.712800000000000211e-01 1.057899999999999986e-02 1.361300000000000010e-01 2.723599999999999910e-01 9.879199999999999440e-03 1.361999999999999877e-01 2.723599999999999910e-01 9.880599999999999800e-03
1.916599999999999970e-01 3.354599999999999804e-01 2.673199999999999882e-02 1.754600000000000048e-01 3.370299999999999963e-01 2.581599999999999867e-02 1.755599999999999938e-01 3.370299999999999963e-01 2.581699999999999967e-02
2.396300000000000097e-01 4.044499999999999762e-01 4.607499999999999790e-02 2.187999999999999945e-01 4.065699999999999870e-01 4.491599999999999759e-02 2.189300000000000135e-01 4.065599999999999770e-01 4.491900000000000059e-02
2.899900000000000255e-01 4.759900000000000242e-01 6.697100000000000275e-02 2.642300000000000204e-01 4.787000000000000144e-01 6.555099999999999816e-02 2.644000000000000239e-01 4.786900000000000044e-01 6.555300000000000016e-02
3.331299999999999817e-01 5.369300000000000184e-01 8.511499999999999622e-02 3.031300000000000106e-01 5.401399999999999535e-01 8.346800000000000053e-02 3.033199999999999785e-01 5.401200000000000445e-01 8.347100000000000353e-02
3.676699999999999968e-01 5.857099999999999529e-01 9.964199999999999446e-02 3.342800000000000216e-01 5.893100000000000005e-01 9.781299999999999717e-02 3.344900000000000095e-01 5.893000000000000460e-01 9.781600000000000017e-02
4.016799999999999815e-01 6.340099999999999625e-01 1.137299999999999978e-01 3.649700000000000166e-01 6.380000000000000115e-01 1.117299999999999960e-01 3.652000000000000246e-01 6.379799999999999915e-01 1.117299999999999960e-01
4.186300000000000021e-01 6.582000000000000073e-01 1.206600000000000034e-01 3.802800000000000069e-01 6.623799999999999688e-01 1.185699999999999948e-01 3.805200000000000249e-01 6.623599999999999488e-01 1.185699999999999948e-01
