1.000000000000000000e+00 -1.558489999999999931e+00 3.605740000000000056e-01 1.500000000000000000e+00
2.870000000000000000e+02 -1.724637250000000011e+00 3.956392900000000323e-01 2.859809719999999889e+00
1.010000000000000000e+03 -2.056633183899999828e+00 4.596322999999999936e-01 5.598816599999999255e+00
1.886000000000000000e+03 -2.364424200000000198e+00 5.108643999999999963e-01 8.316900000000000404e+00
3.042000000000000000e+03 -2.668579300000000210e+00 5.713480000000000780e-01 1.173432969999999997e+01
4.109000000000000000e+03 -2.743530999999999942e+00 4.801440000000000152e-01 1.583344909999999928e+01
5.423000000000000000e+03 -2.643972999999999907e+00 3.660900000000000265e-01 1.992484689999999858e+01
6.667000000000000000e+03 -2.530789999999999651e+00 2.630652700000000177e-01 2.402797260000000179e+01
7.843000000000000000e+03 -2.394262000000000334e+00 1.612740000000000007e-01 2.812358880000000028e+01
8.940000000000000000e+03 -2.241291499999999992e+00 8.680900000000002503e-02 3.223273299999999608e+01
9.994000000000000000e+03 -2.090461000000000347e+00 3.800300000000000900e-02 3.634503099999999876e+01
1.095700000000000000e+04 -1.934393000000000029e+00 3.038399999999996659e-02 4.045217799999999642e+01
1.184300000000000000e+04 -1.773792999999999953e+00 5.922999999999989384e-02 4.457366700000000037e+01
1.268800000000000000e+04 -1.609453000000000022e+00 1.361699999999999022e-01 4.870013699999999801e+01
1.345300000000000000e+04 -1.443047999999999886e+00 2.439400000000000457e-01 5.282159000000000049e+01
1.412000000000000000e+04 -1.303479999999999972e+00 3.488700000000002355e-01 5.627141999999999911e+01
1.459000000000000000e+04 -1.153872000000000009e+00 4.357500000000000817e-01 5.902676999999999907e+01
1.495500000000000000e+04 -7.399669999999999304e-01 5.141100000000000669e-01 6.177047000000000310e+01
1.518600000000000000e+04 -5.327300000000000368e-01 5.490000000000003766e-01 6.315256999999999721e+01
1.370000000000000000e+02 1.558489999999999931e+00 -3.636220000000000008e-01 1.500000000000000000e+00
3.970000000000000000e+02 1.725267509999999893e+00 -4.054606000000000043e-01 2.860251239999999751e+00
1.218000000000000000e+03 1.820162800000000081e+00 -4.390857999999999706e-01 5.601041799999999959e+00
2.088000000000000000e+03 1.846409200000000084e+00 -4.622409999999999575e-01 8.322455800000000181e+00
3.242000000000000000e+03 1.776221499999999898e+00 -4.692230000000000012e-01 1.174596080000000065e+01
4.428000000000000000e+03 1.812300000000000022e+00 -4.655449999999999866e-01 1.584885069999999985e+01
5.729000000000000000e+03 1.738696000000000019e+00 -4.468800000000000550e-01 1.994077400000000111e+01
6.960000000000000000e+03 1.660970000000000057e+00 -4.387769999999999726e-01 2.404310300000000211e+01
8.118000000000000000e+03 1.570455999999999852e+00 -4.247750000000000137e-01 2.813635800000000131e+01
9.204000000000000000e+03 1.477881000000000000e+00 -3.908259999999999512e-01 3.224193799999999754e+01
1.023900000000000000e+04 1.390535000000000077e+00 -3.437700000000001310e-01 3.635049800000000175e+01
1.118100000000000000e+04 1.308799200000000162e+00 -2.687200000000000699e-01 4.045304199999999639e+01
1.205600000000000000e+04 1.228015999999999996e+00 -1.710200000000001719e-01 4.457001799999999747e+01
1.287800000000000000e+04 1.149605999999999906e+00 -4.481999999999985995e-02 4.869283599999999979e+01
1.364000000000000000e+04 1.072390999999999872e+00 1.070099999999998275e-01 5.281081999999999965e+01
1.425500000000000000e+04 1.008564000000000016e+00 2.457600000000002005e-01 5.625811999999999813e+01
1.468800000000000000e+04 9.321960000000000246e-01 3.592800000000000438e-01 5.901254000000000133e+01
1.503200000000000000e+04 6.793280000000000429e-01 4.658400000000000318e-01 6.175997999999999877e+01
1.522200000000000000e+04 5.527699999999999836e-01 5.139000000000000234e-01 6.314414000000000016e+01
