0.000000000000000000e+00 0.000000000000000000e+00 0.000000000000000000e+00 0.000000000000000000e+00 0.000000000000000000e+00 0.000000000000000000e+00 0.000000000000000000e+00 0.000000000000000000e+00 0.000000000000000000e+00
5.378400000000000411e-04 6.199899999999999509e-04 3.843200000000000067e-04 4.867900000000000200e-04 6.288700000000000149e-04 3.822899999999999736e-04 4.871100000000000169e-04 6.288199999999999866e-04 3.823000000000000226e-04
3.558599999999999871e-03 3.425399999999999886e-03 3.047799999999999815e-03 3.197199999999999868e-03 3.492299999999999831e-03 3.034300000000000191e-03 3.199399999999999814e-03 3.491900000000000039e-03 3.034400000000000031e-03
9.852500000000000147e-03 8.236300000000000218e-03 9.359400000000000358e-03 8.809100000000000263e-03 8.436000000000000790e-03 9.322399999999999784e-03 8.815500000000000419e-03 8.434900000000000383e-03 9.322499999999999190e-03
5.061500000000000027e-02 4.472500000000000087e-02 4.609699999999999909e-02 4.534099999999999936e-02 4.571200000000000263e-02 4.591499999999999748e-02 4.537200000000000261e-02 4.570699999999999763e-02 4.591599999999999848e-02
1.033199999999999952e-01 8.987199999999999356e-02 9.493799999999999462e-02 9.234199999999999353e-02 9.194199999999999595e-02 9.455600000000000116e-02 9.240800000000000403e-02 9.193099999999999883e-02 9.455700000000000216e-02
1.801399999999999946e-01 1.579200000000000048e-01 1.639599999999999946e-01 1.607300000000000118e-01 1.615800000000000014e-01 1.632800000000000085e-01 1.608400000000000107e-01 1.615600000000000092e-01 1.632800000000000085e-01
2.828399999999999803e-01 2.488100000000000034e-01 2.559899999999999953e-01 2.520100000000000118e-01 2.546100000000000030e-01 2.549000000000000155e-01 2.521999999999999797e-01 2.545799999999999730e-01 2.549000000000000155e-01
4.133100000000000107e-01 3.639600000000000057e-01 3.725700000000000123e-01 3.677199999999999913e-01 3.725499999999999923e-01 3.709500000000000020e-01 3.679999999999999938e-01 3.725100000000000078e-01 3.709500000000000020e-01
5.970499999999999696e-01 5.257199999999999651e-01 5.361700000000000355e-01 5.301799999999999846e-01 5.383499999999999952e-01 5.337800000000000322e-01 5.305800000000000516e-01 5.382799999999999807e-01 5.337800000000000322e-01
8.248299999999999521e-01 7.257299999999999862e-01 7.385300000000000198e-01 7.311100000000000376e-01 7.434699999999999642e-01 7.351499999999999702e-01 7.316899999999999515e-01 7.433800000000000407e-01 7.351600000000000357e-01
1.117599999999999927e+00 9.816099999999999826e-01 9.982900000000000107e-01 9.886500000000000288e-01 1.006099999999999994e+00 9.936199999999999477e-01 9.894399999999999862e-01 1.006000000000000005e+00 9.936300000000000132e-01
1.467999999999999972e+00 1.286699999999999955e+00 1.308699999999999974e+00 1.296100000000000030e+00 1.319399999999999906e+00 1.302400000000000002e+00 1.297099999999999920e+00 1.319299999999999917e+00 1.302400000000000002e+00
1.884800000000000031e+00 1.648400000000000087e+00 1.677599999999999980e+00 1.661000000000000032e+00 1.691200000000000037e+00 1.669399999999999995e+00 1.662400000000000100e+00 1.691000000000000059e+00 1.669399999999999995e+00
2.357099999999999973e+00 2.056900000000000173e+00 2.095000000000000195e+00 2.073700000000000099e+00 2.111400000000000166e+00 2.084600000000000009e+00 2.075400000000000134e+00 2.111099999999999977e+00 2.084600000000000009e+00
2.785499999999999865e+00 2.427000000000000046e+00 2.473599999999999799e+00 2.447499999999999787e+00 2.492100000000000204e+00 2.461100000000000065e+00 2.449600000000000222e+00 2.491800000000000015e+00 2.461100000000000065e+00
3.140699999999999825e+00 2.733600000000000030e+00 2.787500000000000089e+00 2.757400000000000073e+00 2.807700000000000085e+00 2.773299999999999876e+00 2.759799999999999809e+00 2.807300000000000129e+00 2.773299999999999876e+00
3.487999999999999989e+00 3.034499999999999975e+00 3.095099999999999962e+00 3.060900000000000176e+00 3.117100000000000204e+00 3.079200000000000159e+00 3.063499999999999890e+00 3.116699999999999804e+00 3.079299999999999926e+00
3.661300000000000221e+00 3.184800000000000075e+00 3.248699999999999921e+00 3.212400000000000144e+00 3.271700000000000053e+00 3.232000000000000206e+00 3.215199999999999836e+00 3.271199999999999886e+00 3.232099999999999973e+00
0.000000000000000000e+00 0.000000000000000000e+00 0.000000000000000000e+00 0.000000000000000000e+00 0.000000000000000000e+00 0.000000000000000000e+00 0.000000000000000000e+00 0.000000000000000000e+00 0.000000000000000000e+00
1.037399999999999954e-03 9.665000000000000197e-04 8.803800000000000514e-04 9.266600000000000488e-04 9.870799999999999887e-04 8.764000000000000522e-04 9.273299999999999729e-04 9.869699999999999914e-04 8.764099999999999929e-04
5.517000000000000202e-03 5.247800000000000381e-03 4.558500000000000052e-03 4.926700000000000003e-03 5.356900000000000377e-03 4.537199999999999914e-03 4.930300000000000307e-03 5.356299999999999603e-03 4.537199999999999914e-03
1.511599999999999923e-02 1.392400000000000061e-02 1.298799999999999955e-02 1.350400000000000038e-02 1.422499999999999980e-02 1.293099999999999979e-02 1.351399999999999997e-02 1.422299999999999953e-02 1.293099999999999979e-02
4.140499999999999736e-02 3.721499999999999808e-02 3.680100000000000038e-02 3.703800000000000148e-02 3.803399999999999836e-02 3.664499999999999702e-02 3.706399999999999972e-02 3.802900000000000030e-02 3.664599999999999802e-02
8.241500000000000214e-02 7.274700000000000610e-02 7.504399999999999959e-02 7.379099999999999548e-02 7.437299999999999467e-02 7.473499999999999588e-02 7.384300000000000586e-02 7.436399999999999955e-02 7.473599999999999688e-02
1.514300000000000090e-01 1.339400000000000035e-01 1.372599999999999931e-01 1.353800000000000003e-01 1.369599999999999984e-01 1.366900000000000059e-01 1.354700000000000071e-01 1.369499999999999884e-01 1.366900000000000059e-01
2.428200000000000081e-01 2.145700000000000107e-01 2.194200000000000039e-01 2.166399999999999992e-01 2.195100000000000107e-01 2.184800000000000075e-01 2.167999999999999927e-01 2.194800000000000084e-01 2.184800000000000075e-01
3.656400000000000206e-01 3.232999999999999763e-01 3.294599999999999751e-01 3.258300000000000085e-01 3.308300000000000129e-01 3.280199999999999783e-01 3.260700000000000265e-01 3.307899999999999729e-01 3.280199999999999783e-01
5.402200000000000335e-01 4.776900000000000035e-01 4.852000000000000202e-01 4.806500000000000217e-01 4.889700000000000157e-01 4.830300000000000149e-01 4.810099999999999931e-01 4.889200000000000212e-01 4.830400000000000249e-01
7.632200000000000095e-01 6.743599999999999595e-01 6.836200000000000054e-01 6.778600000000000181e-01 6.905599999999999516e-01 6.805099999999999483e-01 6.783900000000000485e-01 6.904799999999999827e-01 6.805200000000000138e-01
1.047800000000000065e+00 9.241200000000000525e-01 9.367600000000000371e-01 9.289300000000000335e-01 9.467499999999999805e-01 9.324099999999999611e-01 9.296600000000000419e-01 9.466299999999999715e-01 9.324099999999999611e-01
1.391999999999999904e+00 1.224800000000000111e+00 1.242299999999999960e+00 1.231600000000000028e+00 1.255400000000000071e+00 1.236499999999999932e+00 1.232599999999999918e+00 1.255300000000000082e+00 1.236499999999999932e+00
1.804300000000000015e+00 1.583700000000000108e+00 1.608100000000000085e+00 1.593499999999999917e+00 1.624000000000000110e+00 1.600300000000000056e+00 1.594799999999999995e+00 1.623799999999999910e+00 1.600400000000000045e+00
2.274799999999999933e+00 1.991500000000000048e+00 2.024900000000000144e+00 2.005300000000000082e+00 2.043400000000000105e+00 2.014899999999999913e+00 2.007000000000000117e+00 2.043099999999999916e+00 2.014899999999999913e+00
2.704200000000000159e+00 2.362800000000000011e+00 2.404799999999999827e+00 2.380399999999999849e+00 2.425199999999999800e+00 2.392700000000000049e+00 2.382400000000000073e+00 2.424900000000000055e+00 2.392799999999999816e+00
3.065500000000000114e+00 2.674500000000000099e+00 2.724099999999999966e+00 2.695500000000000007e+00 2.745999999999999996e+00 2.710300000000000153e+00 2.697799999999999976e+00 2.745600000000000041e+00 2.710300000000000153e+00
3.434899999999999842e+00 2.992799999999999905e+00 3.050399999999999778e+00 3.017300000000000093e+00 3.073599999999999888e+00 3.034899999999999931e+00 3.019899999999999807e+00 3.073199999999999932e+00 3.034899999999999931e+00
3.619299999999999962e+00 3.151699999999999946e+00 3.213400000000000034e+00 3.177799999999999958e+00 3.237200000000000077e+00 3.196899999999999853e+00 3.180600000000000094e+00 3.236800000000000122e+00 3.196899999999999853e+00
