1.000000000000000000e+00 -1.558489999999999931e+00 3.605740000000000056e-01 1.500000000000000000e+00
2.870000000000000000e+02 -1.724916579999999922e+00 3.957437900000000397e-01 2.859935804000000026e+00
1.010000000000000000e+03 -2.056370079999999767e+00 4.597952000000000150e-01 5.599666679999999452e+00
1.886000000000000000e+03 -2.360442857400000261e+00 5.103511000000000575e-01 8.319188009999999522e+00
3.042000000000000000e+03 -2.658898399999999995e+00 5.707740000000000036e-01 1.173922772000000059e+01
4.109000000000000000e+03 -2.723726000000000091e+00 4.779299999999999660e-01 1.584038413000000034e+01
5.423000000000000000e+03 -2.611543000000000170e+00 3.635399999999999743e-01 1.993304369999999892e+01
6.667000000000000000e+03 -2.483379999999999921e+00 2.601752700000000140e-01 2.403707299999999947e+01
7.843000000000000000e+03 -2.329882000000000009e+00 1.580439999999999900e-01 2.813323100000000210e+01
8.940000000000000000e+03 -2.157918000000000003e+00 8.320899999999997743e-02 3.224265599999999665e+01
9.994000000000000000e+03 -1.986400000000000166e+00 3.396300000000007646e-02 3.635499899999999940e+01
1.095700000000000000e+04 -1.808219999999999938e+00 2.541400000000004766e-02 4.046191799999999716e+01
1.184300000000000000e+04 -1.624249999999999972e+00 5.292999999999992156e-02 4.458292000000000144e+01
1.268800000000000000e+04 -1.435630000000000184e+00 1.277699999999999392e-01 4.870866499999999633e+01
1.345300000000000000e+04 -1.244410000000000016e+00 2.330400000000001359e-01 5.282917000000000485e+01
1.412000000000000000e+04 -1.083839999999999915e+00 3.352699999999999569e-01 5.627808999999999884e+01
1.459000000000000000e+04 -9.174100000000000588e-01 4.198500000000002785e-01 5.903240999999999872e+01
1.495500000000000000e+04 -4.867169999999999552e-01 4.958100000000000840e-01 6.177344000000000079e+01
1.518600000000000000e+04 -2.710199999999999831e-01 5.294000000000003148e-01 6.315418999999999983e+01
1.370000000000000000e+02 1.558489999999999931e+00 -3.636220000000000008e-01 1.500000000000000000e+00
3.970000000000000000e+02 1.725247790000000059e+00 -4.054103399999999802e-01 2.860093084999999924e+00
1.218000000000000000e+03 1.819372200000000106e+00 -4.386962999999999835e-01 5.600391579999999259e+00
2.088000000000000000e+03 1.846284000000000036e+00 -4.616679999999999673e-01 8.320957339999999647e+00
3.242000000000000000e+03 1.780964899999999851e+00 -4.688299999999999690e-01 1.174244209999999988e+01
4.428000000000000000e+03 1.831629899999999811e+00 -4.664889999999999870e-01 1.584351810000000071e+01
5.729000000000000000e+03 1.770526999999999962e+00 -4.481900000000000328e-01 1.993447150000000079e+01
6.960000000000000000e+03 1.708333000000000101e+00 -4.406169999999999809e-01 2.403606260000000105e+01
8.118000000000000000e+03 1.634976999999999903e+00 -4.269649999999999834e-01 2.812880589999999970e+01
9.204000000000000000e+03 1.561244000000000076e+00 -3.932059999999999444e-01 3.223403499999999866e+01
1.023900000000000000e+04 1.494750000000000023e+00 -3.464200000000000612e-01 3.634237900000000110e+01
1.118100000000000000e+04 1.435050000000000159e+00 -2.721999999999999975e-01 4.044484299999999877e+01
1.205600000000000000e+04 1.377659999999999885e+00 -1.759200000000000763e-01 4.456187399999999599e+01
1.287800000000000000e+04 1.323490000000000055e+00 -5.161999999999999922e-02 4.868484899999999982e+01
1.364000000000000000e+04 1.271069999999999922e+00 9.740999999999999659e-02 5.280308000000000135e+01
1.425500000000000000e+04 1.228226000000000040e+00 2.334600000000000009e-01 5.625061999999999784e+01
1.468800000000000000e+04 1.168663000000000007e+00 3.444799999999998974e-01 5.900540000000000163e+01
1.503200000000000000e+04 9.325680000000000636e-01 4.482400000000001938e-01 6.175424000000000291e+01
1.522200000000000000e+04 8.144799999999999818e-01 4.948000000000001286e-01 6.313909999999999911e+01
