1.000000000000000000e+00 -1.558489999999999931e+00 3.605740000000000056e-01 1.500000000000000000e+00
2.870000000000000000e+02 -1.725299930000000037e+00 3.958858700000000286e-01 2.860075966999999775e+00
1.010000000000000000e+03 -2.056339259999999669e+00 4.600903000000000076e-01 5.600633349999999844e+00
1.886000000000000000e+03 -2.356353499999999990e+00 5.099780000000000424e-01 8.321787099999999882e+00
3.042000000000000000e+03 -2.648785000000000167e+00 5.711450000000000138e-01 1.174477159999999998e+01
4.109000000000000000e+03 -2.702726999999999880e+00 4.775300000000000100e-01 1.584825479999999942e+01
5.423000000000000000e+03 -2.576960999999999835e+00 3.643899999999999917e-01 1.994242200000000054e+01
6.667000000000000000e+03 -2.432618999999999865e+00 2.627752700000000052e-01 2.404758999999999958e+01
7.843000000000000000e+03 -2.260730000000000128e+00 1.628739999999999910e-01 2.814451000000000036e+01
8.940000000000000000e+03 -2.068130000000000024e+00 9.137899999999998801e-02 3.225446699999999822e+01
9.994000000000000000e+03 -1.874140000000000139e+00 4.632300000000000306e-02 3.636714500000000072e+01
1.095700000000000000e+04 -1.671959999999999891e+00 4.286400000000001320e-02 4.047420899999999477e+01
1.184300000000000000e+04 -1.462690000000000046e+00 7.622999999999979792e-02 4.459517499999999757e+01
1.268800000000000000e+04 -1.247870000000000035e+00 1.579699999999999438e-01 4.872075999999999851e+01
1.345300000000000000e+04 -1.029939999999999856e+00 2.707400000000002027e-01 5.284103000000000350e+01
1.412000000000000000e+04 -8.468299999999999716e-01 3.798700000000003740e-01 5.628973999999999478e+01
1.459000000000000000e+04 -6.623500000000001053e-01 4.701500000000002899e-01 5.904364999999999952e+01
1.495500000000000000e+04 -2.136869999999999603e-01 5.520100000000001117e-01 6.178253999999999735e+01
1.518600000000000000e+04 1.107999999999997875e-02 5.887000000000002231e-01 6.316223000000000098e+01
1.370000000000000000e+02 1.558489999999999931e+00 -3.636220000000000008e-01 1.500000000000000000e+00
3.970000000000000000e+02 1.725276360000000064e+00 -4.053499200000000302e-01 2.859943451999999997e+00
1.218000000000000000e+03 1.818912550000000072e+00 -4.382660999999999918e-01 5.599787079999999584e+00
2.088000000000000000e+03 1.846873800000000010e+00 -4.609469999999999956e-01 8.319568789999999936e+00
3.242000000000000000e+03 1.786778999999999895e+00 -4.678339999999999721e-01 1.173917666000000004e+01
4.428000000000000000e+03 1.852046999999999999e+00 -4.659069999999999601e-01 1.583847639999999934e+01
5.729000000000000000e+03 1.804314999999999891e+00 -4.466100000000000625e-01 1.992850389999999905e+01
6.960000000000000000e+03 1.758884000000000114e+00 -4.377469999999999972e-01 2.402942568000000279e+01
8.118000000000000000e+03 1.704099999999999948e+00 -4.219649999999999790e-01 2.812176780000000065e+01
9.204000000000000000e+03 1.650880000000000125e+00 -3.848859999999999504e-01 3.222683299999999917e+01
1.023900000000000000e+04 1.607020000000000115e+00 -3.337200000000001276e-01 3.633522599999999869e+01
1.118100000000000000e+04 1.571280000000000010e+00 -2.543800000000000505e-01 4.043798699999999968e+01
1.205600000000000000e+04 1.539229999999999876e+00 -1.521200000000000330e-01 4.455556299999999936e+01
1.287800000000000000e+04 1.511260000000000048e+00 -2.111999999999980560e-02 4.867933299999999974e+01
1.364000000000000000e+04 1.485539999999999861e+00 1.355100000000000193e-01 5.279857499999999959e+01
1.425500000000000000e+04 1.465235999999999983e+00 2.782599999999999518e-01 5.624709999999999610e+01
1.468800000000000000e+04 1.423693000000000097e+00 3.949799999999998867e-01 5.900290000000000390e+01
1.503200000000000000e+04 1.205598000000000170e+00 5.045399999999999885e-01 6.175397000000000247e+01
1.522200000000000000e+04 1.096579999999999888e+00 5.542000000000002480e-01 6.313995999999999498e+01
