1.000000000000000000e+00 0.000000000000000000e+00 0.000000000000000000e+00 0.000000000000000000e+00 0.000000000000000000e+00
2.870000000000000000e+02 -2.499299999999999872e-04 6.288700000000000149e-04 7.596699999999999959e-05 6.809599999999999854e-04
1.010000000000000000e+03 3.007400000000000242e-04 3.492299999999999831e-03 6.333499999999999720e-04 3.562000000000000062e-03
1.886000000000000000e+03 4.096500000000000315e-03 8.436000000000000790e-03 1.787100000000000017e-03 9.546699999999999978e-03
3.042000000000000000e+03 1.447500000000000002e-02 4.571200000000000263e-02 4.771599999999999973e-03 4.818599999999999967e-02
4.109000000000000000e+03 3.263300000000000228e-02 9.194199999999999595e-02 8.254799999999999638e-03 9.790999999999999703e-02
5.423000000000000000e+03 5.589899999999999730e-02 1.615800000000000014e-01 1.242200000000000075e-02 1.714199999999999890e-01
6.667000000000000000e+03 8.532099999999999407e-02 2.546100000000000030e-01 1.759000000000000147e-02 2.691100000000000159e-01
7.843000000000000000e+03 1.212799999999999989e-01 3.725499999999999923e-01 2.451000000000000054e-02 3.925600000000000200e-01
8.940000000000000000e+03 1.660399999999999932e-01 5.383499999999999952e-01 3.446699999999999764e-02 5.644200000000000328e-01
9.994000000000000000e+03 2.178700000000000081e-01 7.434699999999999642e-01 4.714499999999999941e-02 7.761700000000000266e-01
1.095700000000000000e+04 2.764199999999999990e-01 1.006099999999999994e+00 6.420900000000000218e-02 1.045400000000000107e+00
1.184300000000000000e+04 3.406199999999999783e-01 1.319399999999999906e+00 8.517500000000000071e-02 1.365399999999999947e+00
1.268800000000000000e+04 4.091699999999999782e-01 1.691200000000000037e+00 1.107599999999999973e-01 1.743500000000000050e+00
1.345300000000000000e+04 4.803200000000000247e-01 2.111400000000000166e+00 1.410299999999999887e-01 2.169900000000000162e+00
1.412000000000000000e+04 5.408100000000000129e-01 2.492100000000000204e+00 1.697400000000000020e-01 2.555699999999999861e+00
1.459000000000000000e+04 5.892199999999999660e-01 2.807700000000000085e+00 1.936499999999999888e-01 2.875300000000000189e+00
1.495500000000000000e+04 6.377099999999999991e-01 3.117100000000000204e+00 2.125400000000000067e-01 3.188800000000000079e+00
1.518600000000000000e+04 6.623799999999999688e-01 3.271700000000000053e+00 2.222300000000000109e-01 3.345400000000000151e+00
1.370000000000000000e+02 0.000000000000000000e+00 0.000000000000000000e+00 0.000000000000000000e+00 0.000000000000000000e+00
3.970000000000000000e+02 2.263599999999999944e-04 9.870799999999999887e-04 -5.654800000000000137e-05 1.014300000000000097e-03
1.218000000000000000e+03 9.525500000000000330e-04 5.356900000000000377e-03 -2.129199999999999875e-04 5.445099999999999593e-03
2.088000000000000000e+03 3.493800000000000031e-03 1.422499999999999980e-02 -4.312100000000000134e-04 1.465400000000000036e-02
3.242000000000000000e+03 1.126899999999999950e-02 3.803399999999999836e-02 -8.233399999999999877e-04 3.967699999999999699e-02
4.428000000000000000e+03 2.847699999999999884e-02 7.437299999999999467e-02 -1.523599999999999954e-03 7.965300000000000158e-02
5.729000000000000000e+03 4.907500000000000057e-02 1.369599999999999984e-01 -1.496099999999999991e-03 1.454999999999999905e-01
6.960000000000000000e+03 8.025400000000000589e-02 2.195100000000000107e-01 -5.743200000000000171e-04 2.337200000000000111e-01
8.118000000000000000e+03 1.160899999999999987e-01 3.308300000000000129e-01 1.767799999999999927e-03 3.506099999999999772e-01
9.204000000000000000e+03 1.614400000000000002e-01 4.889700000000000157e-01 6.832999999999999664e-03 5.149799999999999933e-01
1.023900000000000000e+04 2.123500000000000110e-01 6.905599999999999516e-01 1.522599999999999995e-02 7.226299999999999946e-01
1.118100000000000000e+04 2.723599999999999910e-01 9.467499999999999805e-01 2.798700000000000146e-02 9.855500000000000371e-01
1.205600000000000000e+04 3.370299999999999963e-01 1.255400000000000071e+00 4.556299999999999933e-02 1.300699999999999967e+00
1.287800000000000000e+04 4.065699999999999870e-01 1.624000000000000110e+00 6.933300000000000574e-02 1.675599999999999978e+00
1.364000000000000000e+04 4.787000000000000144e-01 2.043400000000000105e+00 9.857499999999999596e-02 2.100999999999999979e+00
1.425500000000000000e+04 5.401399999999999535e-01 2.425199999999999800e+00 1.270999999999999908e-01 2.487899999999999778e+00
1.468800000000000000e+04 5.893100000000000005e-01 2.745999999999999996e+00 1.529000000000000081e-01 2.812600000000000211e+00
1.503200000000000000e+04 6.380000000000000115e-01 3.073599999999999888e+00 1.839699999999999946e-01 3.144499999999999851e+00
1.522200000000000000e+04 6.623799999999999688e-01 3.237200000000000077e+00 1.999599999999999989e-01 3.310299999999999798e+00
