1.000000000000000000e+00 0.000000000000000000e+00 0.000000000000000000e+00 0.000000000000000000e+00 0.000000000000000000e+00
2.870000000000000000e+02 -2.499800000000000156e-04 6.288199999999999866e-04 7.598200000000000537e-05 6.809399999999999958e-04
1.010000000000000000e+03 3.006800000000000011e-04 3.491900000000000039e-03 6.334399999999999796e-04 3.561599999999999835e-03
1.886000000000000000e+03 4.096699999999999994e-03 8.434900000000000383e-03 1.787299999999999913e-03 9.546000000000000665e-03
3.042000000000000000e+03 1.447500000000000002e-02 4.570699999999999763e-02 4.772099999999999606e-03 4.818100000000000160e-02
4.109000000000000000e+03 3.263300000000000228e-02 9.193099999999999883e-02 8.255300000000000138e-03 9.790000000000000091e-02
5.423000000000000000e+03 5.589899999999999730e-02 1.615600000000000092e-01 1.242300000000000001e-02 1.713999999999999968e-01
6.667000000000000000e+03 8.532099999999999407e-02 2.545799999999999730e-01 1.759099999999999900e-02 2.690799999999999859e-01
7.843000000000000000e+03 1.212799999999999989e-01 3.725100000000000078e-01 2.450899999999999954e-02 3.925199999999999800e-01
8.940000000000000000e+03 1.660399999999999932e-01 5.382799999999999807e-01 3.446599999999999664e-02 5.643599999999999728e-01
9.994000000000000000e+03 2.178599999999999981e-01 7.433800000000000407e-01 4.714200000000000335e-02 7.760799999999999921e-01
1.095700000000000000e+04 2.764199999999999990e-01 1.006000000000000005e+00 6.420399999999999718e-02 1.045199999999999907e+00
1.184300000000000000e+04 3.406199999999999783e-01 1.319299999999999917e+00 8.516600000000000559e-02 1.365199999999999969e+00
1.268800000000000000e+04 4.091600000000000237e-01 1.691000000000000059e+00 1.107500000000000012e-01 1.743300000000000072e+00
1.345300000000000000e+04 4.803100000000000147e-01 2.111099999999999977e+00 1.410099999999999965e-01 2.169700000000000184e+00
1.412000000000000000e+04 5.407899999999999929e-01 2.491800000000000015e+00 1.697200000000000097e-01 2.555400000000000116e+00
1.459000000000000000e+04 5.891999999999999460e-01 2.807300000000000129e+00 1.936299999999999966e-01 2.875000000000000000e+00
1.495500000000000000e+04 6.377000000000000446e-01 3.116699999999999804e+00 2.125100000000000044e-01 3.188400000000000123e+00
1.518600000000000000e+04 6.623599999999999488e-01 3.271199999999999886e+00 2.222000000000000086e-01 3.345000000000000195e+00
1.370000000000000000e+02 0.000000000000000000e+00 0.000000000000000000e+00 0.000000000000000000e+00 0.000000000000000000e+00
3.970000000000000000e+02 2.263499999999999996e-04 9.869699999999999914e-04 -5.656799999999999779e-05 1.014200000000000041e-03
1.218000000000000000e+03 9.524200000000000461e-04 5.356299999999999603e-03 -2.130000000000000003e-04 5.444499999999999687e-03
2.088000000000000000e+03 3.493599999999999917e-03 1.422299999999999953e-02 -4.313899999999999744e-04 1.465200000000000009e-02
3.242000000000000000e+03 1.126899999999999950e-02 3.802900000000000030e-02 -8.237999999999999663e-04 3.967299999999999993e-02
4.428000000000000000e+03 2.847699999999999884e-02 7.436399999999999955e-02 -1.524299999999999917e-03 7.964499999999999358e-02
5.729000000000000000e+03 4.907600000000000157e-02 1.369499999999999884e-01 -1.497000000000000067e-03 1.454799999999999982e-01
6.960000000000000000e+03 8.025400000000000589e-02 2.194800000000000084e-01 -5.754900000000000076e-04 2.336999999999999911e-01
8.118000000000000000e+03 1.160899999999999987e-01 3.307899999999999729e-01 1.766200000000000105e-03 3.505699999999999927e-01
9.204000000000000000e+03 1.614400000000000002e-01 4.889200000000000212e-01 6.830700000000000313e-03 5.149299999999999988e-01
1.023900000000000000e+04 2.123500000000000110e-01 6.904799999999999827e-01 1.522199999999999942e-02 7.225500000000000256e-01
1.118100000000000000e+04 2.723599999999999910e-01 9.466299999999999715e-01 2.798199999999999993e-02 9.854300000000000281e-01
1.205600000000000000e+04 3.370299999999999963e-01 1.255300000000000082e+00 4.555599999999999927e-02 1.300499999999999989e+00
1.287800000000000000e+04 4.065599999999999770e-01 1.623799999999999910e+00 6.932199999999999473e-02 1.675400000000000000e+00
1.364000000000000000e+04 4.786900000000000044e-01 2.043099999999999916e+00 9.856099999999999584e-02 2.100699999999999790e+00
1.425500000000000000e+04 5.401200000000000445e-01 2.424900000000000055e+00 1.270799999999999985e-01 2.487600000000000033e+00
1.468800000000000000e+04 5.893000000000000460e-01 2.745600000000000041e+00 1.528799999999999881e-01 2.812300000000000022e+00
1.503200000000000000e+04 6.379799999999999915e-01 3.073199999999999932e+00 1.839500000000000024e-01 3.144099999999999895e+00
1.522200000000000000e+04 6.623599999999999488e-01 3.236800000000000122e+00 1.999400000000000066e-01 3.309899999999999842e+00
