NREL5MW-B1-2
TSR: 7.55
Pitch: 0.0
V_inf: 10.0
Radius	Axial Force	Tangential Force	Moment
2.18	64.29	-22.008	0.0
4.23	307.027	-163.181	0.0
6.965	342.683	-283.193	0.0
10.04	2178.427	586.633	-545.259
13.8	5757.227	2176.582	-2048.451
17.9	7420.273	2436.311	-3262.487
22.0	8795.185	2423.244	-4501.753
26.1	10705.949	2490.152	-6239.102
30.2	12744.277	2560.181	-7644.62
34.3	14936.426	2617.385	-8353.116
38.4	17353.048	2685.827	-8887.201
42.5	18707.592	2659.59	-8526.448
46.6	19716.167	2602.349	-7895.388
50.7	21118.998	2555.543	-7769.457
54.46	18507.05	2056.858	-6236.34
57.535	14925.254	1527.506	-4594.761
60.265	12658.063	1207.053	-3221.609
62.315	2660.298	240.908	-538.514
