NREL5MW-B2-13
TSR: 7.55
Pitch: 0.0
V_inf: 10.0
Radius	Axial Force	Tangential Force	Moment
2.177	63.699	-21.821	0.0
4.22	303.531	-161.491	0.0
6.944	337.156	-279.677	0.0
10.008	2123.991	569.056	-533.123
13.753	5569.123	2084.631	-2021.013
17.838	7085.828	2276.998	-3207.932
21.922	8294.342	2217.324	-4396.184
26.007	10020.762	2237.694	-6094.514
30.091	11870.872	2262.969	-7470.108
34.176	13874.007	2276.084	-8177.635
38.26	16118.243	2301.054	-8718.589
42.345	17396.579	2249.446	-8320.839
46.429	18390.035	2177.554	-7663.512
50.513	19796.093	2118.427	-7552.695
54.259	17441.242	1691.679	-6071.846
57.323	14141.622	1249.653	-4480.408
60.042	12121.429	998.624	-3149.677
62.084	3808.27	292.089	-654.665
