NREL5MW-B1-5
TSR: 7.55
Pitch: 0.0
V_inf: 10.0
Radius	Axial Force	Tangential Force	Moment
2.177	63.699	-21.821	0.0
4.22	303.531	-161.491	0.0
6.944	337.156	-279.677	0.0
10.008	2124.806	568.694	-533.167
13.753	5573.333	2084.763	-2020.84
17.838	7098.13	2279.091	-3208.209
21.922	8324.793	2222.028	-4398.633
26.007	10079.849	2245.205	-6098.919
30.091	11971.935	2273.721	-7477.122
34.176	14027.408	2289.524	-8186.058
38.26	16340.739	2316.788	-8727.833
42.345	17710.299	2270.648	-8345.796
46.429	18810.914	2204.996	-7706.892
50.513	20340.682	2150.547	-7604.135
54.259	17991.206	1720.776	-6119.542
57.323	14622.357	1272.251	-4518.5
60.042	12553.105	1017.749	-3177.276
62.084	3951.09	298.01	-660.183
