NREL5MW-B3-2
TSR: 7.55
Pitch: 0.0
V_inf: 10.0
Radius	Axial Force	Tangential Force	Moment
2.18	64.29	-22.008	0.0
4.23	307.027	-163.181	0.0
6.965	342.683	-283.193	0.0
10.04	2179.371	586.32	-545.362
13.8	5761.289	2176.73	-2047.851
17.9	7432.205	2438.412	-3262.27
22.0	8824.899	2427.997	-4503.768
26.1	10764.035	2497.852	-6242.291
30.2	12843.857	2571.474	-7650.136
34.3	15088.708	2631.981	-8358.21
38.4	17578.109	2703.975	-8890.241
42.5	19024.315	2684.796	-8547.842
46.6	20142.058	2635.848	-7939.262
50.7	21673.911	2596.085	-7821.892
54.46	19063.633	2094.184	-6284.626
57.535	15407.285	1556.608	-4632.962
60.265	13090.054	1231.042	-3249.489
62.315	2755.851	246.084	-542.256
