1.000000000000000000e+00 -1.558489999999999931e+00 3.605740000000000056e-01 1.500000000000000000e+00
2.870000000000000000e+02 -1.724877540000000042e+00 3.957948400000000366e-01 2.859925291999999786e+00
1.010000000000000000e+03 -2.056301219999999930e+00 4.601566000000000267e-01 5.599595469999999686e+00
1.886000000000000000e+03 -2.360531551000000228e+00 5.113945000000000851e-01 8.318994599999999906e+00
3.042000000000000000e+03 -2.658636800000000022e+00 5.760480000000000045e-01 1.173890639999999941e+01
4.109000000000000000e+03 -2.722947000000000006e+00 4.889080000000000092e-01 1.584008473399999950e+01
5.423000000000000000e+03 -2.610034999999999883e+00 3.829500000000000126e-01 1.993298069999999811e+01
6.667000000000000000e+03 -2.480809999999999960e+00 2.910052699999999826e-01 2.403743130000000150e+01
7.843000000000000000e+03 -2.325789000000000328e+00 2.036340000000000094e-01 2.813431300000000235e+01
8.940000000000000000e+03 -2.151535000000000419e+00 1.500789999999999624e-01 3.224492399999999748e+01
9.994000000000000000e+03 -1.977130000000000054e+00 1.276829999999999909e-01 3.635888299999999873e+01
1.095700000000000000e+04 -1.795420000000000016e+00 1.543639999999999457e-01 4.046810799999999375e+01
1.184300000000000000e+04 -1.607389999999999874e+00 2.248299999999998633e-01 4.459205399999999742e+01
1.268800000000000000e+04 -1.414279999999999982e+00 3.515699999999999381e-01 4.872149999999999892e+01
1.345300000000000000e+04 -1.218299999999999939e+00 5.164400000000000102e-01 5.284646000000000043e+01
1.412000000000000000e+04 -1.053679999999999950e+00 6.732700000000000351e-01 5.629964999999999975e+01
1.459000000000000000e+04 -8.840200000000000280e-01 8.031500000000000306e-01 5.905759000000000469e+01
1.495500000000000000e+04 -4.500569999999999848e-01 9.229099999999998971e-01 6.180181999999999931e+01
1.518600000000000000e+04 -2.326699999999999879e-01 9.783000000000003915e-01 6.318419999999999703e+01
1.370000000000000000e+02 1.558489999999999931e+00 -3.636220000000000008e-01 1.500000000000000000e+00
3.970000000000000000e+02 1.725261790000000017e+00 -4.052995999999999821e-01 2.860108689999999676e+00
1.218000000000000000e+03 1.819498899999999919e+00 -4.381059999999999954e-01 5.600451319999999455e+00
2.088000000000000000e+03 1.846510400000000107e+00 -4.600559999999999650e-01 8.321096300000000667e+00
3.242000000000000000e+03 1.781324399999999919e+00 -4.644629999999999592e-01 1.174279060000000108e+01
4.428000000000000000e+03 1.831951899999999966e+00 -4.578649999999999665e-01 1.584404439999999958e+01
5.729000000000000000e+03 1.771258999999999917e+00 -4.321400000000000241e-01 1.993514280000000127e+01
6.960000000000000000e+03 1.710273000000000154e+00 -4.144369999999999443e-01 2.403695320000000279e+01
8.118000000000000000e+03 1.638325000000000031e+00 -3.871549999999999714e-01 2.813006299999999982e+01
9.204000000000000000e+03 1.566892000000000174e+00 -3.336359999999999326e-01 3.223596299999999815e+01
1.023900000000000000e+04 1.503149999999999986e+00 -2.610600000000000698e-01 3.634541000000000111e+01
1.118100000000000000e+04 1.447140000000000093e+00 -1.533299999999999663e-01 4.044954199999999389e+01
1.205600000000000000e+04 1.393859999999999877e+00 -1.552000000000020030e-02 4.456890200000000135e+01
1.287800000000000000e+04 1.344319999999999959e+00 1.591800000000000992e-01 4.869507399999999819e+01
1.364000000000000000e+04 1.296829999999999927e+00 3.669099999999998474e-01 5.281731000000000620e+01
1.425500000000000000e+04 1.258226000000000067e+00 5.572600000000003106e-01 5.626880999999999489e+01
1.468800000000000000e+04 1.202053000000000038e+00 7.144800000000000040e-01 5.902718000000000131e+01
1.503200000000000000e+04 9.692780000000000840e-01 8.658399999999999430e-01 6.178018000000000143e+01
1.522200000000000000e+04 8.528299999999999770e-01 9.363000000000001322e-01 6.316717999999999478e+01
