1.000000000000000000e+00 0.000000000000000000e+00 0.000000000000000000e+00 0.000000000000000000e+00 0.000000000000000000e+00
2.870000000000000000e+02 1.724600000000000124e-04 5.378400000000000411e-04 -7.470800000000000368e-05 5.697299999999999543e-04
1.010000000000000000e+03 3.387800000000000056e-04 3.558599999999999871e-03 -4.045300000000000046e-04 3.597500000000000003e-03
1.886000000000000000e+03 -8.155100000000000576e-05 9.852500000000000147e-03 -1.005400000000000044e-03 9.903999999999999609e-03
3.042000000000000000e+03 4.623200000000000053e-03 5.061500000000000027e-02 -1.093599999999999911e-03 5.083800000000000124e-02
4.109000000000000000e+03 1.241300000000000042e-02 1.033199999999999952e-01 8.473400000000000560e-05 1.040699999999999958e-01
5.423000000000000000e+03 2.282500000000000154e-02 1.801399999999999946e-01 2.980700000000000190e-03 1.816000000000000114e-01
6.667000000000000000e+03 3.713000000000000328e-02 2.828399999999999803e-01 7.431300000000000058e-03 2.853600000000000025e-01
7.843000000000000000e+03 5.622100000000000014e-02 4.133100000000000107e-01 1.431299999999999933e-02 4.173600000000000088e-01
8.940000000000000000e+03 8.263500000000000012e-02 5.970499999999999696e-01 2.492400000000000171e-02 6.032600000000000184e-01
9.994000000000000000e+03 1.148799999999999960e-01 8.248299999999999521e-01 3.888300000000000090e-02 8.336999999999999966e-01
1.095700000000000000e+04 1.529600000000000126e-01 1.117599999999999927e+00 5.810799999999999993e-02 1.129499999999999948e+00
1.184300000000000000e+04 1.959200000000000108e-01 1.467999999999999972e+00 8.205400000000000194e-02 1.483200000000000074e+00
1.268800000000000000e+04 2.427600000000000036e-01 1.884800000000000031e+00 1.115000000000000019e-01 1.903699999999999948e+00
1.345300000000000000e+04 2.919599999999999973e-01 2.357099999999999973e+00 1.464600000000000068e-01 2.379599999999999937e+00
1.412000000000000000e+04 3.339599999999999791e-01 2.785499999999999865e+00 1.796500000000000041e-01 2.811199999999999921e+00
1.459000000000000000e+04 3.675499999999999878e-01 3.140699999999999825e+00 2.075899999999999967e-01 3.168899999999999828e+00
1.495500000000000000e+04 4.013399999999999745e-01 3.487999999999999989e+00 2.318199999999999983e-01 3.518699999999999939e+00
1.518600000000000000e+04 4.186300000000000021e-01 3.661300000000000221e+00 2.442000000000000004e-01 3.693299999999999805e+00
1.370000000000000000e+02 0.000000000000000000e+00 0.000000000000000000e+00 0.000000000000000000e+00 0.000000000000000000e+00
3.970000000000000000e+02 2.117900000000000034e-04 1.037399999999999954e-03 1.086900000000000046e-04 1.064400000000000068e-03
1.218000000000000000e+03 1.538899999999999947e-03 5.517000000000000202e-03 4.513200000000000089e-04 5.745300000000000060e-03
2.088000000000000000e+03 3.130400000000000196e-03 1.511599999999999923e-02 1.096299999999999922e-03 1.547600000000000017e-02
3.242000000000000000e+03 5.814399999999999950e-03 4.140499999999999736e-02 2.790599999999999851e-03 4.190399999999999681e-02
4.428000000000000000e+03 8.381899999999999420e-03 8.241500000000000214e-02 4.044400000000000078e-03 8.293899999999999884e-02
5.729000000000000000e+03 1.601899999999999852e-02 1.514300000000000090e-01 5.142800000000000323e-03 1.523599999999999954e-01
6.960000000000000000e+03 3.164299999999999752e-02 2.428200000000000081e-01 6.953199999999999659e-03 2.449699999999999933e-01
8.118000000000000000e+03 5.031499999999999861e-02 3.656400000000000206e-01 1.006300000000000076e-02 3.692300000000000026e-01
9.204000000000000000e+03 7.745199999999999307e-02 5.402200000000000335e-01 1.596300000000000149e-02 5.459699999999999553e-01
1.023900000000000000e+04 1.084799999999999931e-01 7.632200000000000095e-01 2.540999999999999856e-02 7.713100000000000511e-01
1.118100000000000000e+04 1.482199999999999906e-01 1.047800000000000065e+00 3.954200000000000076e-02 1.058999999999999941e+00
1.205600000000000000e+04 1.916599999999999970e-01 1.391999999999999904e+00 5.890200000000000297e-02 1.406300000000000106e+00
1.287800000000000000e+04 2.396300000000000097e-01 1.804300000000000015e+00 8.507399999999999685e-02 1.822100000000000053e+00
1.364000000000000000e+04 2.899900000000000255e-01 2.274799999999999933e+00 1.173099999999999976e-01 2.296199999999999797e+00
1.425500000000000000e+04 3.331299999999999817e-01 2.704200000000000159e+00 1.488099999999999978e-01 2.728699999999999903e+00
1.468800000000000000e+04 3.676699999999999968e-01 3.065500000000000114e+00 1.771800000000000042e-01 3.092499999999999805e+00
1.503200000000000000e+04 4.016799999999999815e-01 3.434899999999999842e+00 2.101800000000000057e-01 3.464700000000000113e+00
1.522200000000000000e+04 4.186300000000000021e-01 3.619299999999999962e+00 2.271799999999999931e-01 3.650500000000000078e+00
