1.000000000000000000e+00 -1.558489999999999931e+00 3.605740000000000056e-01 1.500000000000000000e+00
2.870000000000000000e+02 -1.724604009999999965e+00 3.956229300000000393e-01 2.859805199999999825e+00
1.010000000000000000e+03 -2.056561363999999781e+00 4.595641000000000309e-01 5.598778899999999226e+00
1.886000000000000000e+03 -2.364469099999999990e+00 5.107577000000000922e-01 8.316799599999999515e+00
3.042000000000000000e+03 -2.668753200000000270e+00 5.708280000000000021e-01 1.173411759999999937e+01
4.109000000000000000e+03 -2.744015699999999836e+00 4.790439999999999698e-01 1.583313009999999998e+01
5.423000000000000000e+03 -2.644871000000000194e+00 3.639899999999999802e-01 1.992442499999999939e+01
6.667000000000000000e+03 -2.532218999999999998e+00 2.596152700000000091e-01 2.402744099999999960e+01
7.843000000000000000e+03 -2.396352000000000260e+00 1.560939999999999828e-01 2.812293250000000100e+01
8.940000000000000000e+03 -2.244206000000000145e+00 7.897900000000002141e-02 3.223190499999999759e+01
9.994000000000000000e+03 -2.094335400000000291e+00 2.675300000000002676e-02 3.634398199999999690e+01
1.095700000000000000e+04 -1.939362000000000030e+00 1.437399999999999789e-02 4.045081299999999658e+01
1.184300000000000000e+04 -1.779982999999999871e+00 3.722999999999987430e-02 4.457188699999999670e+01
1.268800000000000000e+04 -1.616975000000000051e+00 1.061699999999998756e-01 4.869779400000000180e+01
1.345300000000000000e+04 -1.452000999999999875e+00 2.041399999999999881e-01 5.281851000000000340e+01
1.412000000000000000e+04 -1.313696999999999893e+00 2.991700000000001580e-01 5.626755999999999602e+01
1.459000000000000000e+04 -1.165131000000000139e+00 3.770500000000001073e-01 5.902219000000000193e+01
1.495500000000000000e+04 -7.522599999999999287e-01 4.453100000000000946e-01 6.176516999999999769e+01
1.518600000000000000e+04 -5.455999999999999739e-01 4.751000000000002998e-01 6.314690999999999832e+01
1.370000000000000000e+02 1.558489999999999931e+00 -3.636220000000000008e-01 1.500000000000000000e+00
3.970000000000000000e+02 1.725250649999999997e+00 -4.054697999999999913e-01 2.860248009999999841e+00
1.218000000000000000e+03 1.820046999999999970e+00 -4.391304999999999792e-01 5.601025199999999593e+00
2.088000000000000000e+03 1.846157100000000106e+00 -4.623740000000000072e-01 8.322416099999999872e+00
3.242000000000000000e+03 1.775827889999999964e+00 -4.696539999999999604e-01 1.174586870000000083e+01
4.428000000000000000e+03 1.811852999999999936e+00 -4.665389999999999815e-01 1.584874379999999938e+01
5.729000000000000000e+03 1.737879999999999869e+00 -4.487800000000000678e-01 1.994064999999999799e+01
6.960000000000000000e+03 1.659596000000000071e+00 -4.419469999999999787e-01 2.404294700000000162e+01
8.118000000000000000e+03 1.568428999999999851e+00 -4.296849999999999836e-01 2.813614600000000010e+01
9.204000000000000000e+03 1.475021000000000138e+00 -3.982959999999999834e-01 3.224162299999999703e+01
1.023900000000000000e+04 1.386719000000000035e+00 -3.547300000000001008e-01 3.635001799999999861e+01
1.118100000000000000e+04 1.303865900000000133e+00 -2.843800000000000772e-01 4.045230600000000010e+01
1.205600000000000000e+04 1.221864999999999979e+00 -1.928200000000002134e-01 4.456891600000000153e+01
1.287800000000000000e+04 1.142112999999999934e+00 -7.431999999999994166e-02 4.869120999999999810e+01
1.364000000000000000e+04 1.063459999999999850e+00 6.760999999999994792e-02 5.280850000000000222e+01
1.425500000000000000e+04 9.983640000000000292e-01 1.965600000000002900e-01 5.625506000000000029e+01
1.468800000000000000e+04 9.209469999999999601e-01 3.010799999999997922e-01 5.900876000000000232e+01
1.503200000000000000e+04 6.670010000000000661e-01 3.975400000000002265e-01 6.175527000000000299e+01
1.522200000000000000e+04 5.398999999999999355e-01 4.404000000000003467e-01 6.313893999999999807e+01
