1.000000000000000000e+00 0.000000000000000000e+00 0.000000000000000000e+00 0.000000000000000000e+00 0.000000000000000000e+00
2.870000000000000000e+02 4.125099999999999926e-04 3.817900000000000156e-04 -1.902299999999999998e-04 5.933899999999999548e-04
1.010000000000000000e+03 6.127399999999999983e-06 3.030999999999999840e-03 -1.183100000000000080e-03 3.253699999999999995e-03
1.886000000000000000e+03 -3.974799999999999688e-03 9.313000000000000098e-03 -3.099100000000000032e-03 1.058899999999999945e-02
3.042000000000000000e+03 -5.325599999999999778e-03 4.586400000000000199e-02 -5.669600000000000334e-03 4.651899999999999785e-02
4.109000000000000000e+03 -8.186600000000000474e-03 9.445199999999999430e-02 -6.551500000000000032e-03 9.503200000000000536e-02
5.423000000000000000e+03 -1.114099999999999986e-02 1.630999999999999950e-01 -5.156700000000000172e-03 1.635600000000000109e-01
6.667000000000000000e+03 -1.289500000000000021e-02 2.546100000000000030e-01 -2.035599999999999823e-03 2.549399999999999999e-01
7.843000000000000000e+03 -1.231999999999999935e-02 3.705300000000000260e-01 3.573400000000000014e-03 3.707500000000000240e-01
8.940000000000000000e+03 -7.220200000000000402e-03 5.331700000000000328e-01 1.270699999999999955e-02 5.333700000000000108e-01
9.994000000000000000e+03 1.412800000000000080e-03 7.342999999999999527e-01 2.498999999999999833e-02 7.347200000000000397e-01
1.095700000000000000e+04 1.380699999999999983e-02 9.924600000000000088e-01 4.211700000000000166e-02 9.934500000000000552e-01
1.184300000000000000e+04 2.928700000000000053e-02 1.300899999999999945e+00 6.358099999999999863e-02 1.302799999999999958e+00
1.268800000000000000e+04 4.730199999999999683e-02 1.667399999999999993e+00 9.002000000000000279e-02 1.670500000000000096e+00
1.345300000000000000e+04 6.686999999999999889e-02 2.082199999999999829e+00 1.214299999999999963e-01 2.086800000000000210e+00
1.412000000000000000e+04 8.376899999999999624e-02 2.458200000000000163e+00 1.512400000000000133e-01 2.464300000000000157e+00
1.459000000000000000e+04 9.726700000000000623e-02 2.770000000000000018e+00 1.765500000000000125e-01 2.777299999999999880e+00
1.495500000000000000e+04 1.109600000000000031e-01 3.075600000000000112e+00 2.002400000000000013e-01 3.084099999999999842e+00
1.518600000000000000e+04 1.180800000000000044e-01 3.228200000000000180e+00 2.123200000000000087e-01 3.237400000000000055e+00
1.370000000000000000e+02 0.000000000000000000e+00 0.000000000000000000e+00 0.000000000000000000e+00 0.000000000000000000e+00
3.970000000000000000e+02 2.173800000000000092e-04 8.753399999999999506e-04 2.511600000000000009e-04 9.362500000000000162e-04
1.218000000000000000e+03 2.201799999999999851e-03 4.531499999999999938e-03 1.041500000000000108e-03 5.144600000000000041e-03
2.088000000000000000e+03 3.026899999999999903e-03 1.291499999999999940e-02 2.455099999999999991e-03 1.349099999999999952e-02
3.242000000000000000e+03 7.060799999999999889e-04 3.660399999999999765e-02 5.958899999999999614e-03 3.709300000000000097e-02
4.428000000000000000e+03 -1.128099999999999936e-02 7.465499999999999914e-02 8.848200000000000509e-03 7.601900000000000324e-02
5.729000000000000000e+03 -1.656399999999999886e-02 1.365399999999999947e-01 1.077099999999999932e-02 1.379599999999999993e-01
6.960000000000000000e+03 -1.769899999999999946e-02 2.182399999999999896e-01 1.309800000000000027e-02 2.193400000000000072e-01
8.118000000000000000e+03 -1.761400000000000118e-02 3.276600000000000068e-01 1.634999999999999995e-02 3.285399999999999987e-01
9.204000000000000000e+03 -1.165000000000000063e-02 4.824999999999999845e-01 2.192500000000000004e-02 4.831300000000000039e-01
1.023900000000000000e+04 -4.262600000000000069e-03 6.797400000000000109e-01 3.047599999999999962e-02 6.804400000000000448e-01
1.118100000000000000e+04 9.705800000000000538e-03 9.313500000000000112e-01 4.300500000000000156e-02 9.323900000000000521e-01
1.205600000000000000e+04 2.559200000000000016e-02 1.235000000000000098e+00 5.996200000000000141e-02 1.236799999999999899e+00
1.287800000000000000e+04 4.463600000000000206e-02 1.598500000000000032e+00 8.275399999999999423e-02 1.601299999999999946e+00
1.364000000000000000e+04 6.521200000000000607e-02 2.012599999999999945e+00 1.107100000000000029e-01 2.016700000000000159e+00
1.425500000000000000e+04 8.307900000000000007e-02 2.390000000000000124e+00 1.379700000000000093e-01 2.395399999999999974e+00
1.468800000000000000e+04 9.738199999999999634e-02 2.707199999999999829e+00 1.623699999999999866e-01 2.713799999999999990e+00
1.503200000000000000e+04 1.112599999999999978e-01 3.031400000000000095e+00 1.897699999999999942e-01 3.039299999999999891e+00
1.522200000000000000e+04 1.180800000000000044e-01 3.193200000000000038e+00 2.038999999999999979e-01 3.201900000000000190e+00
