1.000000000000000000e+00 -1.558489999999999931e+00 3.605740000000000056e-01 1.500000000000000000e+00
2.870000000000000000e+02 -1.724988334000000068e+00 3.957663400000000498e-01 2.859945880999999801e+00
1.010000000000000000e+03 -2.056528460000000003e+00 4.598647000000000151e-01 5.599749099999999480e+00
1.886000000000000000e+03 -2.360362419999999961e+00 5.103893999999999931e-01 8.319408210000000636e+00
3.042000000000000000e+03 -2.658612900000000057e+00 5.711340000000000305e-01 1.173968157000000012e+01
4.109000000000000000e+03 -2.722942999999999891e+00 4.785840000000000094e-01 1.584103389999999933e+01
5.423000000000000000e+03 -2.610136999999999929e+00 3.648399999999999976e-01 1.993384939999999972e+01
6.667000000000000000e+03 -2.481196999999999875e+00 2.623352700000000093e-01 2.403801860000000090e+01
7.843000000000000000e+03 -2.326787000000000383e+00 1.612340000000000162e-01 2.813429200000000208e+01
8.940000000000000000e+03 -2.153788000000000036e+00 8.791899999999996940e-02 3.224383600000000172e+01
9.994000000000000000e+03 -1.981160000000000032e+00 4.059299999999999020e-02 3.635630499999999898e+01
1.095700000000000000e+04 -1.801800000000000068e+00 3.461400000000003363e-02 4.046338199999999574e+01
1.184300000000000000e+04 -1.616639999999999855e+00 6.522999999999989917e-02 4.458457200000000142e+01
1.268800000000000000e+04 -1.426830000000000043e+00 1.440699999999999203e-01 4.871056000000000097e+01
1.345300000000000000e+04 -1.234429999999999916e+00 2.539399999999998325e-01 5.283139000000000607e+01
1.412000000000000000e+04 -1.072899999999999965e+00 3.607700000000000351e-01 5.628063999999999822e+01
1.459000000000000000e+04 -9.057100000000000151e-01 4.492500000000001492e-01 5.903526000000000096e+01
1.495500000000000000e+04 -4.742669999999999386e-01 5.295099999999997031e-01 6.177653999999999712e+01
1.518600000000000000e+04 -2.581899999999999751e-01 5.654000000000003467e-01 6.315742999999999796e+01
1.370000000000000000e+02 1.558489999999999931e+00 -3.636220000000000008e-01 1.500000000000000000e+00
3.970000000000000000e+02 1.725279339999999939e+00 -4.054091000000000222e-01 2.860097804000000021e+00
1.218000000000000000e+03 1.819586200000000042e+00 -4.386983999999999884e-01 5.600418340000000050e+00
2.088000000000000000e+03 1.846750600000000020e+00 -4.616509999999999780e-01 8.321021899999999860e+00
3.242000000000000000e+03 1.781667499999999960e+00 -4.686509999999999843e-01 1.174258919999999939e+01
4.428000000000000000e+03 1.832360999999999907e+00 -4.659179999999999988e-01 1.584367839999999994e+01
5.729000000000000000e+03 1.771835999999999967e+00 -4.470800000000000329e-01 1.993465219999999860e+01
6.960000000000000000e+03 1.710434000000000010e+00 -4.387769999999999726e-01 2.403627550000000213e+01
8.118000000000000000e+03 1.637985999999999942e+00 -4.241349999999999842e-01 2.812907320000000055e+01
9.204000000000000000e+03 1.565303000000000111e+00 -3.889359999999999484e-01 3.223439299999999719e+01
1.023900000000000000e+04 1.499929999999999986e+00 -3.401900000000001034e-01 3.634286399999999873e+01
1.118100000000000000e+04 1.441420000000000146e+00 -2.634300000000000530e-01 4.044550599999999463e+01
1.205600000000000000e+04 1.385229999999999961e+00 -1.639200000000000657e-01 4.456276899999999586e+01
1.287800000000000000e+04 1.332269999999999843e+00 -3.571999999999997399e-02 4.868604599999999749e+01
1.364000000000000000e+04 1.281029999999999891e+00 1.181099999999997152e-01 5.280464000000000624e+01
1.425500000000000000e+04 1.239146000000000081e+00 2.586600000000003341e-01 5.625254999999999939e+01
1.468800000000000000e+04 1.180352999999999986e+00 3.735800000000000232e-01 5.900766000000000133e+01
1.503200000000000000e+04 9.450180000000000247e-01 4.817400000000002791e-01 6.175694000000000017e+01
1.522200000000000000e+04 8.273099999999999898e-01 5.306000000000001826e-01 6.314201999999999515e+01
