1.000000000000000000e+00 0.000000000000000000e+00 0.000000000000000000e+00 0.000000000000000000e+00 0.000000000000000000e+00
2.870000000000000000e+02 4.125199999999999874e-04 3.818200000000000001e-04 -1.902399999999999946e-04 5.934199999999999935e-04
1.010000000000000000e+03 6.166299999999999729e-06 3.031199999999999953e-03 -1.183100000000000080e-03 3.253900000000000108e-03
1.886000000000000000e+03 -3.974700000000000281e-03 9.313500000000000598e-03 -3.099100000000000032e-03 1.059000000000000045e-02
3.042000000000000000e+03 -5.325200000000000419e-03 4.586699999999999805e-02 -5.669600000000000334e-03 4.652200000000000085e-02
4.109000000000000000e+03 -8.185700000000000615e-03 9.445800000000000030e-02 -6.551399999999999758e-03 9.503799999999999748e-02
5.423000000000000000e+03 -1.114000000000000060e-02 1.631100000000000050e-01 -5.156499999999999626e-03 1.635699999999999932e-01
6.667000000000000000e+03 -1.289299999999999995e-02 2.546300000000000230e-01 -2.035100000000000190e-03 2.549600000000000199e-01
7.843000000000000000e+03 -1.231600000000000056e-02 3.705499999999999905e-01 3.574299999999999873e-03 3.707699999999999885e-01
8.940000000000000000e+03 -7.214599999999999833e-03 5.332000000000000073e-01 1.270800000000000055e-02 5.333999999999999853e-01
9.994000000000000000e+03 1.420400000000000048e-03 7.343399999999999928e-01 2.499200000000000033e-02 7.347700000000000342e-01
1.095700000000000000e+04 1.381699999999999942e-02 9.925199999999999578e-01 4.211999999999999772e-02 9.935100000000000042e-01
1.184300000000000000e+04 2.929999999999999966e-02 1.300999999999999934e+00 6.358600000000000363e-02 1.302899999999999947e+00
1.268800000000000000e+04 4.731799999999999895e-02 1.667499999999999982e+00 9.002599999999999492e-02 1.670600000000000085e+00
1.345300000000000000e+04 6.688800000000000301e-02 2.082300000000000040e+00 1.214400000000000063e-01 2.086899999999999977e+00
1.412000000000000000e+04 8.379100000000000437e-02 2.458299999999999930e+00 1.512499999999999956e-01 2.464399999999999924e+00
1.459000000000000000e+04 9.729100000000000248e-02 2.770199999999999996e+00 1.765700000000000047e-01 2.777499999999999858e+00
1.495500000000000000e+04 1.109799999999999953e-01 3.075800000000000090e+00 2.002500000000000113e-01 3.084299999999999820e+00
1.518600000000000000e+04 1.180999999999999966e-01 3.228499999999999925e+00 2.123400000000000010e-01 3.237600000000000033e+00
1.370000000000000000e+02 0.000000000000000000e+00 0.000000000000000000e+00 0.000000000000000000e+00 0.000000000000000000e+00
3.970000000000000000e+02 2.173900000000000040e-04 8.754000000000000279e-04 2.511600000000000009e-04 9.363099999999999852e-04
1.218000000000000000e+03 2.201900000000000125e-03 4.531799999999999891e-03 1.041500000000000108e-03 5.144899999999999994e-03
2.088000000000000000e+03 3.027000000000000177e-03 1.291600000000000040e-02 2.455099999999999991e-03 1.349099999999999952e-02
3.242000000000000000e+03 7.063800000000000504e-04 3.660700000000000065e-02 5.958999999999999887e-03 3.709500000000000297e-02
4.428000000000000000e+03 -1.128000000000000010e-02 7.466000000000000414e-02 8.848299999999999915e-03 7.602399999999999436e-02
5.729000000000000000e+03 -1.656300000000000133e-02 1.365500000000000047e-01 1.077099999999999932e-02 1.379700000000000093e-01
6.960000000000000000e+03 -1.769700000000000092e-02 2.182499999999999996e-01 1.309800000000000027e-02 2.193599999999999994e-01
8.118000000000000000e+03 -1.761100000000000165e-02 3.276800000000000268e-01 1.635100000000000095e-02 3.285600000000000187e-01
9.204000000000000000e+03 -1.164500000000000084e-02 4.825300000000000145e-01 2.192500000000000004e-02 4.831599999999999784e-01
1.023900000000000000e+04 -4.255499999999999734e-03 6.797900000000000054e-01 3.047700000000000062e-02 6.804799999999999738e-01
1.118100000000000000e+04 9.715400000000000771e-03 9.314099999999999602e-01 4.300699999999999662e-02 9.324500000000000011e-01
1.205600000000000000e+04 2.560399999999999829e-02 1.235100000000000087e+00 5.996499999999999747e-02 1.236799999999999899e+00
1.287800000000000000e+04 4.465199999999999725e-02 1.598600000000000021e+00 8.275799999999999823e-02 1.601399999999999935e+00
1.364000000000000000e+04 6.522999999999999632e-02 2.012700000000000156e+00 1.107100000000000029e-01 2.016799999999999926e+00
1.425500000000000000e+04 8.309999999999999332e-02 2.390099999999999891e+00 1.379799999999999915e-01 2.395599999999999952e+00
1.468800000000000000e+04 9.740600000000000647e-02 2.707300000000000040e+00 1.623799999999999966e-01 2.713999999999999968e+00
1.503200000000000000e+04 1.112800000000000039e-01 3.031600000000000072e+00 1.897800000000000042e-01 3.039499999999999869e+00
1.522200000000000000e+04 1.180999999999999966e-01 3.193400000000000016e+00 2.039199999999999902e-01 3.202100000000000168e+00
