1.000000000000000000e+00 0.000000000000000000e+00 0.000000000000000000e+00 0.000000000000000000e+00 0.000000000000000000e+00
2.870000000000000000e+02 4.460199999999999885e-04 3.659800000000000162e-04 -1.948100000000000135e-04 6.089500000000000295e-04
1.010000000000000000e+03 7.869500000000000464e-05 2.966400000000000113e-03 -1.221199999999999977e-03 3.208900000000000207e-03
1.886000000000000000e+03 -4.019000000000000003e-03 9.216500000000000734e-03 -3.200399999999999946e-03 1.055200000000000062e-02
3.042000000000000000e+03 -5.492799999999999939e-03 4.539900000000000185e-02 -5.882499999999999708e-03 4.610600000000000115e-02
4.109000000000000000e+03 -8.654600000000000140e-03 9.346400000000000541e-02 -6.869899999999999965e-03 9.411500000000000421e-02
5.423000000000000000e+03 -1.200900000000000058e-02 1.612000000000000099e-01 -5.574700000000000141e-03 1.617399999999999949e-01
6.667000000000000000e+03 -1.427499999999999949e-02 2.514700000000000268e-01 -2.558400000000000171e-03 2.518900000000000028e-01
7.843000000000000000e+03 -1.433700000000000079e-02 3.658000000000000140e-01 2.933700000000000023e-03 3.660900000000000265e-01
8.940000000000000000e+03 -1.002800000000000046e-02 5.260000000000000231e-01 1.190800000000000018e-02 5.262299999999999756e-01
9.994000000000000000e+03 -2.314000000000000085e-03 7.239700000000000024e-01 2.398499999999999938e-02 7.243699999999999584e-01
1.095700000000000000e+04 9.033599999999999269e-03 9.777099999999999680e-01 4.081800000000000012e-02 9.786099999999999799e-01
1.184300000000000000e+04 2.334699999999999970e-02 1.280499999999999972e+00 6.189399999999999763e-02 1.282200000000000006e+00
1.268800000000000000e+04 4.009100000000000164e-02 1.639599999999999946e+00 8.780499999999999416e-02 1.642500000000000071e+00
1.345300000000000000e+04 5.829000000000000153e-02 2.045100000000000140e+00 1.185200000000000004e-01 2.049300000000000122e+00
1.412000000000000000e+04 7.397900000000000309e-02 2.411700000000000177e+00 1.475799999999999890e-01 2.417400000000000215e+00
1.459000000000000000e+04 8.647900000000000031e-02 2.714900000000000091e+00 1.722100000000000020e-01 2.721699999999999786e+00
1.495500000000000000e+04 9.918000000000000427e-02 3.010800000000000143e+00 1.951900000000000024e-01 3.018699999999999939e+00
1.518600000000000000e+04 1.057499999999999968e-01 3.158399999999999874e+00 2.069300000000000028e-01 3.166999999999999815e+00
1.370000000000000000e+02 0.000000000000000000e+00 0.000000000000000000e+00 0.000000000000000000e+00 0.000000000000000000e+00
3.970000000000000000e+02 2.006599999999999931e-04 8.672800000000000040e-04 2.480200000000000004e-04 9.240999999999999649e-04
1.218000000000000000e+03 2.087100000000000153e-03 4.492900000000000192e-03 1.025199999999999983e-03 5.059000000000000129e-03
2.088000000000000000e+03 2.777299999999999908e-03 1.279899999999999961e-02 2.416100000000000018e-03 1.331799999999999998e-02
3.242000000000000000e+03 3.183300000000000235e-04 3.621800000000000019e-02 5.868899999999999811e-03 3.669100000000000139e-02
4.428000000000000000e+03 -1.171600000000000072e-02 7.374699999999999311e-02 8.744000000000000036e-03 7.518199999999999883e-02
5.729000000000000000e+03 -1.735799999999999843e-02 1.348000000000000032e-01 1.064999999999999974e-02 1.363300000000000067e-01
6.960000000000000000e+03 -1.903099999999999931e-02 2.153299999999999936e-01 1.294700000000000017e-02 2.165600000000000025e-01
8.118000000000000000e+03 -1.957599999999999965e-02 3.231399999999999828e-01 1.614700000000000163e-02 3.241399999999999837e-01
9.204000000000000000e+03 -1.441100000000000020e-02 4.756099999999999772e-01 2.162400000000000086e-02 4.763200000000000212e-01
1.023900000000000000e+04 -7.939999999999999142e-03 6.696100000000000385e-01 3.002000000000000154e-02 6.703299999999999814e-01
1.118100000000000000e+04 4.961000000000000132e-03 9.168399999999999883e-01 4.230899999999999939e-02 9.178300000000000347e-01
1.205600000000000000e+04 1.968400000000000011e-02 1.214900000000000091e+00 5.892100000000000115e-02 1.216399999999999926e+00
1.287800000000000000e+04 3.744800000000000212e-02 1.570899999999999963e+00 8.121799999999999853e-02 1.573499999999999899e+00
1.364000000000000000e+04 5.665099999999999997e-02 1.975700000000000012e+00 1.085099999999999953e-01 1.979500000000000037e+00
1.425500000000000000e+04 7.330399999999999416e-02 2.343799999999999883e+00 1.350699999999999956e-01 2.348800000000000221e+00
1.468800000000000000e+04 8.660400000000000043e-02 2.652400000000000091e+00 1.587800000000000045e-01 2.658500000000000085e+00
1.503200000000000000e+04 9.944600000000000661e-02 2.966899999999999871e+00 1.852900000000000102e-01 2.974299999999999944e+00
1.522200000000000000e+04 1.057499999999999968e-01 3.123800000000000132e+00 1.989599999999999980e-01 3.131899999999999906e+00
