0.000000000000000000e+00 0.000000000000000000e+00 0.000000000000000000e+00 0.000000000000000000e+00 0.000000000000000000e+00 0.000000000000000000e+00 0.000000000000000000e+00 0.000000000000000000e+00 0.000000000000000000e+00 0.000000000000000000e+00 0.000000000000000000e+00 0.000000000000000000e+00 0.000000000000000000e+00 0.000000000000000000e+00 0.000000000000000000e+00 0.000000000000000000e+00 0.000000000000000000e+00 0.000000000000000000e+00
5.378400000000000411e-04 6.053700000000000400e-04 6.309100000000000428e-04 5.090099999999999529e-04 3.818200000000000001e-04 3.659299999999999879e-04 4.874599999999999983e-04 6.140800000000000295e-04 6.292399999999999860e-04 5.093499999999999937e-04 3.817700000000000260e-04 3.659800000000000162e-04 4.874400000000000087e-04 6.141099999999999597e-04 6.292500000000000350e-04 5.093400000000000531e-04 3.817900000000000156e-04 3.659499999999999776e-04
3.558599999999999871e-03 3.367000000000000201e-03 3.507699999999999881e-03 3.264400000000000201e-03 3.031199999999999953e-03 2.966100000000000160e-03 3.201900000000000145e-03 3.432600000000000061e-03 3.495100000000000116e-03 3.266900000000000099e-03 3.030800000000000161e-03 2.966400000000000113e-03 3.201700000000000032e-03 3.432699999999999901e-03 3.495199999999999956e-03 3.266699999999999986e-03 3.030999999999999840e-03 2.966200000000000000e-03
9.852500000000000147e-03 8.153399999999999884e-03 8.482200000000000503e-03 8.840699999999999947e-03 9.313500000000000598e-03 9.215700000000000280e-03 8.822599999999999887e-03 8.349000000000000518e-03 8.444500000000000617e-03 8.847700000000000009e-03 9.312600000000000738e-03 9.216500000000000734e-03 8.822200000000000528e-03 8.349499999999999283e-03 8.444699999999999429e-03 8.847400000000000056e-03 9.313000000000000098e-03 9.216000000000000233e-03
5.061500000000000027e-02 4.431600000000000122e-02 4.594299999999999773e-02 4.566800000000000026e-02 4.586699999999999805e-02 4.539499999999999785e-02 4.540700000000000292e-02 4.528599999999999987e-02 4.575699999999999906e-02 4.570300000000000057e-02 4.586199999999999999e-02 4.539900000000000185e-02 4.540600000000000191e-02 4.528800000000000187e-02 4.575800000000000006e-02 4.570099999999999857e-02 4.586400000000000199e-02 4.539599999999999885e-02
1.033199999999999952e-01 8.900600000000000178e-02 9.242499999999999327e-02 9.292699999999999572e-02 9.445800000000000030e-02 9.345599999999999741e-02 9.248199999999999477e-02 9.103899999999999493e-02 9.203400000000000469e-02 9.299899999999999833e-02 9.444800000000000417e-02 9.346400000000000541e-02 9.247800000000000464e-02 9.104399999999999993e-02 9.203600000000000669e-02 9.299599999999999533e-02 9.445199999999999430e-02 9.346000000000000141e-02
1.801399999999999946e-01 1.562500000000000000e-01 1.624299999999999911e-01 1.619099999999999984e-01 1.631100000000000050e-01 1.611799999999999899e-01 1.609800000000000120e-01 1.598400000000000098e-01 1.617399999999999949e-01 1.620399999999999896e-01 1.630900000000000127e-01 1.612000000000000099e-01 1.609700000000000020e-01 1.598499999999999921e-01 1.617399999999999949e-01 1.620300000000000074e-01 1.630999999999999950e-01 1.611899999999999999e-01
2.828399999999999803e-01 2.460499999999999909e-01 2.559600000000000208e-01 2.539699999999999736e-01 2.546300000000000230e-01 2.514500000000000068e-01 2.524100000000000232e-01 2.517499999999999738e-01 2.548699999999999855e-01 2.541800000000000170e-01 2.545999999999999930e-01 2.514700000000000268e-01 2.523900000000000032e-01 2.517599999999999838e-01 2.548699999999999855e-01 2.541700000000000070e-01 2.546100000000000030e-01 2.514600000000000168e-01
4.133100000000000107e-01 3.598100000000000187e-01 3.745399999999999840e-01 3.706200000000000050e-01 3.705499999999999905e-01 3.657699999999999840e-01 3.683100000000000263e-01 3.682400000000000118e-01 3.729199999999999737e-01 3.709200000000000275e-01 3.705100000000000060e-01 3.658000000000000140e-01 3.682900000000000063e-01 3.682599999999999763e-01 3.729299999999999837e-01 3.709100000000000175e-01 3.705300000000000260e-01 3.657799999999999940e-01
5.970499999999999696e-01 5.194400000000000128e-01 5.412700000000000289e-01 5.344600000000000461e-01 5.332000000000000073e-01 5.259500000000000286e-01 5.310399999999999565e-01 5.318199999999999594e-01 5.388899999999999801e-01 5.349099999999999966e-01 5.331399999999999473e-01 5.260000000000000231e-01 5.310099999999999820e-01 5.318500000000000449e-01 5.389000000000000457e-01 5.348899999999999766e-01 5.331700000000000328e-01 5.259700000000000486e-01
8.248299999999999521e-01 7.166500000000000092e-01 7.475699999999999568e-01 7.371400000000000174e-01 7.343399999999999928e-01 7.238999999999999879e-01 7.323300000000000365e-01 7.340400000000000258e-01 7.442199999999999926e-01 7.377700000000000369e-01 7.342600000000000238e-01 7.239700000000000024e-01 7.322899999999999965e-01 7.340900000000000203e-01 7.442400000000000126e-01 7.377399999999999514e-01 7.342999999999999527e-01 7.239200000000000079e-01
1.117599999999999927e+00 9.686200000000000365e-01 1.011800000000000033e+00 9.970200000000000173e-01 9.925199999999999578e-01 9.776099999999999790e-01 9.903300000000000436e-01 9.926099999999999923e-01 1.007100000000000106e+00 9.978900000000000547e-01 9.924100000000000144e-01 9.777099999999999680e-01 9.902699999999999836e-01 9.926800000000000068e-01 1.007200000000000095e+00 9.978500000000000147e-01 9.924600000000000088e-01 9.776500000000000190e-01
1.467999999999999972e+00 1.268599999999999950e+00 1.326999999999999957e+00 1.307299999999999907e+00 1.300999999999999934e+00 1.280399999999999983e+00 1.298300000000000010e+00 1.300699999999999967e+00 1.320799999999999974e+00 1.308499999999999996e+00 1.300799999999999956e+00 1.280499999999999972e+00 1.298300000000000010e+00 1.300799999999999956e+00 1.320799999999999974e+00 1.308400000000000007e+00 1.300899999999999945e+00 1.280399999999999983e+00
1.884800000000000031e+00 1.623699999999999921e+00 1.701100000000000056e+00 1.675899999999999945e+00 1.667499999999999982e+00 1.639399999999999968e+00 1.663999999999999924e+00 1.665599999999999969e+00 1.693000000000000060e+00 1.677400000000000002e+00 1.667300000000000004e+00 1.639599999999999946e+00 1.663899999999999935e+00 1.665699999999999958e+00 1.693000000000000060e+00 1.677300000000000013e+00 1.667399999999999993e+00 1.639499999999999957e+00
2.357099999999999973e+00 2.023899999999999810e+00 2.123899999999999899e+00 2.092799999999999994e+00 2.082300000000000040e+00 2.044799999999999951e+00 2.077500000000000124e+00 2.076999999999999957e+00 2.113599999999999923e+00 2.094700000000000006e+00 2.081999999999999851e+00 2.045100000000000140e+00 2.077300000000000146e+00 2.077199999999999935e+00 2.113700000000000134e+00 2.094599999999999795e+00 2.082199999999999829e+00 2.044900000000000162e+00
2.785499999999999865e+00 2.385299999999999976e+00 2.507099999999999884e+00 2.470800000000000107e+00 2.458299999999999930e+00 2.411399999999999988e+00 2.452100000000000168e+00 2.448900000000000077e+00 2.494699999999999918e+00 2.473100000000000076e+00 2.458000000000000185e+00 2.411700000000000177e+00 2.451900000000000190e+00 2.448999999999999844e+00 2.494800000000000129e+00 2.472999999999999865e+00 2.458200000000000163e+00 2.411599999999999966e+00
3.140699999999999825e+00 2.684099999999999930e+00 2.824699999999999989e+00 2.784299999999999997e+00 2.770199999999999996e+00 2.714599999999999902e+00 2.762500000000000178e+00 2.756200000000000205e+00 2.810700000000000198e+00 2.786900000000000155e+00 2.769800000000000040e+00 2.714900000000000091e+00 2.762300000000000200e+00 2.756400000000000183e+00 2.810799999999999965e+00 2.786799999999999944e+00 2.770000000000000018e+00 2.714700000000000113e+00
3.487999999999999989e+00 2.975999999999999979e+00 3.136200000000000099e+00 3.091800000000000104e+00 3.075800000000000090e+00 3.010400000000000187e+00 3.066600000000000215e+00 3.056400000000000006e+00 3.120499999999999829e+00 3.094700000000000006e+00 3.075400000000000134e+00 3.010800000000000143e+00 3.066399999999999793e+00 3.056599999999999984e+00 3.120600000000000041e+00 3.094599999999999795e+00 3.075600000000000112e+00 3.010600000000000165e+00
3.661300000000000221e+00 3.121700000000000141e+00 3.291700000000000070e+00 3.245400000000000063e+00 3.228499999999999925e+00 3.158100000000000129e+00 3.218399999999999928e+00 3.206100000000000172e+00 3.275199999999999889e+00 3.248499999999999943e+00 3.228099999999999969e+00 3.158399999999999874e+00 3.218199999999999950e+00 3.206399999999999917e+00 3.275300000000000100e+00 3.248400000000000176e+00 3.228200000000000180e+00 3.158199999999999896e+00
0.000000000000000000e+00 0.000000000000000000e+00 0.000000000000000000e+00 0.000000000000000000e+00 0.000000000000000000e+00 0.000000000000000000e+00 0.000000000000000000e+00 0.000000000000000000e+00 0.000000000000000000e+00 0.000000000000000000e+00 0.000000000000000000e+00 0.000000000000000000e+00 0.000000000000000000e+00 0.000000000000000000e+00 0.000000000000000000e+00 0.000000000000000000e+00 0.000000000000000000e+00 0.000000000000000000e+00
1.037399999999999954e-03 9.599699999999999856e-04 9.918699999999999479e-04 9.272100000000000350e-04 8.754000000000000279e-04 8.672000000000000455e-04 9.280799999999999640e-04 9.801499999999999449e-04 9.879800000000000647e-04 9.279400000000000365e-04 8.752999999999999713e-04 8.672800000000000040e-04 9.280399999999999847e-04 9.802100000000000223e-04 9.879999999999999460e-04 9.278999999999999488e-04 8.753399999999999506e-04 8.672299999999999757e-04
5.517000000000000202e-03 5.217699999999999595e-03 5.382200000000000178e-03 4.920800000000000347e-03 4.531799999999999891e-03 4.492499999999999966e-03 4.934299999999999971e-03 5.324599999999999646e-03 5.361600000000000220e-03 4.924699999999999737e-03 4.531300000000000258e-03 4.492900000000000192e-03 4.934100000000000291e-03 5.324899999999999599e-03 5.361699999999999626e-03 4.924600000000000331e-03 4.531499999999999938e-03 4.492600000000000239e-03
1.511599999999999923e-02 1.383000000000000028e-02 1.429500000000000041e-02 1.351100000000000044e-02 1.291600000000000040e-02 1.279800000000000035e-02 1.352500000000000056e-02 1.412399999999999940e-02 1.423800000000000066e-02 1.352199999999999930e-02 1.291499999999999940e-02 1.279899999999999961e-02 1.352399999999999956e-02 1.412500000000000040e-02 1.423800000000000066e-02 1.352100000000000003e-02 1.291499999999999940e-02 1.279800000000000035e-02
4.140499999999999736e-02 3.688600000000000212e-02 3.822400000000000103e-02 3.719000000000000083e-02 3.660700000000000065e-02 3.621400000000000313e-02 3.709400000000000197e-02 3.768900000000000028e-02 3.806899999999999867e-02 3.721900000000000208e-02 3.660299999999999665e-02 3.621800000000000019e-02 3.709199999999999997e-02 3.769100000000000228e-02 3.806999999999999967e-02 3.721700000000000008e-02 3.660399999999999765e-02 3.621599999999999819e-02
8.241500000000000214e-02 7.195600000000000607e-02 7.475099999999999800e-02 7.430699999999999805e-02 7.466000000000000414e-02 7.374100000000000099e-02 7.390199999999999547e-02 7.355000000000000426e-02 7.444299999999999529e-02 7.436500000000000055e-02 7.465199999999999614e-02 7.374699999999999311e-02 7.389800000000000535e-02 7.355399999999999439e-02 7.444499999999999729e-02 7.436199999999999755e-02 7.465499999999999914e-02 7.374300000000000299e-02
1.514300000000000090e-01 1.324200000000000099e-01 1.376600000000000046e-01 1.363900000000000112e-01 1.365500000000000047e-01 1.347899999999999932e-01 1.355800000000000061e-01 1.353800000000000003e-01 1.370899999999999896e-01 1.365000000000000102e-01 1.365300000000000125e-01 1.348000000000000032e-01 1.355800000000000061e-01 1.353900000000000103e-01 1.370999999999999996e-01 1.364900000000000002e-01 1.365399999999999947e-01 1.347899999999999932e-01
2.428200000000000081e-01 2.120299999999999963e-01 2.206500000000000128e-01 2.183100000000000041e-01 2.182499999999999996e-01 2.153100000000000014e-01 2.169800000000000062e-01 2.168700000000000072e-01 2.197199999999999986e-01 2.184800000000000075e-01 2.182300000000000073e-01 2.153299999999999936e-01 2.169599999999999862e-01 2.168899999999999995e-01 2.197199999999999986e-01 2.184800000000000075e-01 2.182399999999999896e-01 2.153200000000000114e-01
3.656400000000000206e-01 3.193500000000000227e-01 3.325699999999999767e-01 3.284099999999999797e-01 3.276800000000000268e-01 3.231100000000000083e-01 3.263499999999999734e-01 3.267200000000000104e-01 3.311399999999999899e-01 3.286800000000000277e-01 3.276399999999999868e-01 3.231399999999999828e-01 3.263300000000000090e-01 3.267399999999999749e-01 3.311499999999999999e-01 3.286600000000000077e-01 3.276600000000000068e-01 3.231200000000000183e-01
5.402200000000000335e-01 4.716600000000000237e-01 4.915800000000000169e-01 4.845400000000000262e-01 4.825300000000000145e-01 4.755599999999999827e-01 4.814200000000000146e-01 4.827000000000000179e-01 4.894499999999999962e-01 4.849399999999999822e-01 4.824700000000000100e-01 4.756099999999999772e-01 4.813999999999999946e-01 4.827299999999999924e-01 4.894600000000000062e-01 4.849200000000000177e-01 4.824999999999999845e-01 4.755800000000000027e-01
7.632200000000000095e-01 6.654600000000000515e-01 6.943000000000000282e-01 6.835400000000000365e-01 6.797900000000000054e-01 6.695499999999999785e-01 6.789800000000000280e-01 6.813200000000000367e-01 6.912399999999999656e-01 6.841199999999999504e-01 6.797100000000000364e-01 6.696100000000000385e-01 6.789399999999999880e-01 6.813599999999999657e-01 6.912500000000000311e-01 6.840899999999999759e-01 6.797400000000000109e-01 6.695699999999999985e-01
1.047800000000000065e+00 9.113400000000000389e-01 9.519800000000000484e-01 9.369300000000000406e-01 9.314099999999999602e-01 9.167499999999999538e-01 9.304900000000000393e-01 9.334799999999999764e-01 9.476900000000000324e-01 9.377400000000000180e-01 9.313000000000000167e-01 9.168399999999999883e-01 9.304299999999999793e-01 9.335400000000000365e-01 9.477200000000000069e-01 9.376999999999999780e-01 9.313500000000000112e-01 9.167899999999999938e-01
1.391999999999999904e+00 1.207000000000000073e+00 1.262499999999999956e+00 1.242599999999999927e+00 1.235100000000000087e+00 1.214699999999999891e+00 1.233700000000000019e+00 1.236900000000000110e+00 1.256699999999999928e+00 1.243700000000000028e+00 1.235000000000000098e+00 1.214900000000000091e+00 1.233700000000000019e+00 1.237000000000000099e+00 1.256699999999999928e+00 1.243600000000000039e+00 1.235000000000000098e+00 1.214800000000000102e+00
1.804300000000000015e+00 1.559099999999999930e+00 1.633299999999999974e+00 1.608000000000000096e+00 1.598600000000000021e+00 1.570799999999999974e+00 1.596300000000000052e+00 1.598600000000000021e+00 1.625699999999999923e+00 1.609499999999999931e+00 1.598400000000000043e+00 1.570899999999999963e+00 1.596200000000000063e+00 1.598700000000000010e+00 1.625699999999999923e+00 1.609399999999999942e+00 1.598500000000000032e+00 1.570799999999999974e+00
2.274799999999999933e+00 1.958599999999999897e+00 2.055299999999999905e+00 2.024199999999999999e+00 2.012700000000000156e+00 1.975500000000000034e+00 2.008900000000000130e+00 2.009199999999999875e+00 2.045500000000000096e+00 2.025999999999999801e+00 2.012500000000000178e+00 1.975700000000000012e+00 2.008799999999999919e+00 2.009300000000000086e+00 2.045500000000000096e+00 2.025999999999999801e+00 2.012599999999999945e+00 1.975600000000000023e+00
2.704200000000000159e+00 2.321400000000000130e+00 2.439599999999999991e+00 2.403399999999999981e+00 2.390099999999999891e+00 2.343500000000000139e+00 2.384700000000000042e+00 2.382200000000000095e+00 2.427700000000000191e+00 2.405600000000000183e+00 2.389800000000000146e+00 2.343799999999999883e+00 2.384599999999999831e+00 2.382400000000000073e+00 2.427799999999999958e+00 2.405600000000000183e+00 2.390000000000000124e+00 2.343599999999999905e+00
3.065500000000000114e+00 2.625199999999999978e+00 2.762399999999999967e+00 2.722199999999999953e+00 2.707300000000000040e+00 2.652099999999999902e+00 2.700499999999999901e+00 2.694799999999999862e+00 2.748899999999999899e+00 2.724699999999999900e+00 2.706999999999999851e+00 2.652400000000000091e+00 2.700299999999999923e+00 2.694999999999999840e+00 2.749000000000000110e+00 2.724600000000000133e+00 2.707199999999999829e+00 2.652200000000000113e+00
3.434899999999999842e+00 2.934699999999999864e+00 3.092299999999999827e+00 3.048000000000000043e+00 3.031600000000000072e+00 2.966600000000000126e+00 3.022899999999999920e+00 3.013199999999999878e+00 3.076900000000000190e+00 3.050899999999999945e+00 3.031200000000000117e+00 2.966899999999999871e+00 3.022699999999999942e+00 3.013500000000000068e+00 3.076999999999999957e+00 3.050800000000000178e+00 3.031400000000000095e+00 2.966699999999999893e+00
3.619299999999999962e+00 3.088999999999999968e+00 3.256899999999999906e+00 3.210700000000000109e+00 3.193400000000000016e+00 3.123400000000000176e+00 3.183800000000000185e+00 3.172000000000000153e+00 3.240600000000000147e+00 3.213699999999999779e+00 3.193000000000000060e+00 3.123800000000000132e+00 3.183600000000000207e+00 3.172299999999999898e+00 3.240800000000000125e+00 3.213600000000000012e+00 3.193200000000000038e+00 3.123600000000000154e+00
