1.000000000000000000e+00 -1.558489999999999931e+00 3.605740000000000056e-01 1.500000000000000000e+00
2.870000000000000000e+02 -1.724637500000000045e+00 3.956387700000000285e-01 2.859809770000000029e+00
1.010000000000000000e+03 -2.056633904399999935e+00 4.596288000000000040e-01 5.598816899999999208e+00
1.886000000000000000e+03 -2.364424800000000104e+00 5.108546000000000475e-01 8.316900999999999655e+00
3.042000000000000000e+03 -2.668585700000000394e+00 5.712949999999999973e-01 1.173433050000000044e+01
4.109000000000000000e+03 -2.743547099999999794e+00 4.800360000000000182e-01 1.583344860000000054e+01
5.423000000000000000e+03 -2.644001999999999963e+00 3.659000000000000030e-01 1.992484319999999798e+01
6.667000000000000000e+03 -2.530837000000000003e+00 2.627652699999999952e-01 2.402796410000000193e+01
7.843000000000000000e+03 -2.394332000000000349e+00 1.608340000000000047e-01 2.812357280000000159e+01
8.940000000000000000e+03 -2.241394200000000225e+00 8.616899999999994009e-02 3.223270600000000030e+01
9.994000000000000000e+03 -2.090603000000000211e+00 3.711300000000006261e-02 3.634498800000000074e+01
1.095700000000000000e+04 -1.934581000000000106e+00 2.917400000000003324e-02 4.045211399999999458e+01
1.184300000000000000e+04 -1.774032999999999971e+00 5.762999999999984801e-02 4.457357700000000023e+01
1.268800000000000000e+04 -1.609751000000000154e+00 1.340699999999999115e-01 4.870001399999999592e+01
1.345300000000000000e+04 -1.443406999999999885e+00 2.413399999999998879e-01 5.282142999999999944e+01
1.412000000000000000e+04 -1.303889999999999993e+00 3.457700000000003548e-01 5.627122999999999564e+01
1.459000000000000000e+04 -1.154324000000000128e+00 4.322500000000002451e-01 5.902654000000000423e+01
1.495500000000000000e+04 -7.404669999999999863e-01 5.103100000000000414e-01 6.177022000000000190e+01
1.518600000000000000e+04 -5.332500000000000018e-01 5.451000000000001400e-01 6.315230999999999995e+01
1.370000000000000000e+02 1.558489999999999931e+00 -3.636220000000000008e-01 1.500000000000000000e+00
3.970000000000000000e+02 1.725267370000000078e+00 -4.054616999999999805e-01 2.860251149999999853e+00
1.218000000000000000e+03 1.820161799999999941e+00 -4.390916999999999737e-01 5.601041500000000006e+00
2.088000000000000000e+03 1.846406800000000015e+00 -4.622569999999999735e-01 8.322455100000000883e+00
3.242000000000000000e+03 1.776215869999999919e+00 -4.692649999999999877e-01 1.174595889999999976e+01
4.428000000000000000e+03 1.812288999999999817e+00 -4.656279999999999863e-01 1.584884800000000027e+01
5.729000000000000000e+03 1.738674999999999971e+00 -4.470399999999999929e-01 1.994077099999999803e+01
6.960000000000000000e+03 1.660929000000000100e+00 -4.390269999999999451e-01 2.404309800000000052e+01
8.118000000000000000e+03 1.570392999999999928e+00 -4.251550000000000051e-01 2.813635000000000019e+01
9.204000000000000000e+03 1.477786000000000044e+00 -3.913859999999999562e-01 3.224192399999999736e+01
1.023900000000000000e+04 1.390401800000000021e+00 -3.445700000000000429e-01 3.635047500000000298e+01
1.118100000000000000e+04 1.308618000000000059e+00 -2.698300000000000143e-01 4.045300399999999996e+01
1.205600000000000000e+04 1.227781000000000011e+00 -1.725200000000000067e-01 4.456995899999999722e+01
1.287800000000000000e+04 1.149313000000000029e+00 -4.671999999999987274e-02 4.869274899999999917e+01
1.364000000000000000e+04 1.072035000000000071e+00 1.046100000000000918e-01 5.281070000000000420e+01
1.425500000000000000e+04 1.008154999999999912e+00 2.428600000000002979e-01 5.625795999999999708e+01
1.468800000000000000e+04 9.317440000000000166e-01 3.559799999999997411e-01 5.901236000000000104e+01
1.503200000000000000e+04 6.788279999999999870e-01 4.621400000000002173e-01 6.175975999999999999e+01
1.522200000000000000e+04 5.522500000000000187e-01 5.100000000000002309e-01 6.314388999999999896e+01
