1.000000000000000000e+00 0.000000000000000000e+00 0.000000000000000000e+00 0.000000000000000000e+00 0.000000000000000000e+00
2.870000000000000000e+02 6.166600000000000217e-05 5.093400000000000531e-04 -5.411900000000000141e-05 5.159000000000000174e-04
1.010000000000000000e+03 1.115400000000000061e-04 3.266699999999999986e-03 -2.509000000000000271e-04 3.278300000000000051e-03
1.886000000000000000e+03 8.757999999999999835e-05 8.847400000000000056e-03 -5.917900000000000243e-04 8.867599999999999788e-03
3.042000000000000000e+03 4.647100000000000362e-03 4.570099999999999857e-02 -3.184300000000000260e-04 4.593799999999999967e-02
4.109000000000000000e+03 1.241699999999999922e-02 9.299599999999999533e-02 1.033899999999999923e-03 9.382699999999999374e-02
5.423000000000000000e+03 2.272300000000000014e-02 1.620300000000000074e-01 3.849399999999999784e-03 1.636599999999999999e-01
6.667000000000000000e+03 3.674299999999999788e-02 2.541700000000000070e-01 8.018600000000000727e-03 2.569400000000000017e-01
7.843000000000000000e+03 5.522300000000000125e-02 3.709100000000000175e-01 1.429199999999999915e-02 3.752699999999999925e-01
8.940000000000000000e+03 8.038199999999999512e-02 5.348899999999999766e-01 2.383599999999999955e-02 5.414200000000000124e-01
9.994000000000000000e+03 1.108500000000000041e-01 7.377399999999999514e-01 3.630499999999999700e-02 7.469099999999999628e-01
1.095700000000000000e+04 1.465799999999999881e-01 9.978500000000000147e-01 5.338199999999999890e-02 1.010000000000000009e+00
1.184300000000000000e+04 1.866700000000000026e-01 1.308400000000000007e+00 7.457199999999999940e-02 1.323800000000000088e+00
1.268800000000000000e+04 2.302099999999999980e-01 1.677300000000000013e+00 1.005599999999999966e-01 1.695999999999999952e+00
1.345300000000000000e+04 2.758300000000000196e-01 2.094599999999999795e+00 1.313900000000000068e-01 2.116800000000000015e+00
1.412000000000000000e+04 3.147400000000000198e-01 2.472999999999999865e+00 1.606400000000000050e-01 2.498099999999999987e+00
1.459000000000000000e+04 3.458600000000000008e-01 2.786799999999999944e+00 1.852600000000000080e-01 2.814299999999999802e+00
1.495500000000000000e+04 3.771300000000000208e-01 3.094599999999999795e+00 2.065400000000000014e-01 3.124400000000000066e+00
1.518600000000000000e+04 3.931100000000000150e-01 3.248400000000000176e+00 2.174300000000000122e-01 3.279300000000000104e+00
1.370000000000000000e+02 0.000000000000000000e+00 0.000000000000000000e+00 0.000000000000000000e+00 0.000000000000000000e+00
3.970000000000000000e+02 2.293399999999999963e-04 9.278999999999999488e-04 9.780400000000000075e-05 9.608200000000000334e-04
1.218000000000000000e+03 1.626199999999999955e-03 4.924600000000000331e-03 4.183400000000000096e-04 5.203000000000000159e-03
2.088000000000000000e+03 3.370600000000000072e-03 1.352100000000000003e-02 1.021900000000000065e-03 1.397200000000000004e-02
3.242000000000000000e+03 6.157499999999999779e-03 3.721700000000000008e-02 2.589199999999999835e-03 3.781199999999999839e-02
4.428000000000000000e+03 8.791000000000000203e-03 7.436199999999999755e-02 3.678400000000000072e-03 7.496999999999999498e-02
5.729000000000000000e+03 1.659599999999999964e-02 1.364900000000000002e-01 4.652200000000000432e-03 1.375800000000000078e-01
6.960000000000000000e+03 3.180399999999999894e-02 2.184800000000000075e-01 6.275499999999999828e-03 2.208700000000000108e-01
8.118000000000000000e+03 4.997599999999999959e-02 3.286600000000000077e-01 9.073200000000000015e-03 3.325699999999999767e-01
9.204000000000000000e+03 7.586299999999999988e-02 4.849200000000000177e-01 1.439299999999999954e-02 4.910300000000000220e-01
1.023900000000000000e+04 1.052600000000000063e-01 6.840899999999999759e-01 2.286399999999999891e-02 6.925200000000000244e-01
1.118100000000000000e+04 1.424999999999999878e-01 9.376999999999999780e-01 3.550600000000000284e-02 9.491300000000000292e-01
1.205600000000000000e+04 1.830299999999999983e-01 1.243600000000000039e+00 5.276900000000000340e-02 1.258099999999999996e+00
1.287800000000000000e+04 2.275800000000000045e-01 1.609399999999999942e+00 7.604600000000000248e-02 1.627199999999999980e+00
1.364000000000000000e+04 2.741899999999999893e-01 2.025999999999999801e+00 1.046399999999999969e-01 2.047099999999999920e+00
1.425500000000000000e+04 3.140499999999999958e-01 2.405600000000000183e+00 1.325500000000000012e-01 2.429600000000000204e+00
1.468800000000000000e+04 3.459699999999999998e-01 2.724600000000000133e+00 1.576599999999999946e-01 2.750999999999999890e+00
1.503200000000000000e+04 3.774199999999999777e-01 3.050800000000000178e+00 1.869399999999999951e-01 3.079699999999999882e+00
1.522200000000000000e+04 3.931100000000000150e-01 3.213600000000000012e+00 2.020200000000000051e-01 3.243799999999999795e+00
