1.000000000000000000e+00 -1.558489999999999931e+00 3.605740000000000056e-01 1.500000000000000000e+00
2.870000000000000000e+02 -1.724916099999999952e+00 3.957444400000000306e-01 2.859935676000000093e+00
1.010000000000000000e+03 -2.056369199999999786e+00 4.597996999999999779e-01 5.599665809999999411e+00
1.886000000000000000e+03 -2.360443833200000174e+00 5.103642000000000456e-01 8.319185649999999654e+00
3.042000000000000000e+03 -2.658895100000000067e+00 5.708390000000000963e-01 1.173922381999999942e+01
4.109000000000000000e+03 -2.723716000000000026e+00 4.780659999999999910e-01 1.584038057000000066e+01
5.423000000000000000e+03 -2.611523000000000039e+00 3.637799999999999923e-01 1.993304320000000018e+01
6.667000000000000000e+03 -2.483346000000000053e+00 2.605552700000000055e-01 2.403707780000000227e+01
7.843000000000000000e+03 -2.329829000000000150e+00 1.586140000000000050e-01 2.813324500000000228e+01
8.940000000000000000e+03 -2.157835000000000392e+00 8.403899999999997483e-02 3.224268500000000159e+01
9.994000000000000000e+03 -1.986280000000000046e+00 3.514300000000003532e-02 3.635504900000000106e+01
1.095700000000000000e+04 -1.808049999999999935e+00 2.703400000000000247e-02 4.046199699999999666e+01
1.184300000000000000e+04 -1.624029999999999863e+00 5.512999999999990131e-02 4.458303599999999989e+01
1.268800000000000000e+04 -1.435350000000000126e+00 1.306699999999998418e-01 4.870882900000000149e+01
1.345300000000000000e+04 -1.244059999999999944e+00 2.366400000000001835e-01 5.282939000000000362e+01
1.412000000000000000e+04 -1.083439999999999959e+00 3.396700000000003605e-01 5.627836999999999534e+01
1.459000000000000000e+04 -9.169700000000000628e-01 4.247500000000004050e-01 5.903274000000000399e+01
1.495500000000000000e+04 -4.862269999999999648e-01 5.013099999999997003e-01 6.177380999999999744e+01
1.518600000000000000e+04 -2.705099999999999727e-01 5.352000000000001201e-01 6.315457999999999572e+01
1.370000000000000000e+02 1.558489999999999931e+00 -3.636220000000000008e-01 1.500000000000000000e+00
3.970000000000000000e+02 1.725247970000000075e+00 -4.054089599999999849e-01 2.860093274999999657e+00
1.218000000000000000e+03 1.819373700000000094e+00 -4.386888999999999927e-01 5.600392309999999263e+00
2.088000000000000000e+03 1.846286800000000117e+00 -4.616480000000000028e-01 8.320959039999999973e+00
3.242000000000000000e+03 1.780969499999999872e+00 -4.687759999999999705e-01 1.174244640000000039e+01
4.428000000000000000e+03 1.831634499999999832e+00 -4.663819999999999633e-01 1.584352449999999912e+01
5.729000000000000000e+03 1.770536999999999805e+00 -4.479899999999999993e-01 1.993447970000000069e+01
6.960000000000000000e+03 1.708358999999999961e+00 -4.402969999999999939e-01 2.403607350000000054e+01
8.118000000000000000e+03 1.635021999999999975e+00 -4.264649999999999830e-01 2.812882139999999964e+01
9.204000000000000000e+03 1.561319000000000123e+00 -3.924559999999999715e-01 3.223405900000000202e+01
1.023900000000000000e+04 1.494860000000000078e+00 -3.453400000000000913e-01 3.634241699999999753e+01
1.118100000000000000e+04 1.435210000000000097e+00 -2.707000000000000517e-01 4.044490299999999650e+01
1.205600000000000000e+04 1.377869999999999928e+00 -1.738200000000000855e-01 4.456196299999999866e+01
1.287800000000000000e+04 1.323760000000000048e+00 -4.891999999999985249e-02 4.868497899999999845e+01
1.364000000000000000e+04 1.271409999999999929e+00 1.009099999999998332e-01 5.280326000000000164e+01
1.425500000000000000e+04 1.228616000000000152e+00 2.376599999999999824e-01 5.625085999999999586e+01
1.468800000000000000e+04 1.169103000000000003e+00 3.492799999999998128e-01 5.900567999999999813e+01
1.503200000000000000e+04 9.330480000000000995e-01 4.536400000000000432e-01 6.175457999999999714e+01
1.522200000000000000e+04 8.149899999999999922e-01 5.006000000000003780e-01 6.313946999999999576e+01
