1.000000000000000000e+00 -1.558489999999999931e+00 3.605740000000000056e-01 1.500000000000000000e+00
2.870000000000000000e+02 -1.724988586999999907e+00 3.957660100000000014e-01 2.859945945999999850e+00
1.010000000000000000e+03 -2.056528929999999811e+00 4.598624000000000045e-01 5.599749539999999470e+00
1.886000000000000000e+03 -2.360361930000000275e+00 5.103827000000000780e-01 8.319409419999999500e+00
3.042000000000000000e+03 -2.658614600000000383e+00 5.711010000000000808e-01 1.173968361000000016e+01
4.109000000000000000e+03 -2.722948000000000146e+00 4.785149999999999681e-01 1.584103580000000022e+01
5.423000000000000000e+03 -2.610145999999999855e+00 3.647199999999999886e-01 1.993384980000000084e+01
6.667000000000000000e+03 -2.481214000000000031e+00 2.621352699999999758e-01 2.403801640000000006e+01
7.843000000000000000e+03 -2.326813000000000020e+00 1.609440000000000037e-01 2.813428500000000199e+01
8.940000000000000000e+03 -2.153830000000000133e+00 8.748900000000003896e-02 3.224382099999999696e+01
9.994000000000000000e+03 -1.981220000000000203e+00 3.999300000000005628e-02 3.635628100000000273e+01
1.095700000000000000e+04 -1.801889999999999992e+00 3.378400000000003622e-02 4.046334199999999726e+01
1.184300000000000000e+04 -1.616749999999999909e+00 6.412999999999979828e-02 4.458451300000000117e+01
1.268800000000000000e+04 -1.426970000000000072e+00 1.426699999999998525e-01 4.871047999999999689e+01
1.345300000000000000e+04 -1.234609999999999985e+00 2.521400000000000308e-01 5.283127000000000351e+01
1.412000000000000000e+04 -1.073099999999999943e+00 3.585700000000002774e-01 5.628049000000000035e+01
1.459000000000000000e+04 -9.059300000000001241e-01 4.467500000000002025e-01 5.903509000000000384e+01
1.495500000000000000e+04 -4.745069999999999566e-01 5.267100000000000115e-01 6.177635000000000076e+01
1.518600000000000000e+04 -2.584400000000000031e-01 5.624000000000002331e-01 6.315722999999999843e+01
1.370000000000000000e+02 1.558489999999999931e+00 -3.636220000000000008e-01 1.500000000000000000e+00
3.970000000000000000e+02 1.725279250000000042e+00 -4.054097899999999921e-01 2.860097706999999989e+00
1.218000000000000000e+03 1.819585500000000078e+00 -4.387021999999999866e-01 5.600417969999999634e+00
2.088000000000000000e+03 1.846749200000000091e+00 -4.616609999999999880e-01 8.321021100000001169e+00
3.242000000000000000e+03 1.781665199999999949e+00 -4.686779999999999835e-01 1.174258700000000033e+01
4.428000000000000000e+03 1.832358799999999954e+00 -4.659729999999999706e-01 1.584367519999999985e+01
5.729000000000000000e+03 1.771830999999999934e+00 -4.471800000000000219e-01 1.993464799999999926e+01
6.960000000000000000e+03 1.710420999999999969e+00 -4.389469999999999761e-01 2.403626990000000063e+01
8.118000000000000000e+03 1.637963999999999976e+00 -4.243850000000000122e-01 2.812906530000000060e+01
9.204000000000000000e+03 1.565266000000000046e+00 -3.893159999999999399e-01 3.223438099999999906e+01
1.023900000000000000e+04 1.499870000000000037e+00 -3.407400000000000428e-01 3.634284399999999948e+01
1.118100000000000000e+04 1.441340000000000066e+00 -2.641999999999999904e-01 4.044547599999999932e+01
1.205600000000000000e+04 1.385119999999999907e+00 -1.649200000000001776e-01 4.456272299999999831e+01
1.287800000000000000e+04 1.332130000000000036e+00 -3.711999999999981981e-02 4.868598000000000070e+01
1.364000000000000000e+04 1.280850000000000044e+00 1.163099999999999135e-01 5.280455000000000609e+01
1.425500000000000000e+04 1.238946000000000103e+00 2.564600000000001323e-01 5.625242999999999682e+01
1.468800000000000000e+04 1.180123000000000033e+00 3.711799999999998434e-01 5.900751999999999953e+01
1.503200000000000000e+04 9.447780000000001177e-01 4.789400000000001434e-01 6.175675999999999988e+01
1.522200000000000000e+04 8.270599999999999064e-01 5.277000000000002800e-01 6.314182999999999879e+01
