1.308000000000000007e+01 1.308000000000000007e+01 1.308000000000000007e+01 1.308000000000000007e+01 1.308000000000000007e+01 1.308000000000000007e+01 1.308000000000000007e+01 1.308000000000000007e+01 1.308000000000000007e+01 1.308000000000000007e+01 1.308000000000000007e+01 1.308000000000000007e+01 1.308000000000000007e+01 1.308000000000000007e+01 1.308000000000000007e+01 1.308000000000000007e+01 1.308000000000000007e+01 1.308000000000000007e+01
1.307199999999999918e+01 1.307300000000000040e+01 1.307300000000000040e+01 1.307300000000000040e+01 1.307300000000000040e+01 1.307300000000000040e+01 1.307300000000000040e+01 1.307300000000000040e+01 1.307300000000000040e+01 1.307300000000000040e+01 1.307300000000000040e+01 1.307300000000000040e+01 1.307300000000000040e+01 1.307300000000000040e+01 1.307300000000000040e+01 1.307300000000000040e+01 1.307300000000000040e+01 1.307300000000000040e+01
1.304899999999999949e+01 1.305300000000000082e+01 1.305199999999999960e+01 1.305199999999999960e+01 1.305199999999999960e+01 1.305199999999999960e+01 1.305199999999999960e+01 1.305199999999999960e+01 1.305199999999999960e+01 1.305199999999999960e+01 1.305199999999999960e+01 1.305199999999999960e+01 1.305199999999999960e+01 1.305199999999999960e+01 1.305199999999999960e+01 1.305199999999999960e+01 1.305199999999999960e+01 1.305199999999999960e+01
1.300200000000000067e+01 1.300900000000000034e+01 1.300699999999999967e+01 1.300999999999999979e+01 1.301200000000000045e+01 1.301299999999999990e+01 1.300999999999999979e+01 1.300799999999999912e+01 1.300699999999999967e+01 1.300999999999999979e+01 1.301200000000000045e+01 1.301299999999999990e+01 1.300999999999999979e+01 1.300799999999999912e+01 1.300699999999999967e+01 1.300999999999999979e+01 1.301200000000000045e+01 1.301299999999999990e+01
1.318900000000000006e+01 1.318099999999999916e+01 1.318399999999999928e+01 1.317900000000000027e+01 1.317600000000000016e+01 1.317600000000000016e+01 1.317900000000000027e+01 1.318299999999999983e+01 1.318299999999999983e+01 1.317999999999999972e+01 1.317600000000000016e+01 1.317600000000000016e+01 1.317900000000000027e+01 1.318299999999999983e+01 1.318299999999999983e+01 1.317999999999999972e+01 1.317600000000000016e+01 1.317600000000000016e+01
1.174200000000000088e+01 1.169599999999999973e+01 1.170400000000000063e+01 1.171400000000000041e+01 1.172700000000000031e+01 1.172499999999999964e+01 1.171299999999999919e+01 1.170100000000000051e+01 1.170299999999999940e+01 1.171400000000000041e+01 1.172600000000000087e+01 1.172499999999999964e+01 1.171299999999999919e+01 1.170100000000000051e+01 1.170299999999999940e+01 1.171400000000000041e+01 1.172600000000000087e+01 1.172499999999999964e+01
1.053899999999999970e+01 1.047700000000000031e+01 1.048900000000000077e+01 1.049699999999999989e+01 1.050799999999999912e+01 1.050600000000000023e+01 1.049499999999999922e+01 1.048499999999999943e+01 1.048700000000000010e+01 1.049699999999999989e+01 1.050799999999999912e+01 1.050600000000000023e+01 1.049499999999999922e+01 1.048499999999999943e+01 1.048700000000000010e+01 1.049699999999999989e+01 1.050799999999999912e+01 1.050600000000000023e+01
9.554000000000000270e+00 9.473000000000000753e+00 9.490999999999999659e+00 9.494999999999999218e+00 9.505000000000000782e+00 9.500999999999999446e+00 9.492000000000000881e+00 9.484999999999999432e+00 9.489000000000000767e+00 9.496000000000000441e+00 9.503999999999999559e+00 9.500999999999999446e+00 9.492000000000000881e+00 9.484999999999999432e+00 9.489000000000000767e+00 9.496000000000000441e+00 9.503999999999999559e+00 9.500999999999999446e+00
8.477000000000000313e+00 8.372999999999999332e+00 8.394999999999999574e+00 8.397999999999999687e+00 8.407000000000000028e+00 8.403999999999999915e+00 8.394000000000000128e+00 8.387999999999999901e+00 8.391999999999999460e+00 8.397999999999999687e+00 8.407000000000000028e+00 8.403999999999999915e+00 8.394000000000000128e+00 8.387999999999999901e+00 8.391999999999999460e+00 8.398999999999999133e+00 8.407000000000000028e+00 8.403999999999999915e+00
7.411999999999999922e+00 7.272999999999999687e+00 7.301999999999999602e+00 7.306000000000000050e+00 7.317000000000000171e+00 7.312999999999999723e+00 7.301000000000000156e+00 7.293999999999999595e+00 7.299000000000000377e+00 7.306000000000000050e+00 7.317000000000000171e+00 7.312999999999999723e+00 7.301000000000000156e+00 7.293999999999999595e+00 7.299000000000000377e+00 7.306000000000000050e+00 7.317000000000000171e+00 7.312999999999999723e+00
6.373000000000000220e+00 6.201999999999999957e+00 6.235999999999999766e+00 6.241999999999999993e+00 6.256999999999999673e+00 6.253999999999999559e+00 6.238000000000000433e+00 6.227000000000000313e+00 6.232000000000000206e+00 6.243000000000000327e+00 6.256999999999999673e+00 6.253999999999999559e+00 6.238000000000000433e+00 6.227000000000000313e+00 6.232000000000000206e+00 6.243000000000000327e+00 6.256999999999999673e+00 6.253999999999999559e+00
5.421000000000000263e+00 5.200000000000000178e+00 5.245000000000000107e+00 5.250000000000000000e+00 5.267000000000000348e+00 5.262999999999999901e+00 5.245000000000000107e+00 5.232999999999999652e+00 5.238000000000000433e+00 5.251000000000000334e+00 5.267000000000000348e+00 5.262999999999999901e+00 5.245000000000000107e+00 5.232999999999999652e+00 5.238999999999999879e+00 5.251000000000000334e+00 5.267000000000000348e+00 5.262999999999999901e+00
4.578999999999999737e+00 4.304000000000000270e+00 4.360000000000000320e+00 4.363000000000000433e+00 4.386000000000000121e+00 4.381999999999999673e+00 4.360999999999999766e+00 4.346000000000000085e+00 4.352000000000000313e+00 4.365000000000000213e+00 4.384000000000000341e+00 4.379999999999999893e+00 4.360999999999999766e+00 4.346000000000000085e+00 4.352000000000000313e+00 4.365000000000000213e+00 4.386000000000000121e+00 4.379999999999999893e+00
3.988999999999999879e+00 3.660000000000000142e+00 3.725999999999999979e+00 3.728000000000000203e+00 3.749000000000000110e+00 3.742999999999999883e+00 3.724000000000000199e+00 3.709999999999999964e+00 3.716000000000000192e+00 3.728000000000000203e+00 3.749000000000000110e+00 3.745000000000000107e+00 3.724000000000000199e+00 3.709999999999999964e+00 3.716000000000000192e+00 3.728000000000000203e+00 3.749000000000000110e+00 3.745000000000000107e+00
3.402000000000000135e+00 3.016000000000000014e+00 3.091000000000000192e+00 3.091000000000000192e+00 3.113999999999999879e+00 3.107000000000000206e+00 3.091000000000000192e+00 3.072999999999999954e+00 3.079000000000000181e+00 3.092999999999999972e+00 3.111000000000000210e+00 3.108999999999999986e+00 3.088999999999999968e+00 3.075000000000000178e+00 3.081999999999999851e+00 3.091000000000000192e+00 3.113999999999999879e+00 3.107000000000000206e+00
2.873000000000000220e+00 2.442000000000000171e+00 2.531000000000000139e+00 2.528999999999999915e+00 2.548999999999999932e+00 2.540999999999999925e+00 2.528999999999999915e+00 2.511000000000000121e+00 2.519000000000000128e+00 2.531000000000000139e+00 2.548999999999999932e+00 2.540999999999999925e+00 2.525999999999999801e+00 2.508999999999999897e+00 2.519000000000000128e+00 2.528999999999999915e+00 2.548999999999999932e+00 2.544000000000000039e+00
2.434000000000000163e+00 1.987000000000000099e+00 2.080000000000000071e+00 2.075000000000000178e+00 2.096999999999999975e+00 2.085999999999999854e+00 2.072000000000000064e+00 2.055000000000000160e+00 2.065999999999999837e+00 2.076999999999999957e+00 2.093999999999999861e+00 2.085999999999999854e+00 2.072000000000000064e+00 2.055000000000000160e+00 2.065999999999999837e+00 2.076999999999999957e+00 2.093999999999999861e+00 2.085999999999999854e+00
2.302999999999999936e+00 1.826999999999999957e+00 1.931999999999999940e+00 1.927999999999999936e+00 1.943999999999999950e+00 1.927999999999999936e+00 1.923999999999999932e+00 1.903999999999999915e+00 1.919999999999999929e+00 1.927999999999999936e+00 1.943999999999999950e+00 1.931999999999999940e+00 1.923999999999999932e+00 1.899999999999999911e+00 1.919999999999999929e+00 1.927999999999999936e+00 1.943999999999999950e+00 1.931999999999999940e+00
2.216000000000000192e+00 1.725000000000000089e+00 1.836000000000000076e+00 1.830999999999999961e+00 1.852000000000000091e+00 1.830999999999999961e+00 1.826000000000000068e+00 1.798999999999999932e+00 1.826000000000000068e+00 1.836000000000000076e+00 1.852000000000000091e+00 1.826000000000000068e+00 1.826000000000000068e+00 1.798999999999999932e+00 1.820000000000000062e+00 1.836000000000000076e+00 1.846999999999999975e+00 1.826000000000000068e+00
