1.000000000000000000e+00 0.000000000000000000e+00 0.000000000000000000e+00 0.000000000000000000e+00 0.000000000000000000e+00
2.870000000000000000e+02 -2.495099999999999879e-04 6.292500000000000350e-04 7.584400000000000093e-05 6.811500000000000497e-04
1.010000000000000000e+03 3.012700000000000209e-04 3.495199999999999956e-03 6.325000000000000327e-04 3.564700000000000073e-03
1.886000000000000000e+03 4.094699999999999729e-03 8.444699999999999429e-03 1.784800000000000015e-03 9.553199999999999539e-03
3.042000000000000000e+03 1.447500000000000002e-02 4.575800000000000006e-02 4.767300000000000357e-03 4.822900000000000104e-02
4.109000000000000000e+03 3.263400000000000328e-02 9.203600000000000669e-02 8.249799999999999842e-03 9.799900000000000277e-02
5.423000000000000000e+03 5.590099999999999930e-02 1.617399999999999949e-01 1.241899999999999948e-02 1.715800000000000103e-01
6.667000000000000000e+03 8.532700000000000007e-02 2.548699999999999855e-01 1.759000000000000147e-02 2.693499999999999783e-01
7.843000000000000000e+03 1.212899999999999950e-01 3.729299999999999837e-01 2.451400000000000107e-02 3.929199999999999915e-01
8.940000000000000000e+03 1.660600000000000132e-01 5.389000000000000457e-01 3.448099999999999776e-02 5.649600000000000177e-01
9.994000000000000000e+03 2.179000000000000103e-01 7.442400000000000126e-01 4.717199999999999865e-02 7.769200000000000550e-01
1.095700000000000000e+04 2.764699999999999935e-01 1.007200000000000095e+00 6.425400000000000555e-02 1.046399999999999997e+00
1.184300000000000000e+04 3.407000000000000028e-01 1.320799999999999974e+00 8.524299999999999933e-02 1.366700000000000026e+00
1.268800000000000000e+04 4.092700000000000227e-01 1.693000000000000060e+00 1.108600000000000002e-01 1.745300000000000074e+00
1.345300000000000000e+04 4.804399999999999782e-01 2.113700000000000134e+00 1.411600000000000077e-01 2.172200000000000131e+00
1.412000000000000000e+04 5.409399999999999764e-01 2.494800000000000129e+00 1.699100000000000055e-01 2.558499999999999996e+00
1.459000000000000000e+04 5.893599999999999950e-01 2.810799999999999965e+00 1.938499999999999945e-01 2.878400000000000070e+00
1.495500000000000000e+04 6.378800000000000026e-01 3.120600000000000041e+00 2.127699999999999869e-01 3.192299999999999915e+00
1.518600000000000000e+04 6.625499999999999723e-01 3.275300000000000100e+00 2.224700000000000011e-01 3.349099999999999966e+00
1.370000000000000000e+02 0.000000000000000000e+00 0.000000000000000000e+00 0.000000000000000000e+00 0.000000000000000000e+00
3.970000000000000000e+02 2.264699999999999916e-04 9.879999999999999460e-04 -5.637599999999999692e-05 1.015199999999999957e-03
1.218000000000000000e+03 9.537099999999999744e-04 5.361699999999999626e-03 -2.122500000000000092e-04 5.449999999999999983e-03
2.088000000000000000e+03 3.495499999999999909e-03 1.423800000000000066e-02 -4.296500000000000080e-04 1.466699999999999948e-02
3.242000000000000000e+03 1.127099999999999977e-02 3.806999999999999967e-02 -8.194300000000000065e-04 3.971199999999999730e-02
4.428000000000000000e+03 2.847399999999999931e-02 7.444499999999999729e-02 -1.517600000000000025e-03 7.971899999999999820e-02
5.729000000000000000e+03 4.907099999999999657e-02 1.370999999999999996e-01 -1.488399999999999966e-03 1.456199999999999994e-01
6.960000000000000000e+03 8.025400000000000589e-02 2.197199999999999986e-01 -5.644099999999999985e-04 2.339199999999999890e-01
8.118000000000000000e+03 1.160899999999999987e-01 3.311499999999999999e-01 1.781100000000000088e-03 3.509200000000000097e-01
9.204000000000000000e+03 1.614599999999999924e-01 4.894600000000000062e-01 6.852099999999999858e-03 5.154499999999999638e-01
1.023900000000000000e+04 2.123800000000000132e-01 6.912500000000000311e-01 1.525400000000000020e-02 7.233000000000000540e-01
1.118100000000000000e+04 2.724099999999999855e-01 9.477200000000000069e-01 2.802899999999999836e-02 9.864899999999999780e-01
1.205600000000000000e+04 3.371000000000000107e-01 1.256699999999999928e+00 4.562399999999999789e-02 1.302000000000000046e+00
1.287800000000000000e+04 4.066600000000000215e-01 1.625699999999999923e+00 6.941999999999999560e-02 1.677300000000000013e+00
1.364000000000000000e+04 4.788200000000000234e-01 2.045500000000000096e+00 9.869500000000000495e-02 2.103099999999999969e+00
1.425500000000000000e+04 5.402700000000000280e-01 2.427799999999999958e+00 1.272500000000000020e-01 2.490499999999999936e+00
1.468800000000000000e+04 5.894599999999999840e-01 2.749000000000000110e+00 1.530799999999999939e-01 2.815599999999999881e+00
1.503200000000000000e+04 6.381599999999999495e-01 3.076999999999999957e+00 1.841899999999999926e-01 3.147899999999999920e+00
1.522200000000000000e+04 6.625499999999999723e-01 3.240800000000000125e+00 2.001900000000000068e-01 3.313899999999999846e+00
