0.000000000000000000e+00 0.000000000000000000e+00 0.000000000000000000e+00 0.000000000000000000e+00 0.000000000000000000e+00 0.000000000000000000e+00 0.000000000000000000e+00 0.000000000000000000e+00 0.000000000000000000e+00 0.000000000000000000e+00 0.000000000000000000e+00 0.000000000000000000e+00 0.000000000000000000e+00 0.000000000000000000e+00 0.000000000000000000e+00 0.000000000000000000e+00 0.000000000000000000e+00 0.000000000000000000e+00
1.724600000000000124e-04 -2.264599999999999968e-04 -2.476900000000000087e-04 6.141300000000000307e-05 4.125199999999999874e-04 4.459900000000000041e-04 1.339199999999999917e-04 -2.171700000000000095e-04 -2.495199999999999827e-04 6.167800000000000138e-05 4.124999999999999977e-04 4.460199999999999885e-04 1.339000000000000021e-04 -2.171399999999999979e-04 -2.495099999999999879e-04 6.166600000000000217e-05 4.125099999999999926e-04 4.459999999999999989e-04
3.387800000000000056e-04 3.627600000000000030e-04 3.036199999999999967e-04 1.110700000000000055e-04 6.166299999999999729e-06 7.863599999999999724e-05 2.708300000000000074e-04 3.747499999999999746e-04 3.012499999999999770e-04 1.115599999999999958e-04 6.095599999999999711e-06 7.869500000000000464e-05 2.708000000000000229e-04 3.747800000000000133e-04 3.012700000000000209e-04 1.115400000000000061e-04 6.127399999999999983e-06 7.865899999999999346e-05
-8.155100000000000576e-05 4.103700000000000056e-03 4.087000000000000355e-03 8.807000000000000212e-05 -3.974700000000000281e-03 -4.019100000000000276e-03 6.138899999999999788e-06 4.064700000000000084e-03 4.094699999999999729e-03 8.755499999999999774e-05 -3.974799999999999688e-03 -4.019000000000000003e-03 6.166799999999999978e-06 4.064599999999999810e-03 4.094699999999999729e-03 8.757999999999999835e-05 -3.974799999999999688e-03 -4.019100000000000276e-03
4.623200000000000053e-03 1.434900000000000064e-02 1.447200000000000049e-02 4.645400000000000050e-03 -5.325200000000000419e-03 -5.493200000000000166e-03 4.364999999999999956e-03 1.434000000000000032e-02 1.447500000000000002e-02 4.647199999999999769e-03 -5.325700000000000052e-03 -5.492799999999999939e-03 4.364899999999999683e-03 1.434000000000000032e-02 1.447500000000000002e-02 4.647100000000000362e-03 -5.325599999999999778e-03 -5.492999999999999619e-03
1.241300000000000042e-02 3.223499999999999976e-02 3.263499999999999734e-02 1.241199999999999942e-02 -8.185700000000000615e-03 -8.655700000000000546e-03 1.164399999999999984e-02 3.224699999999999789e-02 3.263400000000000328e-02 1.241699999999999922e-02 -8.187099999999999239e-03 -8.654600000000000140e-03 1.164399999999999984e-02 3.224699999999999789e-02 3.263400000000000328e-02 1.241699999999999922e-02 -8.186600000000000474e-03 -8.655299999999999452e-03
2.282500000000000154e-02 5.513500000000000345e-02 5.590799999999999936e-02 2.271400000000000155e-02 -1.114000000000000060e-02 -1.201100000000000084e-02 2.133699999999999833e-02 5.518300000000000288e-02 5.590200000000000030e-02 2.272400000000000114e-02 -1.114200000000000086e-02 -1.200900000000000058e-02 2.133699999999999833e-02 5.518300000000000288e-02 5.590099999999999930e-02 2.272300000000000014e-02 -1.114099999999999986e-02 -1.200999999999999984e-02
3.713000000000000328e-02 8.406900000000000484e-02 8.534600000000000519e-02 3.672600000000000170e-02 -1.289299999999999995e-02 -1.427900000000000003e-02 3.459500000000000075e-02 8.418599999999999695e-02 8.532700000000000007e-02 3.674399999999999888e-02 -1.289700000000000048e-02 -1.427499999999999949e-02 3.459399999999999975e-02 8.418699999999999795e-02 8.532700000000000007e-02 3.674299999999999788e-02 -1.289500000000000021e-02 -1.427800000000000076e-02
5.622100000000000014e-02 1.193899999999999961e-01 1.213299999999999934e-01 5.519700000000000301e-02 -1.231600000000000056e-02 -1.434200000000000058e-02 5.218300000000000022e-02 1.196300000000000002e-01 1.212899999999999950e-01 5.522500000000000325e-02 -1.232199999999999962e-02 -1.433700000000000079e-02 5.218099999999999822e-02 1.196300000000000002e-01 1.212899999999999950e-01 5.522300000000000125e-02 -1.231999999999999935e-02 -1.434000000000000032e-02
8.263500000000000012e-02 1.632699999999999985e-01 1.661499999999999921e-01 8.033999999999999475e-02 -7.214599999999999833e-03 -1.003599999999999978e-02 7.633800000000000308e-02 1.637599999999999889e-01 1.660600000000000132e-01 8.038399999999999712e-02 -7.224200000000000066e-03 -1.002800000000000046e-02 7.633500000000000008e-02 1.637599999999999889e-01 1.660600000000000132e-01 8.038199999999999512e-02 -7.220200000000000402e-03 -1.003300000000000025e-02
1.148799999999999960e-01 2.140600000000000003e-01 2.180499999999999938e-01 1.107899999999999996e-01 1.420400000000000048e-03 -2.325400000000000036e-03 1.057300000000000045e-01 2.148700000000000054e-01 2.179000000000000103e-01 1.108600000000000002e-01 1.407000000000000048e-03 -2.314000000000000085e-03 1.057300000000000045e-01 2.148700000000000054e-01 2.179000000000000103e-01 1.108500000000000041e-01 1.412800000000000080e-03 -2.321099999999999986e-03
1.529600000000000126e-01 2.714099999999999846e-01 2.767000000000000015e-01 1.464900000000000091e-01 1.381699999999999942e-02 9.017999999999999974e-03 1.403300000000000103e-01 2.726299999999999835e-01 2.764699999999999935e-01 1.465799999999999881e-01 1.379900000000000050e-02 9.033599999999999269e-03 1.403300000000000103e-01 2.726299999999999835e-01 2.764699999999999935e-01 1.465799999999999881e-01 1.380699999999999983e-02 9.024100000000000177e-03
1.959200000000000108e-01 3.342700000000000116e-01 3.410099999999999798e-01 1.865600000000000036e-01 2.929999999999999966e-02 2.332700000000000051e-02 1.792900000000000049e-01 3.359699999999999909e-01 3.406899999999999928e-01 1.866800000000000126e-01 2.927700000000000094e-02 2.334699999999999970e-02 1.792799999999999949e-01 3.359699999999999909e-01 3.407000000000000028e-01 1.866700000000000026e-01 2.928700000000000053e-02 2.333500000000000157e-02
2.427600000000000036e-01 4.013900000000000245e-01 4.096799999999999886e-01 2.300699999999999967e-01 4.731799999999999895e-02 4.006500000000000339e-02 2.217000000000000082e-01 4.036100000000000243e-01 4.092600000000000127e-01 2.302200000000000080e-01 4.728899999999999770e-02 4.009100000000000164e-02 2.216899999999999982e-01 4.036199999999999788e-01 4.092700000000000227e-01 2.302099999999999980e-01 4.730199999999999683e-02 4.007600000000000051e-02
2.919599999999999973e-01 4.710500000000000242e-01 4.809499999999999886e-01 2.756500000000000061e-01 6.688800000000000301e-02 5.825899999999999829e-02 2.662100000000000022e-01 4.738299999999999734e-01 4.804300000000000237e-01 2.758300000000000196e-01 6.685299999999999576e-02 5.829000000000000153e-02 2.661999999999999922e-01 4.738299999999999734e-01 4.804399999999999782e-01 2.758300000000000196e-01 6.686999999999999889e-02 5.827199999999999741e-02
3.339599999999999791e-01 5.302700000000000191e-01 5.415400000000000214e-01 3.145399999999999863e-01 8.379100000000000437e-02 7.394299999999999484e-02 3.042099999999999804e-01 5.335100000000000398e-01 5.409399999999999764e-01 3.147499999999999742e-01 8.375000000000000500e-02 7.397900000000000309e-02 3.042000000000000259e-01 5.335199999999999942e-01 5.409399999999999764e-01 3.147400000000000198e-01 8.376899999999999624e-02 7.395899999999999697e-02
3.675499999999999878e-01 5.776700000000000168e-01 5.900300000000000544e-01 3.456400000000000028e-01 9.729100000000000248e-02 8.643900000000000194e-02 3.346199999999999730e-01 5.812699999999999534e-01 5.893599999999999950e-01 3.458700000000000108e-01 9.724599999999999911e-02 8.647900000000000031e-02 3.346000000000000085e-01 5.812800000000000189e-01 5.893599999999999950e-01 3.458600000000000008e-01 9.726700000000000623e-02 8.645600000000000507e-02
4.013399999999999745e-01 6.251799999999999580e-01 6.386100000000000110e-01 3.768900000000000028e-01 1.109799999999999953e-01 9.913700000000000290e-02 3.651900000000000146e-01 6.291499999999999870e-01 6.378700000000000481e-01 3.771399999999999753e-01 1.109300000000000008e-01 9.918000000000000427e-02 3.651699999999999946e-01 6.291600000000000525e-01 6.378800000000000026e-01 3.771300000000000208e-01 1.109600000000000031e-01 9.915599999999999414e-02
4.186300000000000021e-01 6.492900000000000338e-01 6.633200000000000207e-01 3.928599999999999870e-01 1.180999999999999966e-01 1.057000000000000023e-01 3.808099999999999818e-01 6.534499999999999753e-01 6.625400000000000178e-01 3.931200000000000250e-01 1.180500000000000022e-01 1.057499999999999968e-01 3.807900000000000174e-01 6.534699999999999953e-01 6.625499999999999723e-01 3.931100000000000150e-01 1.180800000000000044e-01 1.057199999999999945e-01
0.000000000000000000e+00 0.000000000000000000e+00 0.000000000000000000e+00 0.000000000000000000e+00 0.000000000000000000e+00 0.000000000000000000e+00 0.000000000000000000e+00 0.000000000000000000e+00 0.000000000000000000e+00 0.000000000000000000e+00 0.000000000000000000e+00 0.000000000000000000e+00 0.000000000000000000e+00 0.000000000000000000e+00 0.000000000000000000e+00 0.000000000000000000e+00 0.000000000000000000e+00 0.000000000000000000e+00
2.117900000000000034e-04 2.074199999999999894e-04 2.269299999999999974e-04 2.292499999999999887e-04 2.173900000000000040e-04 2.006499999999999983e-04 1.979700000000000036e-04 2.098699999999999947e-04 2.264699999999999916e-04 2.293399999999999963e-04 2.173699999999999873e-04 2.006599999999999931e-04 1.979700000000000036e-04 2.098799999999999895e-04 2.264699999999999916e-04 2.293399999999999963e-04 2.173800000000000092e-04 2.006599999999999931e-04
1.538899999999999947e-03 8.120000000000000048e-04 9.585999999999999903e-04 1.625499999999999992e-03 2.201900000000000125e-03 2.086999999999999880e-03 1.413799999999999996e-03 8.377999999999999814e-04 9.536800000000000442e-04 1.626300000000000011e-03 2.201799999999999851e-03 2.087100000000000153e-03 1.413699999999999939e-03 8.378699999999999993e-04 9.537099999999999744e-04 1.626199999999999955e-03 2.201799999999999851e-03 2.086999999999999880e-03
3.130400000000000196e-03 3.211400000000000105e-03 3.502499999999999971e-03 3.369200000000000146e-03 3.027000000000000177e-03 2.777099999999999794e-03 2.906900000000000022e-03 3.248899999999999878e-03 3.495400000000000069e-03 3.370699999999999912e-03 3.026800000000000063e-03 2.777299999999999908e-03 2.906800000000000182e-03 3.249000000000000152e-03 3.495499999999999909e-03 3.370600000000000072e-03 3.026899999999999903e-03 2.777200000000000068e-03
5.814399999999999950e-03 1.087399999999999999e-02 1.127599999999999957e-02 6.155200000000000428e-03 7.063800000000000504e-04 3.178899999999999803e-04 5.459699999999999623e-03 1.090499999999999976e-02 1.127099999999999977e-02 6.157600000000000053e-03 7.058700000000000434e-04 3.183300000000000235e-04 5.459499999999999943e-03 1.090499999999999976e-02 1.127099999999999977e-02 6.157499999999999779e-03 7.060799999999999889e-04 3.180600000000000007e-04
8.381899999999999420e-03 2.819199999999999831e-02 2.845900000000000166e-02 8.788799999999999391e-03 -1.128000000000000010e-02 -1.171699999999999998e-02 8.064599999999999894e-03 2.812100000000000016e-02 2.847399999999999931e-02 8.791099999999999609e-03 -1.128099999999999936e-02 -1.171600000000000072e-02 8.064500000000000487e-03 2.812100000000000016e-02 2.847399999999999931e-02 8.791000000000000203e-03 -1.128099999999999936e-02 -1.171699999999999998e-02
1.601899999999999852e-02 4.851400000000000157e-02 4.905199999999999838e-02 1.659100000000000158e-02 -1.656300000000000133e-02 -1.736000000000000043e-02 1.529800000000000083e-02 4.842400000000000176e-02 4.907099999999999657e-02 1.659599999999999964e-02 -1.656499999999999986e-02 -1.735799999999999843e-02 1.529699999999999983e-02 4.842400000000000176e-02 4.907099999999999657e-02 1.659599999999999964e-02 -1.656399999999999886e-02 -1.736000000000000043e-02
3.164299999999999752e-02 7.916299999999999726e-02 8.025100000000000289e-02 3.179099999999999981e-02 -1.769700000000000092e-02 -1.903399999999999884e-02 2.972999999999999948e-02 7.916600000000000026e-02 8.025400000000000589e-02 3.180399999999999894e-02 -1.770100000000000146e-02 -1.903099999999999931e-02 2.972899999999999848e-02 7.916600000000000026e-02 8.025400000000000589e-02 3.180399999999999894e-02 -1.769899999999999946e-02 -1.903300000000000131e-02
5.031499999999999861e-02 1.143900000000000056e-01 1.161100000000000049e-01 4.995399999999999840e-02 -1.761100000000000165e-02 -1.958100000000000118e-02 4.701299999999999923e-02 1.145000000000000046e-01 1.160899999999999987e-01 4.997700000000000059e-02 -1.761700000000000071e-02 -1.957599999999999965e-02 4.701199999999999823e-02 1.145000000000000046e-01 1.160899999999999987e-01 4.997599999999999959e-02 -1.761400000000000118e-02 -1.957899999999999918e-02
7.745199999999999307e-02 1.588499999999999912e-01 1.615199999999999969e-01 7.582600000000000451e-02 -1.164500000000000084e-02 -1.441899999999999953e-02 7.188100000000000045e-02 1.592099999999999904e-01 1.614599999999999924e-01 7.586500000000000188e-02 -1.165399999999999943e-02 -1.441100000000000020e-02 7.187899999999999845e-02 1.592099999999999904e-01 1.614599999999999924e-01 7.586299999999999988e-02 -1.165000000000000063e-02 -1.441599999999999999e-02
1.084799999999999931e-01 2.087499999999999911e-01 2.124900000000000122e-01 1.052000000000000018e-01 -4.255499999999999734e-03 -7.950999999999999734e-03 1.001900000000000013e-01 2.094000000000000028e-01 2.123800000000000132e-01 1.052600000000000063e-01 -4.268199999999999772e-03 -7.939999999999999142e-03 1.001900000000000013e-01 2.094000000000000028e-01 2.123800000000000132e-01 1.052600000000000063e-01 -4.262600000000000069e-03 -7.946699999999999250e-03
1.482199999999999906e-01 2.675100000000000255e-01 2.726100000000000190e-01 1.424199999999999910e-01 9.715400000000000771e-03 4.945899999999999602e-03 1.362899999999999945e-01 2.686000000000000054e-01 2.724099999999999855e-01 1.424999999999999878e-01 9.698000000000000023e-03 4.961000000000000132e-03 1.362899999999999945e-01 2.686000000000000054e-01 2.724099999999999855e-01 1.424999999999999878e-01 9.705800000000000538e-03 4.951800000000000125e-03
1.916599999999999970e-01 3.308400000000000230e-01 3.373900000000000232e-01 1.829199999999999993e-01 2.560399999999999829e-02 1.966499999999999845e-02 1.756800000000000028e-01 3.324099999999999833e-01 3.371000000000000107e-01 1.830400000000000083e-01 2.558099999999999957e-02 1.968400000000000011e-02 1.756699999999999928e-01 3.324099999999999833e-01 3.371000000000000107e-01 1.830299999999999983e-01 2.559200000000000016e-02 1.967299999999999952e-02
2.396300000000000097e-01 3.989099999999999868e-01 4.070500000000000229e-01 2.274400000000000033e-01 4.465199999999999725e-02 3.742299999999999793e-02 2.190799999999999970e-01 4.010299999999999976e-01 4.066600000000000215e-01 2.275800000000000045e-01 4.462300000000000294e-02 3.744800000000000212e-02 2.190699999999999870e-01 4.010400000000000076e-01 4.066600000000000215e-01 2.275800000000000045e-01 4.463600000000000206e-02 3.743300000000000100e-02
2.899900000000000255e-01 4.695199999999999929e-01 4.793100000000000138e-01 2.740099999999999758e-01 6.522999999999999632e-02 5.661999999999999672e-02 2.645799999999999819e-01 4.722199999999999731e-01 4.788100000000000134e-01 2.741899999999999893e-01 6.519500000000000295e-02 5.665099999999999997e-02 2.645700000000000274e-01 4.722299999999999831e-01 4.788200000000000234e-01 2.741899999999999893e-01 6.521200000000000607e-02 5.663300000000000278e-02
3.331299999999999817e-01 5.296499999999999542e-01 5.408600000000000074e-01 3.138500000000000179e-01 8.309999999999999332e-02 7.326799999999999979e-02 3.035399999999999765e-01 5.328500000000000458e-01 5.402700000000000280e-01 3.140600000000000058e-01 8.305899999999999395e-02 7.330399999999999416e-02 3.035200000000000120e-01 5.328600000000000003e-01 5.402700000000000280e-01 3.140499999999999958e-01 8.307900000000000007e-02 7.328300000000000092e-02
3.676699999999999968e-01 5.777799999999999603e-01 5.901300000000000434e-01 3.457399999999999918e-01 9.740600000000000647e-02 8.656400000000000206e-02 3.347399999999999820e-01 5.813800000000000079e-01 5.894599999999999840e-01 3.459800000000000098e-01 9.736100000000000310e-02 8.660400000000000043e-02 3.347200000000000175e-01 5.813899999999999624e-01 5.894599999999999840e-01 3.459699999999999998e-01 9.738199999999999634e-02 8.658200000000000618e-02
4.016799999999999815e-01 6.254300000000000415e-01 6.389000000000000234e-01 3.771800000000000153e-01 1.112800000000000039e-01 9.940300000000000524e-02 3.654700000000000171e-01 6.293999999999999595e-01 6.381599999999999495e-01 3.774299999999999877e-01 1.112299999999999955e-01 9.944600000000000661e-02 3.654499999999999971e-01 6.294100000000000250e-01 6.381599999999999495e-01 3.774199999999999777e-01 1.112599999999999978e-01 9.942199999999999649e-02
4.186300000000000021e-01 6.492900000000000338e-01 6.633200000000000207e-01 3.928599999999999870e-01 1.180999999999999966e-01 1.057000000000000023e-01 3.808099999999999818e-01 6.534499999999999753e-01 6.625400000000000178e-01 3.931200000000000250e-01 1.180500000000000022e-01 1.057499999999999968e-01 3.807900000000000174e-01 6.534699999999999953e-01 6.625499999999999723e-01 3.931100000000000150e-01 1.180800000000000044e-01 1.057199999999999945e-01
