1.000000000000000000e+00 -1.558489999999999931e+00 3.605740000000000056e-01 1.500000000000000000e+00
2.870000000000000000e+02 -1.724637489999999884e+00 3.956387900000000180e-01 2.859809770000000029e+00
1.010000000000000000e+03 -2.056633872599999968e+00 4.596290000000000098e-01 5.598816899999999208e+00
1.886000000000000000e+03 -2.364424800000000104e+00 5.108550000000000590e-01 8.316900900000000263e+00
3.042000000000000000e+03 -2.668585600000000113e+00 5.712970000000000548e-01 1.173433040000000105e+01
4.109000000000000000e+03 -2.743546600000000169e+00 4.800399999999999667e-01 1.583344849999999937e+01
5.423000000000000000e+03 -2.644000999999999824e+00 3.659099999999999575e-01 1.992484329999999915e+01
6.667000000000000000e+03 -2.530834999999999724e+00 2.627752700000000052e-01 2.402796440000000189e+01
7.843000000000000000e+03 -2.394330000000000069e+00 1.608540000000000247e-01 2.812357340000000150e+01
8.940000000000000000e+03 -2.241390200000000110e+00 8.619900000000002560e-02 3.223270699999999778e+01
9.994000000000000000e+03 -2.090597199999999933e+00 3.715299999999999159e-02 3.634499000000000279e+01
1.095700000000000000e+04 -1.934573000000000098e+00 2.922400000000002773e-02 4.045211699999999411e+01
1.184300000000000000e+04 -1.774022999999999906e+00 5.772999999999983700e-02 4.457358099999999723e+01
1.268800000000000000e+04 -1.609738000000000113e+00 1.341699999999999005e-01 4.870002000000000209e+01
1.345300000000000000e+04 -1.443389999999999951e+00 2.415399999999998659e-01 5.282142999999999944e+01
1.412000000000000000e+04 -1.303871000000000002e+00 3.459700000000003328e-01 5.627123999999999882e+01
1.459000000000000000e+04 -1.154303000000000079e+00 4.324500000000002231e-01 5.902655000000000030e+01
1.495500000000000000e+04 -7.404370000000000118e-01 5.105100000000000193e-01 6.177024000000000115e+01
1.518600000000000000e+04 -5.332200000000000273e-01 5.452000000000003510e-01 6.315231999999999601e+01
1.370000000000000000e+02 1.558489999999999931e+00 -3.636220000000000008e-01 1.500000000000000000e+00
3.970000000000000000e+02 1.725267380000000017e+00 -4.054616600000000015e-01 2.860251159999999793e+00
1.218000000000000000e+03 1.820161799999999941e+00 -4.390914999999999679e-01 5.601041500000000006e+00
2.088000000000000000e+03 1.846406900000000073e+00 -4.622569999999999735e-01 8.322455100000000883e+00
3.242000000000000000e+03 1.776216079999999975e+00 -4.692640000000000144e-01 1.174595889999999976e+01
4.428000000000000000e+03 1.812288999999999817e+00 -4.656249999999999556e-01 1.584884819999999905e+01
5.729000000000000000e+03 1.738675999999999888e+00 -4.470300000000000384e-01 1.994077099999999803e+01
6.960000000000000000e+03 1.660931000000000157e+00 -4.390169999999999906e-01 2.404309800000000052e+01
8.118000000000000000e+03 1.570395999999999903e+00 -4.251349999999999851e-01 2.813635000000000019e+01
9.204000000000000000e+03 1.477790000000000159e+00 -3.913559999999999817e-01 3.224192500000000194e+01
1.023900000000000000e+04 1.390407400000000182e+00 -3.445400000000000684e-01 3.635047600000000045e+01
1.118100000000000000e+04 1.308625800000000172e+00 -2.697800000000000198e-01 4.045300499999999744e+01
1.205600000000000000e+04 1.227791999999999994e+00 -1.725200000000000067e-01 4.456996199999999675e+01
1.287800000000000000e+04 1.149325999999999848e+00 -4.661999999999988376e-02 4.869275400000000076e+01
1.364000000000000000e+04 1.072052000000000005e+00 1.047099999999998587e-01 5.281071000000000026e+01
1.425500000000000000e+04 1.008175000000000043e+00 2.430600000000002758e-01 5.625797000000000025e+01
1.468800000000000000e+04 9.317649999999999544e-01 3.561799999999997191e-01 5.901237000000000421e+01
1.503200000000000000e+04 6.788580000000000725e-01 4.623400000000001953e-01 6.175977000000000317e+01
1.522200000000000000e+04 5.522799999999999931e-01 5.102000000000002089e-01 6.314389999999999503e+01
