1.000000000000000000e+00 -1.558489999999999931e+00 3.605740000000000056e-01 1.500000000000000000e+00
2.870000000000000000e+02 -1.724604000000000026e+00 3.956229500000000288e-01 2.859805199999999825e+00
1.010000000000000000e+03 -2.056561340999999654e+00 4.595641999999999783e-01 5.598778899999999226e+00
1.886000000000000000e+03 -2.364469099999999990e+00 5.107580000000000453e-01 8.316799599999999515e+00
3.042000000000000000e+03 -2.668753000000000153e+00 5.708290000000000308e-01 1.173411749999999998e+01
4.109000000000000000e+03 -2.744015300000000046e+00 4.790479999999999738e-01 1.583313000000000059e+01
5.423000000000000000e+03 -2.644870000000000054e+00 3.639999999999999902e-01 1.992442510000000055e+01
6.667000000000000000e+03 -2.532217999999999858e+00 2.596252700000000191e-01 2.402744120000000194e+01
7.843000000000000000e+03 -2.396349999999999980e+00 1.561039999999999928e-01 2.812293290000000212e+01
8.940000000000000000e+03 -2.244203000000000170e+00 7.899900000000004141e-02 3.223190600000000217e+01
9.994000000000000000e+03 -2.094331100000000223e+00 2.677300000000004676e-02 3.634398300000000148e+01
1.095700000000000000e+04 -1.939355900000000021e+00 1.441400000000003789e-02 4.045081499999999863e+01
1.184300000000000000e+04 -1.779974999999999863e+00 3.722999999999987430e-02 4.457188999999999623e+01
1.268800000000000000e+04 -1.616964000000000068e+00 1.062699999999998646e-01 4.869779899999999628e+01
1.345300000000000000e+04 -1.451987999999999834e+00 2.042400000000001992e-01 5.281851000000000340e+01
1.412000000000000000e+04 -1.313680999999999877e+00 2.993700000000001360e-01 5.626756999999999920e+01
1.459000000000000000e+04 -1.165113999999999983e+00 3.771500000000003183e-01 5.902219999999999800e+01
1.495500000000000000e+04 -7.522409999999999375e-01 4.455100000000000726e-01 6.176518000000000086e+01
1.518600000000000000e+04 -5.455799999999999539e-01 4.752000000000000668e-01 6.314691999999999439e+01
1.370000000000000000e+02 1.558489999999999931e+00 -3.636220000000000008e-01 1.500000000000000000e+00
3.970000000000000000e+02 1.725250659999999936e+00 -4.054697700000000071e-01 2.860248009999999841e+00
1.218000000000000000e+03 1.820046999999999970e+00 -4.391303999999999763e-01 5.601025199999999593e+00
2.088000000000000000e+03 1.846157199999999943e+00 -4.623740000000000072e-01 8.322416099999999872e+00
3.242000000000000000e+03 1.775828059999999819e+00 -4.696519999999999584e-01 1.174586880000000022e+01
4.428000000000000000e+03 1.811852999999999936e+00 -4.665369999999999795e-01 1.584874379999999938e+01
5.729000000000000000e+03 1.737879999999999869e+00 -4.487800000000000678e-01 1.994064999999999799e+01
6.960000000000000000e+03 1.659596999999999989e+00 -4.419369999999999687e-01 2.404294700000000162e+01
8.118000000000000000e+03 1.568430999999999909e+00 -4.296749999999999736e-01 2.813614700000000113e+01
9.204000000000000000e+03 1.475024000000000113e+00 -3.982759999999999634e-01 3.224162400000000162e+01
1.023900000000000000e+04 1.386723300000000103e+00 -3.547100000000000808e-01 3.635001799999999861e+01
1.118100000000000000e+04 1.303871800000000025e+00 -2.843400000000000372e-01 4.045230799999999505e+01
1.205600000000000000e+04 1.221872999999999987e+00 -1.927200000000000024e-01 4.456891799999999648e+01
1.287800000000000000e+04 1.142122999999999999e+00 -7.431999999999994166e-02 4.869121299999999763e+01
1.364000000000000000e+04 1.063472999999999891e+00 6.770999999999993690e-02 5.280851000000000539e+01
1.425500000000000000e+04 9.983790000000000164e-01 1.966600000000000570e-01 5.625506999999999636e+01
1.468800000000000000e+04 9.209650000000000336e-01 3.011800000000000033e-01 5.900876999999999839e+01
1.503200000000000000e+04 6.670200000000000573e-01 3.976399999999999935e-01 6.175527999999999906e+01
1.522200000000000000e+04 5.399199999999999555e-01 4.406000000000003247e-01 6.313895000000000124e+01
