1.000000000000000000e+00 -1.558489999999999931e+00 3.605740000000000056e-01 1.500000000000000000e+00
2.870000000000000000e+02 -1.725267139999999921e+00 3.958711100000000260e-01 2.860071746000000026e+00
1.010000000000000000e+03 -2.056265219999999783e+00 4.600307000000000146e-01 5.600597829999999888e+00
1.886000000000000000e+03 -2.356385400000000185e+00 5.098915000000000530e-01 8.321692800000001000e+00
3.042000000000000000e+03 -2.648920000000000385e+00 5.707210000000000338e-01 1.174457710000000077e+01
4.109000000000000000e+03 -2.703113000000000099e+00 4.766320000000000001e-01 1.584796760000000049e+01
5.423000000000000000e+03 -2.577676999999999996e+00 3.626599999999999824e-01 1.994204900000000080e+01
6.667000000000000000e+03 -2.433752999999999833e+00 2.599252699999999860e-01 2.404712699999999970e+01
7.843000000000000000e+03 -2.262380000000000280e+00 1.585839999999999750e-01 2.814394700000000071e+01
8.940000000000000000e+03 -2.070410000000000306e+00 8.487900000000003775e-02 3.225376999999999583e+01
9.994000000000000000e+03 -1.877140000000000253e+00 3.694300000000005912e-02 3.636627200000000215e+01
1.095700000000000000e+04 -1.675750000000000073e+00 2.944400000000002571e-02 4.047307799999999389e+01
1.184300000000000000e+04 -1.467340000000000089e+00 5.762999999999984801e-02 4.459369699999999881e+01
1.268800000000000000e+04 -1.253420000000000201e+00 1.324699999999998656e-01 4.871880999999999773e+01
1.345300000000000000e+04 -1.036429999999999962e+00 2.365399999999999725e-01 5.283841999999999928e+01
1.412000000000000000e+04 -8.541199999999999903e-01 3.367700000000000138e-01 5.628642999999999574e+01
1.459000000000000000e+04 -6.702900000000000524e-01 4.188500000000003887e-01 5.903968000000000416e+01
1.495500000000000000e+04 -2.222369999999999068e-01 4.915099999999998914e-01 6.177785999999999689e+01
1.518600000000000000e+04 2.170000000000005258e-03 5.234000000000000874e-01 6.315719999999999601e+01
1.370000000000000000e+02 1.558489999999999931e+00 -3.636220000000000008e-01 1.500000000000000000e+00
3.970000000000000000e+02 1.725259880000000079e+00 -4.053567900000000224e-01 2.859939927999999743e+00
1.218000000000000000e+03 1.818797870000000039e+00 -4.382980999999999683e-01 5.599769189999999952e+00
2.088000000000000000e+03 1.846629000000000076e+00 -4.610469999999999846e-01 8.319525970000000825e+00
3.242000000000000000e+03 1.786414999999999864e+00 -4.681769999999999543e-01 1.173907639000000103e+01
4.428000000000000000e+03 1.851690999999999976e+00 -4.667259999999999742e-01 1.583835389999999954e+01
5.729000000000000000e+03 1.803663999999999934e+00 -4.481800000000000228e-01 1.992835829999999930e+01
6.960000000000000000e+03 1.757796000000000136e+00 -4.403669999999999529e-01 2.402924482999999967e+01
8.118000000000000000e+03 1.702509999999999968e+00 -4.260550000000000170e-01 2.812153029999999987e+01
9.204000000000000000e+03 1.648650000000000171e+00 -3.911259999999999737e-01 3.222649609999999853e+01
1.023900000000000000e+04 1.604070000000000107e+00 -3.429200000000001136e-01 3.633473299999999995e+01
1.118100000000000000e+04 1.567520000000000024e+00 -2.675899999999999945e-01 4.043726099999999946e+01
1.205600000000000000e+04 1.534609999999999808e+00 -1.705200000000000049e-01 4.455450400000000144e+01
1.287800000000000000e+04 1.505730000000000013e+00 -4.641999999999990578e-02 4.867779800000000279e+01
1.364000000000000000e+04 1.479069999999999885e+00 1.014100000000000001e-01 5.279641100000000620e+01
1.425500000000000000e+04 1.457956000000000030e+00 2.354600000000002247e-01 5.624425999999999704e+01
1.468800000000000000e+04 1.415772999999999948e+00 3.439799999999997304e-01 5.899941000000000457e+01
1.503200000000000000e+04 1.197008000000000072e+00 4.444400000000001683e-01 6.174965999999999866e+01
1.522200000000000000e+04 1.087669999999999915e+00 4.893000000000000682e-01 6.313522999999999996e+01
