1.000000000000000000e+00 -1.558489999999999931e+00 3.605740000000000056e-01 1.500000000000000000e+00
2.870000000000000000e+02 -1.725276459999999901e+00 3.958623700000000190e-01 2.860074489000000053e+00
1.010000000000000000e+03 -2.056277240000000006e+00 4.599650000000000127e-01 5.600616650000000085e+00
1.886000000000000000e+03 -2.356346300000000227e+00 5.096954000000000207e-01 8.321744199999999481e+00
3.042000000000000000e+03 -2.648911000000000016e+00 5.697490000000000610e-01 1.174467350000000110e+01
4.109000000000000000e+03 -2.703125000000000000e+00 4.745939999999999603e-01 1.584807919999999903e+01
5.423000000000000000e+03 -2.577725000000000044e+00 3.590599999999999903e-01 1.994213099999999983e+01
6.667000000000000000e+03 -2.433870999999999896e+00 2.542152699999999932e-01 2.404714500000000044e+01
7.843000000000000000e+03 -2.262620000000000076e+00 1.501340000000000174e-01 2.814384300000000039e+01
8.940000000000000000e+03 -2.070900000000000407e+00 7.246900000000000563e-02 3.225345499999999532e+01
9.994000000000000000e+03 -1.877950000000000230e+00 1.950300000000004808e-02 3.636566299999999785e+01
1.095700000000000000e+04 -1.676970000000000072e+00 5.384000000000055408e-03 4.047204199999999474e+01
1.184300000000000000e+04 -1.469039999999999901e+00 2.542999999999984162e-02 4.459210900000000066e+01
1.268800000000000000e+04 -1.255650000000000155e+00 9.046999999999982833e-02 4.871652000000000271e+01
1.345300000000000000e+04 -1.039209999999999967e+00 1.832399999999998474e-01 5.283528000000000446e+01
1.412000000000000000e+04 -8.573699999999999655e-01 2.730700000000001459e-01 5.628246999999999645e+01
1.459000000000000000e+04 -6.739000000000000545e-01 3.465500000000001357e-01 5.903502000000000294e+01
1.495500000000000000e+04 -2.262170000000000014e-01 4.109099999999998865e-01 6.177255999999999858e+01
1.518600000000000000e+04 -2.009999999999956266e-03 4.387000000000003119e-01 6.315156999999999954e+01
1.370000000000000000e+02 1.558489999999999931e+00 -3.636220000000000008e-01 1.500000000000000000e+00
3.970000000000000000e+02 1.725257419999999930e+00 -4.053770300000000271e-01 2.859936101999999813e+00
1.218000000000000000e+03 1.818772000000000055e+00 -4.384052999999999978e-01 5.599754279999999973e+00
2.088000000000000000e+03 1.846591400000000105e+00 -4.613419999999999743e-01 8.319491160000000107e+00
3.242000000000000000e+03 1.786383999999999972e+00 -4.689820000000000100e-01 1.173898900000000012e+01
4.428000000000000000e+03 1.851761999999999908e+00 -4.683239999999999625e-01 1.583821859999999937e+01
5.729000000000000000e+03 1.803753999999999857e+00 -4.511500000000000510e-01 1.992818580000000139e+01
6.960000000000000000e+03 1.757793000000000161e+00 -4.452269999999999839e-01 2.402902183000000136e+01
8.118000000000000000e+03 1.702399999999999913e+00 -4.334449999999999692e-01 2.812123000000000062e+01
9.204000000000000000e+03 1.648290000000000033e+00 -4.021959999999999424e-01 3.222606199999999887e+01
1.023900000000000000e+04 1.603420000000000067e+00 -3.588200000000000278e-01 3.633408399999999716e+01
1.118100000000000000e+04 1.566429999999999989e+00 -2.897899999999999920e-01 4.043628999999999962e+01
1.205600000000000000e+04 1.533039999999999958e+00 -2.005200000000000315e-01 4.455308799999999536e+01
1.287800000000000000e+04 1.503600000000000048e+00 -8.601999999999998536e-02 4.867577399999999699e+01
1.364000000000000000e+04 1.476359999999999895e+00 5.070999999999981078e-02 5.279362800000000533e+01
1.425500000000000000e+04 1.454746000000000095e+00 1.744600000000002815e-01 5.624072999999999922e+01
1.468800000000000000e+04 1.412163000000000057e+00 2.741799999999998683e-01 5.899520000000000408e+01
1.503200000000000000e+04 1.193027999999999977e+00 3.656399999999999650e-01 6.174470000000000169e+01
1.522200000000000000e+04 1.083490000000000064e+00 4.060000000000001386e-01 6.312986999999999682e+01
