1.000000000000000000e+00 0.000000000000000000e+00 0.000000000000000000e+00 0.000000000000000000e+00 0.000000000000000000e+00
2.870000000000000000e+02 4.459900000000000041e-04 3.659299999999999879e-04 -1.947999999999999916e-04 6.089100000000000502e-04
1.010000000000000000e+03 7.863599999999999724e-05 2.966100000000000160e-03 -1.221099999999999920e-03 3.208599999999999820e-03
1.886000000000000000e+03 -4.019100000000000276e-03 9.215700000000000280e-03 -3.200399999999999946e-03 1.055099999999999962e-02
3.042000000000000000e+03 -5.493200000000000166e-03 4.539499999999999785e-02 -5.882400000000000302e-03 4.610299999999999815e-02
4.109000000000000000e+03 -8.655700000000000546e-03 9.345599999999999741e-02 -6.869899999999999965e-03 9.410699999999999621e-02
5.423000000000000000e+03 -1.201100000000000084e-02 1.611799999999999899e-01 -5.575000000000000094e-03 1.617200000000000026e-01
6.667000000000000000e+03 -1.427900000000000003e-02 2.514500000000000068e-01 -2.559000000000000077e-03 2.518699999999999828e-01
7.843000000000000000e+03 -1.434200000000000058e-02 3.657699999999999840e-01 2.932500000000000211e-03 3.660599999999999965e-01
8.940000000000000000e+03 -1.003599999999999978e-02 5.259500000000000286e-01 1.190500000000000065e-02 5.261799999999999811e-01
9.994000000000000000e+03 -2.325400000000000036e-03 7.238999999999999879e-01 2.398199999999999985e-02 7.243000000000000549e-01
1.095700000000000000e+04 9.017999999999999974e-03 9.776099999999999790e-01 4.081300000000000205e-02 9.785099999999999909e-01
1.184300000000000000e+04 2.332700000000000051e-02 1.280399999999999983e+00 6.188699999999999757e-02 1.282100000000000017e+00
1.268800000000000000e+04 4.006500000000000339e-02 1.639399999999999968e+00 8.779399999999999704e-02 1.642300000000000093e+00
1.345300000000000000e+04 5.825899999999999829e-02 2.044799999999999951e+00 1.185100000000000042e-01 2.049100000000000144e+00
1.412000000000000000e+04 7.394299999999999484e-02 2.411399999999999988e+00 1.475599999999999967e-01 2.417100000000000026e+00
1.459000000000000000e+04 8.643900000000000194e-02 2.714599999999999902e+00 1.721900000000000097e-01 2.721400000000000041e+00
1.495500000000000000e+04 9.913700000000000290e-02 3.010400000000000187e+00 1.951700000000000101e-01 3.018400000000000194e+00
1.518600000000000000e+04 1.057000000000000023e-01 3.158100000000000129e+00 2.069100000000000106e-01 3.166599999999999859e+00
1.370000000000000000e+02 0.000000000000000000e+00 0.000000000000000000e+00 0.000000000000000000e+00 0.000000000000000000e+00
3.970000000000000000e+02 2.006499999999999983e-04 8.672000000000000455e-04 2.480100000000000056e-04 9.240099999999999572e-04
1.218000000000000000e+03 2.086999999999999880e-03 4.492499999999999966e-03 1.025199999999999983e-03 5.058499999999999629e-03
2.088000000000000000e+03 2.777099999999999794e-03 1.279800000000000035e-02 2.416100000000000018e-03 1.331700000000000071e-02
3.242000000000000000e+03 3.178899999999999803e-04 3.621400000000000313e-02 5.868700000000000132e-03 3.668799999999999839e-02
4.428000000000000000e+03 -1.171699999999999998e-02 7.374100000000000099e-02 8.743799999999999489e-03 7.517600000000000671e-02
5.729000000000000000e+03 -1.736000000000000043e-02 1.347899999999999932e-01 1.064999999999999974e-02 1.363199999999999967e-01
6.960000000000000000e+03 -1.903399999999999884e-02 2.153100000000000014e-01 1.294700000000000017e-02 2.165400000000000102e-01
8.118000000000000000e+03 -1.958100000000000118e-02 3.231100000000000083e-01 1.614600000000000063e-02 3.240999999999999992e-01
9.204000000000000000e+03 -1.441899999999999953e-02 4.755599999999999827e-01 2.162299999999999986e-02 4.762700000000000267e-01
1.023900000000000000e+04 -7.950999999999999734e-03 6.695499999999999785e-01 3.001799999999999954e-02 6.702700000000000324e-01
1.118100000000000000e+04 4.945899999999999602e-03 9.167499999999999538e-01 4.230600000000000332e-02 9.177400000000000002e-01
1.205600000000000000e+04 1.966499999999999845e-02 1.214699999999999891e+00 5.891600000000000309e-02 1.216299999999999937e+00
1.287800000000000000e+04 3.742299999999999793e-02 1.570799999999999974e+00 8.121000000000000441e-02 1.573299999999999921e+00
1.364000000000000000e+04 5.661999999999999672e-02 1.975500000000000034e+00 1.084999999999999992e-01 1.979300000000000059e+00
1.425500000000000000e+04 7.326799999999999979e-02 2.343500000000000139e+00 1.350600000000000134e-01 2.348599999999999799e+00
1.468800000000000000e+04 8.656400000000000206e-02 2.652099999999999902e+00 1.587600000000000122e-01 2.658199999999999896e+00
1.503200000000000000e+04 9.940300000000000524e-02 2.966600000000000126e+00 1.852699999999999902e-01 2.974000000000000199e+00
1.522200000000000000e+04 1.057000000000000023e-01 3.123400000000000176e+00 1.989400000000000057e-01 3.131499999999999950e+00
