Station 1
	1.0 -1.55849 0.360574 1.5 
	239.0 -0.118813385881 1.59408622673 1.5 
	235.0 -0.808706 1.37903 1.5 
	219.0 0.213575456431 1.58423341124 1.5 
	218.0 0.36192751543 1.55699953432 1.5 
	217.0 0.507074105816 1.51599468889 1.5 
	137.0 1.55849 -0.363622 1.5 
	47.0 -0.648042 -1.46441 1.5 
	213.0 0.0632972 1.59722 1.5 
	141.0 1.42985952519 -0.71955319746 1.5 
	51.0 -1.22561705899 -1.03010859507 1.5 
	52.0 -1.10075842789 -1.16270796663 1.5 
	53.0 -0.961660914948 -1.28028087423 1.5 
	54.0 -0.810116254226 -1.38130765252 1.5 
	142.0 1.50472179449 -0.54539860093 1.5 
	152.0 1.587 0.201679 1.5 
	156.0 1.59037400069 -0.176761239088 1.5 
	184.0 0.810036802492 1.37827080242 1.5 
	183.0 0.961831597349 1.277102916 1.5 
	182.0 1.10112153887 1.15931205281 1.5 
	181.0 1.22609500359 1.02642812843 1.5 
	180.0 1.33513713232 0.88018777829 1.5 
	179.0 1.42682273881 0.722484517297 1.5 
	73.0 -0.063652 -1.60026 1.5 
	157.0 1.59995831201 0.012558757381 1.5 
	178.0 1.49996312043 0.55537063742 1.5 
	177.0 1.55364653314 0.381027081572 1.5 
	77.0 -0.50743100281 -1.51900816635 1.5 
	78.0 -0.362268200501 -1.55997038547 1.5 
	79.0 -0.21390991019 -1.58715324699 1.5 
	240.0 -0.299375301579 1.57022237563 1.5 
	241.0 -0.476059332956 1.52601569086 1.5 
	98.0 1.33485 -0.883589 1.5 
	173.0 0.647717 1.46151 1.5 
	14.0 -1.59996485141 -0.0149902568701 1.5 
	107.0 0.961463874929 -1.28042264537 1.5 
	9.0 -1.58712 -0.20381 1.5 
	108.0 1.10078795546 -1.16267208522 1.5 
	109.0 1.22584252234 -1.02986100565 1.5 
	279.0 -1.43013725482 0.71595440336 1.5 
	102.0 0.118739064898 -1.59711263472 1.5 
	266.0 -1.10073707216 1.15967579421 1.5 
	265.0 -0.961017244852 1.27773093988 1.5 
	280.0 -1.50482667617 0.54206056684 1.5 
	261.0 -1.33536 0.879769 1.5 
	13.0 -1.59034028252 0.174019644012 1.5 
	106.0 0.809646045387 -1.38155522917 1.5 
	267.0 -1.22611625741 1.02648590628 1.5 
	25.0 -1.33453 -0.884123 1.5 
	105.0 0.647298057405 -1.46473882568 1.5 
	104.0 0.476539746092 -1.52891054621 1.5 
	242.0 -0.646588344065 1.46204551793 1.5 
	103.0 0.299586594652 -1.57322736948 1.5 
	31.0 -1.42657372791 -0.72604663627 1.5 
	30.0 -1.49993994042 -0.558487066554 1.5 
	29.0 -1.55374806091 -0.383660988268 1.5 


Station 2
	502.0 -1.38382254531 1.09968623645 2.86 
	15306.0 -0.555559833333 -1.07105333333 2.86 
	515.0 -1.59226738802 0.769915496518 2.86 
	15294.0 -0.0288871666667 1.19577333333 2.86 
	15293.0 0.0150022222222 1.38467555556 2.86 
	15292.0 0.0588916111111 1.57357777778 2.86 
	15274.0 -0.0588916111111 -1.58464833333 2.86 
	15273.0 -0.0150022222222 -1.39574666667 2.86 
	15272.0 0.0288871666667 -1.206845 2.86 
	15295.0 -0.0727765555556 1.00687111111 2.86 
	15271.0 0.0727765555556 -1.01794333333 2.86 
	15269.0 0.160555333333 -0.64014 2.86 
	15268.0 0.204444722222 -0.451238333333 2.86 
	15267.0 0.248334111111 -0.262336666667 2.86 
	15266.0 0.2922235 -0.073435 2.86 
	15265.0 0.336112888889 0.115466666667 2.86 
	15264.0 0.380002277778 0.304368333333 2.86 
	15270.0 0.116665944444 -0.829041666667 2.86 
	15260.0 0.555559833333 1.059975 2.86 
	15296.0 -0.116665944444 0.817968888889 2.86 
	15298.0 -0.204444722222 0.440164444444 2.86 
	516.0 -1.66917451368 0.586311855784 2.86 
	15259.0 0.599449222222 1.24887666667 2.86 
	15308.0 -0.643338611111 -1.44885777778 2.86 
	15307.0 -0.599449222222 -1.25995555556 2.86 
	15305.0 -0.511670444444 -0.882151111111 2.86 
	15261.0 0.511670444444 0.871073333333 2.86 
	15297.0 -0.160555333333 0.629066666667 2.86 
	15262.0 0.467781055556 0.682171666667 2.86 
	15304.0 -0.467781055556 -0.693248888889 2.86 
	15303.0 -0.423891666667 -0.504346666667 2.86 
	15302.0 -0.380002277778 -0.315444444444 2.86 
	15301.0 -0.336112888889 -0.126542222222 2.86 
	15300.0 -0.2922235 0.06236 2.86 
	15299.0 -0.248334111111 0.251262222222 2.86 
	15263.0 0.423891666667 0.49327 2.86 
	501.0 -1.256285495 1.24273225572 2.86 
	15258.0 0.643338611111 1.43777833333 2.86 
	499.0 -1.49509 0.943647 2.86 
	410.0 1.75913277588 -0.210218940634 2.86 
	409.0 1.76042 0.187263 2.86 
	399.0 1.66917451306 -0.597391855025 2.86 
	398.0 1.59226737572 -0.780995489558 2.86 
	397.0 1.72505 -0.406337 2.86 
	368.0 1.3859637212 -1.10806503009 2.86 
	367.0 1.26113204682 -1.24890971907 2.86 
	366.0 1.1220678166 -1.37572275864 2.86 
	365.0 0.97033018364 -1.48706019875 2.86 
	364.0 0.807631435109 -1.58166226616 2.86 
	363.0 0.635816207167 -1.65847326793 2.86 
	362.0 0.456817629438 -1.71661058798 2.86 
	361.0 0.272660390095 -1.75542230009 2.86 
	360.0 0.0854280215581 -1.77454361876 2.86 
	359.0 1.49509 -0.954727 2.86 
	346.0 -0.252699244811 -1.75837201588 2.86 
	345.0 -0.400797831461 -1.73058980684 2.86 
	292.0 -1.75913273495 0.199139269541 2.86 
	293.0 -1.77104715931 0.000436462086831 2.86 
	303.0 -1.51703 -0.919342 2.86 
	304.0 -1.72934755752 -0.387454244169 2.86 
	305.0 -1.6779414905 -0.572076881177 2.86 
	306.0 -1.60695795711 -0.750095267339 2.86 
	500.0 -1.11409187958 1.37122416412 2.86 
	319.0 -0.687228 -1.63776 2.86 
	321.0 -1.29315863805 -1.21556371 2.86 
	322.0 -1.15919395771 -1.34446192235 2.86 
	323.0 -1.01244994986 -1.45859975569 2.86 
	324.0 -0.854583825769 -1.55678650394 2.86 
	343.0 -0.102781 -1.77355 2.86 
	344.0 -0.545974638587 -1.69023267434 2.86 
	320.0 -1.41288153976 -1.07334027949 2.86 
	291.0 -1.76042 -0.198342 2.86 
	287.0 -1.72505 0.395257 2.86 
	478.0 -0.450149945583 1.70729685134 2.86 
	411.0 1.77104716362 -0.0115157984329 2.86 
	421.0 0.687228 1.62668 2.86 
	422.0 1.73008441512 0.373007421251 2.86 
	424.0 1.61121671135 0.729591640763 2.86 
	425.0 1.52410654517 0.896421777475 2.86 
	426.0 1.41978850215 1.05306840936 2.86 
	427.0 1.29942735637 1.19775302345 2.86 
	428.0 1.16440051464 1.32885671675 2.86 
	429.0 1.01622017598 1.44488660529 2.86 
	423.0 1.68012941115 0.554459363085 2.86 
	459.0 0.102781 1.76248 2.86 
	430.0 0.856596212099 1.54459457361 2.86 
	480.0 -0.797380324607 1.57578721069 2.86 
	477.0 -0.268115837484 1.74504309699 2.86 
	476.0 -0.0831317998182 1.76357385572 2.86 
	475.0 -0.958761 1.48349 2.86 
	462.0 0.252698493993 1.74729091322 2.86 
	461.0 0.400797436998 1.71950989847 2.86 
	460.0 0.545974571845 1.67915315032 2.86 
	479.0 -0.627222817279 1.65067034889 2.86 


Station 3
	1122.0 -0.309097715301 -1.59126717974 5.6 
	1123.0 -0.154662551377 -1.62145132798 5.6 
	1148.0 1.59281 -0.950431 5.6 
	1331.0 0.56718774609 1.48446810202 5.6 
	1359.0 -0.0766891716459 1.59505271899 5.6 
	15560.0 0.046195425 -1.44825 5.6 
	1041.0 -1.86463017316 -0.479354982032 5.6 
	1040.0 -1.94678626711 -0.332396939392 5.6 
	1039.0 -2.01271832611 -0.177497486438 5.6 
	1038.0 -1.76934 -0.61819 5.6 
	1440.0 -2.00863987935 0.611072258142 5.6 
	1439.0 -1.93835121256 0.756774415974 5.6 
	1019.0 -2.08161723537 0.141341544937 5.6 
	1018.0 -2.08098013128 0.299916097615 5.6 
	1414.0 -1.73481016046 1.02137298425 5.6 
	1413.0 -1.60649744336 1.1369491022 5.6 
	1412.0 -1.46657385448 1.23817532932 5.6 
	1411.0 -1.84826 0.891194 5.6 
	1017.0 -2.05895 -0.0156381 5.6 
	1010.0 -2.05664 0.456598 5.6 
	15561.0 0.09079773 -1.25628 5.6 
	15562.0 0.135400035 -1.06431 5.6 
	15563.0 0.18000234 -0.87234 5.6 
	15564.0 0.224604645 -0.68037 5.6 
	1360.0 -0.260076840687 1.59517808922 5.6 
	1361.0 -0.443047662966 1.58276320941 5.6 
	1362.0 -0.624693933606 1.55753647559 5.6 
	1363.0 -0.804112767629 1.51958102191 5.6 
	1364.0 -0.980298225017 1.46869970476 5.6 
	1365.0 -1.15195290508 1.40419844312 5.6 
	15574.0 0.670627695 1.23933 5.6 
	1358.0 -1.31769 1.32574 5.6 
	15573.0 0.62602539 1.04736 5.6 
	15571.0 0.53682078 0.66342 5.6 
	15570.0 0.492218475 0.47145 5.6 
	15569.0 0.44761617 0.27948 5.6 
	15568.0 0.403013865 0.08751 5.6 
	15567.0 0.35841156 -0.10446 5.6 
	15566.0 0.313809255 -0.29643 5.6 
	15565.0 0.26920695 -0.4884 5.6 
	15572.0 0.581423085 0.85539 5.6 
	1218.0 1.81796 -0.443623 5.6 
	1072.0 -0.939960143112 -1.33602967038 5.6 
	1120.0 0.00159312 -1.64022 5.6 
	1153.0 0.890993549749 -1.50667531003 5.6 
	1219.0 1.6892655205 -0.791540584 5.6 
	1151.0 0.543780671164 -1.61089684238 5.6 
	1220.0 1.76458518728 -0.62164123128 5.6 
	1150.0 0.364208019521 -1.6372161224 5.6 
	15682.0 0.0615493125 1.389671875 5.6 
	1154.0 1.05474107831 -1.42844586631 5.6 
	15681.0 0.016847625 1.19727375 5.6 
	15679.0 -0.07255575 0.8124775 5.6 
	15678.0 -0.1172574375 0.620079375 5.6 
	15677.0 -0.161959125 0.42768125 5.6 
	15676.0 -0.2066608125 0.235283125 5.6 
	15675.0 -0.2513625 0.042885 5.6 
	15674.0 -0.2960641875 -0.149513125 5.6 
	15680.0 -0.0278540625 1.004875625 5.6 
	15673.0 -0.340765875 -0.34191125 5.6 
	1269.0 0.880632818168 1.3568986408 5.6 
	1267.0 1.18889005064 1.16632981528 5.6 
	1157.0 1.48035847654 -1.09284657952 5.6 
	1239.0 1.83993 0.113217 5.6 
	1240.0 1.84866569554 -0.25941786241 5.6 
	1121.0 -0.460707823402 -1.54908413608 5.6 
	1241.0 1.85628537389 -0.072837551496 5.6 
	1156.0 1.35168895237 -1.22079284935 5.6 
	1268.0 1.0388002445 1.26814111774 5.6 
	1260.0 0.71523 1.4313 5.6 
	1262.0 1.74321280996 0.462034497953 5.6 
	1263.0 1.66469965593 0.625476952401 5.6 
	1264.0 1.56815256809 0.778964304322 5.6 
	1265.0 1.45534798908 0.920941458387 5.6 
	1266.0 1.32824832414 1.05029179131 5.6 
	1155.0 1.2090689028 -1.33298524265 5.6 
	1261.0 1.80212179858 0.290554780854 5.6 
	15672.0 -0.3854675625 -0.534309375 5.6 
	1152.0 0.719985197016 -1.56742924873 5.6 
	1069.0 -1.39025445936 -1.01805177956 5.6 
	15670.0 -0.4748709375 -0.919105625 5.6 
	15669.0 -0.519572625 -1.11150375 5.6 
	15668.0 -0.5642743125 -1.303901875 5.6 
	1149.0 0.182971008971 -1.64695350269 5.6 
	1073.0 -0.777328447896 -1.42205936585 5.6 
	1330.0 0.106251 1.58207 5.6 
	1071.0 -1.0966437448 -1.23957326153 5.6 
	1332.0 0.415921258797 1.52755090772 5.6 
	15671.0 -0.43016925 -0.7267075 5.6 
	1070.0 -1.24695328794 -1.13345594968 5.6 
	1066.0 -0.608976 -1.4963 5.6 
	1068.0 -1.52600541725 -0.893854628719 5.6 
	1333.0 0.261971252917 1.55980575487 5.6 
	1067.0 -1.65281443097 -0.760556454947 5.6 


Station 4
	16120.0 -0.128392692308 0.275833846154 8.32 
	16121.0 -0.0865531538462 0.455913076923 8.32 
	16123.0 -0.00287407692308 0.816071538462 8.32 
	16119.0 -0.170232230769 0.0957546153846 8.32 
	16124.0 0.0389654615385 0.996150769231 8.32 
	16122.0 -0.0447136153846 0.635992307692 8.32 
	16118.0 -0.212071769231 -0.0843246153846 8.32 
	1933.0 -1.23556284411 -0.66112455921 8.32 
	16116.0 -0.295750846154 -0.444483076923 8.32 
	2033.0 1.50906377602 -1.04473695699 8.32 
	2088.0 1.84338 -0.475172 8.32 
	2089.0 1.72498739295 -0.777402927439 8.32 
	2090.0 1.79475791736 -0.630452258602 8.32 
	2109.0 1.84905 0.015904 8.32 
	2110.0 1.8684712133 -0.312207598861 8.32 
	2111.0 1.87152739434 -0.147424730145 8.32 
	2130.0 0.70395 1.07021 8.32 
	2131.0 1.79692931019 0.18982203411 8.32 
	2132.0 1.71802900474 0.353354250738 8.32 
	2032.0 1.36572545337 -1.15688625542 8.32 
	2133.0 1.61559647569 0.503308717926 8.32 
	16117.0 -0.253911307692 -0.264403846154 8.32 
	2136.0 1.20428911408 0.856766797261 8.32 
	2137.0 1.0437409015 0.941748247239 8.32 
	2138.0 0.875910006065 1.01143626877 8.32 
	2193.0 0.080805 1.17623 8.32 
	2194.0 0.550564128126 1.10938001705 8.32 
	2195.0 0.395290169967 1.1402501245 8.32 
	2196.0 0.2384948728 1.16216190319 8.32 
	2221.0 -1.71951 0.937441 8.32 
	2222.0 -0.10154725494 1.18274702722 8.32 
	2134.0 1.4933814119 0.637656296474 8.32 
	2031.0 1.20759849105 -1.24703776922 8.32 
	2030.0 1.03876494781 -1.31510881644 8.32 
	2029.0 0.862858959914 -1.36206933504 8.32 
	1886.0 -2.36045 0.501542 8.32 
	1893.0 -2.3063 0.267927 8.32 
	1894.0 -2.35859391907 0.379103000004 8.32 
	1907.0 -1.95692 -0.084391 8.32 
	1908.0 -2.20130438696 0.139729956258 8.32 
	1909.0 -2.08207569232 0.024458059485 8.32 
	1928.0 -0.463109 -1.1648 8.32 
	1929.0 -1.81453532267 -0.20207493776 8.32 
	1930.0 -1.67100549616 -0.318362381158 8.32 
	1931.0 -1.52657643929 -0.433530535321 8.32 
	1932.0 -1.38176348773 -0.54821570768 8.32 
	1934.0 -1.08769857019 -0.771845007684 8.32 
	1935.0 -0.937519510876 -0.879398280073 8.32 
	1936.0 -0.784029942429 -0.982165806872 8.32 
	1937.0 -0.626099073197 -1.07793764809 8.32 
	1997.0 0.138504 -1.36349 8.32 
	1998.0 -0.318090890627 -1.22963229843 8.32 
	1999.0 -0.169153501554 -1.2848893476 8.32 
	2000.0 -0.0165988477356 -1.32916229753 8.32 
	2025.0 1.63347 -0.911929 8.32 
	2026.0 0.318984737427 -1.3879213707 8.32 
	2027.0 0.500855469098 -1.39718251076 8.32 
	2028.0 0.682756690085 -1.3888543712 8.32 
	2223.0 -0.283998312665 1.1802310916 8.32 
	2224.0 -0.46620080513 1.17013245807 8.32 
	2135.0 1.35504598038 0.755377625685 8.32 
	2226.0 -0.829113918189 1.13193643664 8.32 
	16115.0 -0.337590384615 -0.624562307692 8.32 
	16114.0 -0.379429923077 -0.804641538461 8.32 
	16113.0 -0.421269461538 -0.984720769231 8.32 
	16014.0 0.660454153846 0.883002307692 8.32 
	16013.0 0.616958307692 0.695794615385 8.32 
	16012.0 0.573462461539 0.508586923077 8.32 
	16011.0 0.529966615385 0.321379230769 8.32 
	16010.0 0.486470769231 0.134171538462 8.32 
	16009.0 0.442974923077 -0.0530361538461 8.32 
	16008.0 0.399479076923 -0.240243846154 8.32 
	16007.0 0.355983230769 -0.427451538462 8.32 
	16006.0 0.312487384615 -0.614659230769 8.32 
	2225.0 -0.647962276693 1.15393678311 8.32 
	16004.0 0.225495692308 -0.989074615385 8.32 
	16003.0 0.181999846154 -1.17628230769 8.32 
	16005.0 0.268991538461 -0.801866923077 8.32 
	2289.0 -1.88753300544 0.878306665323 8.32 
	2290.0 -2.0504269888 0.806332155188 8.32 
	2310.0 -2.30211723633 0.622759149223 8.32 
	2229.0 -1.36745323406 1.03332274767 8.32 
	2228.0 -1.18899524885 1.07143354777 8.32 
	2227.0 -1.00947890884 1.10421286751 8.32 
	2230.0 -1.54447293579 0.9890166689 8.32 
	2288.0 -2.20263 0.714133 8.32 


Station 5
	3193.0 1.46144472323 -0.956866104873 11.74 
	16564.0 0.0544416888889 0.577922222222 11.74 
	3242.0 1.77551 -0.505868 11.74 
	3243.0 1.70760609177 -0.686638224915 11.74 
	3192.0 1.30959774207 -1.044430816 11.74 
	16563.0 0.0113339777778 0.392384444444 11.74 
	3277.0 1.25247592673 0.471647557413 11.74 
	16561.0 -0.0748814444444 0.0213088888889 11.74 
	3083.0 -1.22523314106 -0.240667376437 11.74 
	3191.0 1.14549408116 -1.10623741834 11.74 
	3190.0 0.974440960828 -1.14503005032 11.74 
	3189.0 0.799979182205 -1.16348815254 11.74 
	3188.0 0.624522758802 -1.16335220545 11.74 
	3049.0 -2.56662 0.500396 11.74 
	3187.0 0.449947156522 -1.14614579517 11.74 
	3328.0 0.398042701999 0.736151265813 11.74 
	16562.0 -0.0317737333333 0.206846666667 11.74 
	3056.0 -2.18121 0.391275 11.74 
	3436.0 -2.27553171073 0.572841302025 11.74 
	3058.0 -2.30651857129 0.438539724733 11.74 
	3327.0 0.547159978525 0.71309923732 11.74 
	3326.0 0.0975494 0.76346 11.74 
	3078.0 -2.00779408624 0.309766576034 11.74 
	3042.0 -2.66326 0.525433 11.74 
	3077.0 -0.29042 -0.90638 11.74 
	16499.0 0.6532242 0.503204 11.74 
	16498.0 0.6114504 0.323408 11.74 
	3276.0 1.4179445719 0.360638794371 11.74 
	3275.0 1.56435760506 0.225574550662 11.74 
	16497.0 0.5696766 0.143612 11.74 
	16496.0 0.5279028 -0.036184 11.74 
	16495.0 0.486129 -0.21598 11.74 
	16494.0 0.4443552 -0.395776 11.74 
	16493.0 0.4025814 -0.575572 11.74 
	16492.0 0.3608076 -0.755368 11.74 
	16491.0 0.3190338 -0.935164 11.74 
	3274.0 1.68308455185 0.0657943415166 11.74 
	3273.0 0.694998 0.683 11.74 
	3258.0 1.79560236753 -0.310080335331 11.74 
	3437.0 -2.41518161607 0.560974386276 11.74 
	3435.0 -2.55487 0.550992 11.74 
	3079.0 -1.84162470147 0.214349904496 11.74 
	3257.0 1.7636 -0.116157 11.74 
	3057.0 -2.43495614905 0.47642040336 11.74 
	3186.0 1.5947 -0.843078 11.74 
	3080.0 -1.68127435164 0.109378075498 11.74 
	16560.0 -0.117989155556 -0.164228888889 11.74 
	3354.0 -2.13599 0.585928 11.74 
	3355.0 -0.089284972062 0.768659718508 11.74 
	3356.0 -0.276177207018 0.767452897387 11.74 
	3357.0 -0.462890939538 0.759024965247 11.74 
	3358.0 -0.649326692182 0.745745224297 11.74 
	3359.0 -0.835504659444 0.729217642267 11.74 
	3360.0 -1.02148206821 0.710559705679 11.74 
	3361.0 -1.20728044347 0.690195989902 11.74 
	3362.0 -1.39293349616 0.668542468397 11.74 
	3363.0 -1.57859427796 0.646954982875 11.74 
	3364.0 -1.76431011428 0.625846416584 11.74 
	3365.0 -1.95005356668 0.604982359025 11.74 
	3084.0 -1.07652352051 -0.361598379384 11.74 
	3278.0 1.07425836339 0.560918141815 11.74 
	16557.0 -0.247312288889 -0.720842222222 11.74 
	3329.0 0.248041282603 0.752431192718 11.74 
	3159.0 -0.153270486236 -0.970814000462 11.74 
	16558.0 -0.204204577778 -0.535304444444 11.74 
	3086.0 -0.775344062174 -0.598727344197 11.74 
	3158.0 0.27726 -1.11496 11.74 
	3279.0 0.886874238015 0.629019020981 11.74 
	3088.0 -0.457964976135 -0.813391032198 11.74 
	3160.0 -0.0127600064834 -1.02761634045 11.74 
	3087.0 -0.61963054122 -0.710462945438 11.74 
	3085.0 -0.926994887113 -0.481513079805 11.74 
	3082.0 -1.3747899281 -0.120787738115 11.74 
	3081.0 -1.52629769725 -0.00338685606348 11.74 
	16559.0 -0.161096866667 -0.349766666667 11.74 
	3161.0 0.130703578994 -1.07643608998 11.74 


Station 6
	4299.0 0.140884962204 -1.05187283887 15.84 
	4345.0 1.18925148035 -1.07165125104 15.84 
	4344.0 1.01163191716 -1.11125657728 15.84 
	4346.0 1.36083599712 -1.01112723512 15.84 
	4347.0 1.52198274877 -0.926769507851 15.84 
	4343.0 0.830814488446 -1.13206433196 15.84 
	4342.0 0.648817935347 -1.13561980927 15.84 
	4296.0 0.287975 -1.08934 15.84 
	4297.0 -0.145070243136 -0.950350633747 15.84 
	4298.0 -0.00346152210752 -1.00499439702 15.84 
	4341.0 0.467654077856 -1.11835153439 15.84 
	4340.0 1.66564 -0.815382 15.84 
	4613.0 -1.6569603802 0.499113167565 15.84 
	4429.0 1.76551707134 -0.689766022012 15.84 
	4738.0 -2.48986699152 0.42077845683 15.84 
	4737.0 -2.35136107494 0.432703594877 15.84 
	4736.0 -2.62836 0.409898 15.84 
	16879.0 -0.171584875 -0.336966625 15.84 
	16878.0 -0.20889925 -0.52070075 15.84 
	16877.0 -0.246213625 -0.704434875 15.84 
	4428.0 1.82357 -0.54028 15.84 
	4615.0 -2.0275249285 0.462490088243 15.84 
	4614.0 -1.84225321788 0.480908205759 15.84 
	4612.0 -1.471654347 0.517183513827 15.84 
	4611.0 -1.28628782177 0.534619765906 15.84 
	4610.0 -1.10078341486 0.550516049866 15.84 
	4609.0 -0.915140177119 0.564702200692 15.84 
	4608.0 -0.729349149793 0.576780212986 15.84 
	4607.0 -0.543364247078 0.585333872414 15.84 
	16880.0 -0.1342705 -0.1532325 15.84 
	4133.0 -2.37246629896 0.329135349232 15.84 
	16881.0 -0.096956125 0.030501625 15.84 
	16883.0 -0.022327375 0.397969875 15.84 
	4132.0 -2.50330586099 0.35699430742 15.84 
	4131.0 -2.24437 0.290488 15.84 
	4165.0 -2.06661502634 0.220410121072 15.84 
	4166.0 -1.89509949477 0.136143672589 15.84 
	4167.0 -1.72873485124 0.0420524320619 15.84 
	4168.0 -1.56699227934 -0.0597855455077 15.84 
	4169.0 -1.4083289369 -0.1663754857 15.84 
	4170.0 -1.25127501461 -0.275326540814 15.84 
	4171.0 -1.09492939469 -0.385293299718 15.84 
	4172.0 -0.938026377283 -0.494461791003 15.84 
	4173.0 -0.779617855825 -0.601431157678 15.84 
	4174.0 -0.618479996014 -0.704228189858 15.84 
	4175.0 -0.45308979085 -0.800025159858 15.84 
	4120.0 -2.6363 0.3708 15.84 
	4109.0 -2.73536 0.385588 15.84 
	16882.0 -0.05964175 0.21423575 15.84 
	4605.0 -0.171062599539 0.58871082696 15.84 
	4606.0 -0.35723551817 0.589725018453 15.84 
	4563.0 0.165188301414 0.570890274954 15.84 
	4479.0 0.785799020163 0.463512443639 15.84 
	4478.0 0.956320553221 0.409169499411 15.84 
	4477.0 1.12271468661 0.343443356879 15.84 
	4476.0 1.28239954684 0.262731820683 15.84 
	4475.0 1.43341453458 0.166814352679 15.84 
	4474.0 1.57211316623 0.0538811468102 15.84 
	4473.0 1.69223652903 -0.0785186225072 15.84 
	4472.0 0.612024 0.506262 15.84 
	16795.0 0.540013111111 0.151683777778 15.84 
	16794.0 0.504007666667 -0.0256053333333 15.84 
	16793.0 0.468002222222 -0.202894444444 15.84 
	16792.0 0.431996777778 -0.380183555556 15.84 
	4451.0 1.82891709957 -0.382771751472 15.84 
	4450.0 1.78419 -0.231651 15.84 
	16791.0 0.395991333333 -0.557472666667 15.84 
	16790.0 0.359985888889 -0.734761777778 15.84 
	16789.0 0.323980444444 -0.912050888889 15.84 
	16796.0 0.576018555556 0.328972888889 15.84 
	4604.0 -2.21292 0.445374 15.84 
	4164.0 -0.283528 -0.888169 15.84 
	4561.0 0.463983130848 0.53374302371 15.84 
	4562.0 0.314996160781 0.555629039094 15.84 
	4560.0 0.014987 0.581704 15.84 


Station 7
	17189.0 -0.24775205 -0.77707875 19.93 
	17193.0 -0.12187225 -0.07465375 19.93 
	17191.0 -0.18481215 -0.42586625 19.93 
	17194.0 -0.0904023 0.1009525 19.93 
	17195.0 -0.05893235 0.27655875 19.93 
	17192.0 -0.1533422 -0.25026 19.93 
	17113.0 0.36499625 -0.75954575 19.93 
	17190.0 -0.2162821 -0.6014725 19.93 
	17112.0 0.330592625 -0.951522875 19.93 
	5779.0 0.761565769272 0.349091405768 19.93 
	5729.0 1.75524 -0.58357 19.93 
	5730.0 1.70122126005 -0.731148892885 19.93 
	5751.0 1.70772 -0.282594 19.93 
	5752.0 1.75637266518 -0.429166633302 19.93 
	5773.0 0.571418 0.392317 19.93 
	5774.0 1.59992415949 -0.120631039565 19.93 
	5775.0 1.46023587316 0.0151134783318 19.93 
	5776.0 1.30080166197 0.127228805166 19.93 
	5777.0 1.12880229692 0.219015209302 19.93 
	5778.0 0.948141602806 0.29229700944 19.93 
	5853.0 -0.0274624 0.452165 19.93 
	5854.0 0.422731114485 0.416240758011 19.93 
	5855.0 0.273204417115 0.43430855208 19.93 
	5856.0 0.123007960863 0.44551264194 19.93 
	5897.0 -2.11192 0.274101 19.93 
	5898.0 -0.21780463659 0.453899183398 19.93 
	5899.0 -0.40809156149 0.448992965698 19.93 
	5900.0 -0.598171355751 0.438805738075 19.93 
	5901.0 -0.78796276142 0.424181704183 19.93 
	5654.0 1.44879330573 -0.977241844566 19.93 
	5653.0 1.27196873968 -1.06671891221 19.93 
	5652.0 1.08341247842 -1.12798464635 19.93 
	5651.0 0.88853084775 -1.1646261786 19.93 
	5446.0 -2.40023746672 0.179164708165 19.93 
	5447.0 -2.26892719817 0.153113216205 19.93 
	5478.0 -0.279222 -0.952685 19.93 
	5479.0 -1.95773533156 0.0460817369013 19.93 
	5480.0 -1.78152846692 -0.0386265636287 19.93 
	5481.0 -1.61042969129 -0.133288568517 19.93 
	5482.0 -1.4438799652 -0.235768776977 19.93 
	5483.0 -1.27984915677 -0.342248545588 19.93 
	5484.0 -1.11711612439 -0.450704355489 19.93 
	5902.0 -0.977482988847 0.406358830292 19.93 
	5485.0 -0.954441458699 -0.55924787601 19.93 
	5487.0 -0.624337077931 -0.768971990587 19.93 
	5488.0 -0.453863805909 -0.864762642999 19.93 
	5604.0 0.296189 -1.1435 19.93 
	5605.0 -0.139729304615 -1.01280891426 19.93 
	5606.0 0.00286301357749 -1.06514553942 19.93 
	5607.0 0.148216247242 -1.10919267039 19.93 
	5648.0 1.60504 -0.855606 19.93 
	5649.0 0.492757897305 -1.16985890571 19.93 
	5650.0 0.690752701577 -1.17919244603 19.93 
	5486.0 -0.790537432589 -0.665923056588 19.93 
	5445.0 -2.14024 0.116121 19.93 
	5434.0 -2.53354 0.190882 19.93 
	5905.0 -1.54493839563 0.342304320584 19.93 
	5906.0 -1.73391180369 0.319390190065 19.93 
	5907.0 -1.92286193074 0.296284944992 19.93 
	6018.0 -2.52681 0.228444 19.93 
	6019.0 -2.25016919839 0.258241413679 19.93 
	6020.0 -2.38848177181 0.242954193528 19.93 
	5904.0 -1.35594005884 0.36501144638 19.93 
	17115.0 0.4338035 -0.3755915 19.93 
	17116.0 0.468207125 -0.183614375 19.93 
	17114.0 0.399399875 -0.567568625 19.93 
	5903.0 -1.16681504987 0.386633412539 19.93 
	17118.0 0.537014375 0.200339875 19.93 
	5423.0 -2.63286 0.20281 19.93 
	17117.0 0.50261075 0.00836275 19.93 


Station 8
	17413.0 0.366427285714 -0.793326857143 24.03 
	6839.0 0.309415 -1.15288 24.03 
	6840.0 -0.125066013528 -1.00206711438 24.03 
	6961.0 1.6296155939 -0.760304071037 24.03 
	6960.0 1.67863 -0.657257 24.03 
	6841.0 0.016198503656 -1.06232808175 24.03 
	6982.0 1.60887 -0.459618 24.03 
	6667.0 -2.51794 0.00816527 24.03 
	6983.0 1.66313695004 -0.552330637605 24.03 
	17412.0 0.337921142857 -0.973103428571 24.03 
	6889.0 1.3943001104 -0.949280316068 24.03 
	6723.0 -1.83408580763 -0.11523258354 24.03 
	6887.0 1.05103559553 -1.10043970217 24.03 
	6888.0 1.22685384707 -1.03433713013 24.03 
	6722.0 -0.263611 -0.935762 24.03 
	6725.0 -1.47351822279 -0.273796820554 24.03 
	6726.0 -1.29877902988 -0.364846242417 24.03 
	6727.0 -1.12595221246 -0.459484032767 24.03 
	6883.0 1.54825 -0.841902 24.03 
	6691.0 -2.15182514798 -0.0241539215818 24.03 
	6728.0 -0.954271450433 -0.556188530626 24.03 
	6842.0 0.160949772736 -1.11358870746 24.03 
	6689.0 -2.02156 -0.0547336 24.03 
	6884.0 0.495834363312 -1.17519878023 24.03 
	6678.0 -2.41761 0.00333401 24.03 
	6730.0 -0.611240475832 -0.750182611784 24.03 
	6731.0 -0.438231951803 -0.844486212015 24.03 
	6885.0 0.68342291637 -1.17495080578 24.03 
	6886.0 0.869297100526 -1.14794579118 24.03 
	6724.0 -1.65172292583 -0.189769645946 24.03 
	6729.0 -0.782944740032 -0.65351992685 24.03 
	6690.0 -2.28404510336 -0.00362429732903 24.03 
	7241.0 -2.1390582374 0.05726314816 24.03 
	7004.0 0.508958 0.105556 24.03 
	7083.0 0.210639149114 0.143605816848 24.03 
	7084.0 0.060643671722 0.154552155247 24.03 
	17414.0 0.394933428571 -0.613550285714 24.03 
	7125.0 -2.00188 0.0693805 24.03 
	7126.0 -0.281101733926 0.166078785544 24.03 
	7127.0 -0.472675701927 0.165830438439 24.03 
	7128.0 -0.66419986203 0.161415046843 24.03 
	7129.0 -0.855636470455 0.154092409394 24.03 
	7130.0 -1.04694993488 0.144060785123 24.03 
	7131.0 -1.23813745556 0.1318444562 24.03 
	7132.0 -1.42922055744 0.118091490358 24.03 
	7133.0 -1.62019081659 0.102847815744 24.03 
	7134.0 -1.81108486707 0.0866769533121 24.03 
	17481.0 -0.234605333333 -0.752834 24.03 
	17482.0 -0.205599666667 -0.569906 24.03 
	17483.0 -0.176594 -0.386978 24.03 
	17484.0 -0.147588333333 -0.20405 24.03 
	17485.0 -0.118582666667 -0.021122 24.03 
	7242.0 -2.2761709557 0.0444279824489 24.03 
	7082.0 0.360117994962 0.127047758914 24.03 
	7081.0 -0.089577 0.161806 24.03 
	7007.0 1.19032004263 -0.122644790287 24.03 
	7009.0 0.859294230489 0.0200659224358 24.03 
	17417.0 0.480451857143 -0.0742205714286 24.03 
	7005.0 1.48664806256 -0.327257218849 24.03 
	7008.0 1.02782972367 -0.0442295963104 24.03 
	7240.0 -2.41321 0.0311149 24.03 
	17416.0 0.451945714286 -0.253997142857 24.03 
	17415.0 0.423439571429 -0.433773714286 24.03 
	7010.0 0.685722823061 0.069409999765 24.03 
	7006.0 1.34451341301 -0.216264398563 24.03 


Station 9
	8276.0 -1.08138351199 -0.0609432890897 28.12 
	8277.0 -1.27813527007 -0.0785190565624 28.12 
	8278.0 -1.47474602484 -0.0976127296174 28.12 
	8272.0 -1.86763 -0.139115 28.12 
	8231.0 -0.141917549276 -0.022924191995 28.12 
	8230.0 0.00851133872623 -0.0283186322095 28.12 
	8229.0 0.158614426656 -0.039577473684 28.12 
	8273.0 -0.489938191316 -0.0248959637756 28.12 
	8274.0 -0.687286479908 -0.0334187227369 28.12 
	8228.0 -0.292439 -0.0214074 28.12 
	8279.0 -1.67124639635 -0.117811529906 28.12 
	8275.0 -0.884438046749 -0.0456994403097 28.12 
	8366.0 -2.14109059445 -0.170195813329 28.12 
	8041.0 1.46475 -0.914689 28.12 
	8154.0 1.0358042765 -0.273238814279 28.12 
	8046.0 1.11369624069 -1.05218404814 28.12 
	8118.0 1.58801 -0.752795 28.12 
	17695.0 -0.3157 -0.19143852 28.12 
	17694.0 -0.338961 -0.36146964 28.12 
	8155.0 0.859834511561 -0.200808444925 28.12 
	17693.0 -0.362222 -0.53150076 28.12 
	17692.0 -0.385483 -0.70153188 28.12 
	7905.0 -0.733997648091 -0.724029708091 28.12 
	7906.0 -0.572429036391 -0.800137043036 28.12 
	8156.0 0.679206201378 -0.140892916357 28.12 
	8157.0 0.494974412003 -0.0932656614345 28.12 
	8045.0 0.926922283184 -1.08435851664 28.12 
	8047.0 1.2956686326 -0.999410855306 28.12 
	7997.0 0.172478 -1.04855 28.12 
	7998.0 -0.266786576147 -0.926223693355 28.12 
	7999.0 -0.122473078123 -0.974303608405 28.12 
	8000.0 0.0242023326021 -1.01457781701 28.12 
	8044.0 0.7378997951 -1.09847402788 28.12 
	8151.0 0.308006 -0.0578851 28.12 
	8042.0 0.35952657571 -1.07946371705 28.12 
	7904.0 -0.8934724573 -0.643616894722 28.12 
	7903.0 -1.05212018472 -0.561578381181 28.12 
	8043.0 0.548375828276 -1.09595584703 28.12 
	7902.0 -1.21142713177 -0.480832037826 28.12 
	7854.0 -2.28148 -0.213879 28.12 
	7865.0 -1.88145 -0.240152 28.12 
	8140.0 1.50977 -0.585598 28.12 
	8364.0 -2.27773 -0.186487 28.12 
	8153.0 1.20549599651 -0.35931264276 28.12 
	8365.0 -2.00436765264 -0.154591503487 28.12 
	7866.0 -2.14759188724 -0.21290561549 28.12 
	7867.0 -2.01397636923 -0.221138813402 28.12 
	8152.0 1.36611592627 -0.461217903733 28.12 
	17649.0 0.2809004 -0.25601808 28.12 
	17648.0 0.2537948 -0.45415106 28.12 
	17647.0 0.2266892 -0.65228404 28.12 
	8119.0 1.5436208442 -0.846110345775 28.12 
	7898.0 -0.408744 -0.871563 28.12 
	7899.0 -1.70750683466 -0.280429792172 28.12 
	17646.0 0.1995836 -0.85041702 28.12 
	7900.0 -1.53795511266 -0.336433154662 28.12 
	7901.0 -1.37276536134 -0.404243939712 28.12 
	7843.0 -2.38201 -0.209676 28.12 


Station 10
	17870.0 -0.34572525 -0.42478675 32.22 
	17869.0 -0.3681275 -0.6201945 32.22 
	17824.0 0.1930636 -0.9934752 32.22 
	17825.0 0.2143682 -0.8076404 32.22 
	17826.0 0.2356728 -0.6218056 32.22 
	17827.0 0.2569774 -0.4359708 32.22 
	17868.0 -0.39052975 -0.81560225 32.22 
	9242.0 0.624842266215 -0.319562977755 32.22 
	9237.0 0.278282 -0.250136 32.22 
	8995.0 -0.412932 -1.01101 32.22 
	8964.0 -1.8661865425 -0.452342195672 32.22 
	8963.0 -1.9998033505 -0.445268556694 32.22 
	8962.0 -1.73361 -0.470565 32.22 
	8951.0 -2.1336 -0.44839 32.22 
	8940.0 -2.23417 -0.446971 32.22 
	9238.0 1.27019657381 -0.601746543763 32.22 
	9239.0 1.11854173423 -0.510950859272 32.22 
	9240.0 0.958967806119 -0.434818132073 32.22 
	9241.0 0.793917137108 -0.371375786219 32.22 
	9243.0 0.452697146167 -0.279178044021 32.22 
	9314.0 -0.323323 -0.229379 32.22 
	8996.0 -1.55943689752 -0.510984496486 32.22 
	9315.0 0.128385739995 -0.235384265269 32.22 
	9317.0 -0.17270521612 -0.226661419502 32.22 
	9359.0 -0.498827924465 -0.237342048724 32.22 
	9360.0 -0.674118925602 -0.249166840939 32.22 
	9361.0 -0.84916503503 -0.264196620266 32.22 
	9362.0 -1.02398470996 -0.281672000976 32.22 
	9363.0 -1.19859804067 -0.301105459402 32.22 
	9364.0 -1.3730623311 -0.321837785243 32.22 
	9365.0 -1.54741169384 -0.343515862709 32.22 
	9446.0 -2.13064 -0.422565 32.22 
	9447.0 -1.85803809751 -0.3844932641 32.22 
	9448.0 -1.99440972315 -0.403036657762 32.22 
	9226.0 1.40713 -0.713246 32.22 
	9316.0 -0.0220707469646 -0.228002335951 32.22 
	8997.0 -1.38963300076 -0.567094478937 32.22 
	9358.0 -1.72164 -0.366145 32.22 
	8999.0 -1.06213115557 -0.71072943936 32.22 
	9127.0 1.3705 -1.03273 32.22 
	9128.0 0.346088269592 -1.20427988242 32.22 
	9129.0 0.521796044826 -1.21589083379 32.22 
	9086.0 0.0225834192495 -1.14831528472 32.22 
	9130.0 0.697858434099 -1.2146475546 32.22 
	9085.0 -0.124997827635 -1.11051003674 32.22 
	8998.0 -1.22431875068 -0.635318848662 32.22 
	9131.0 0.873152301359 -1.19808976266 32.22 
	9084.0 -0.27005731455 -1.06394662839 32.22 
	9132.0 1.04605982974 -1.1649653358 32.22 
	9133.0 1.21425678322 -1.11311851023 32.22 
	9083.0 0.171759 -1.17931 32.22 
	9002.0 -0.577741980102 -0.941515591462 32.22 
	9204.0 1.48944 -0.873856 32.22 
	9205.0 1.44708479049 -0.965307908089 32.22 
	9000.0 -0.901345372005 -0.789096482216 32.22 
	9001.0 -0.74042095286 -0.867177114475 32.22 


Station 11
	10119.0 -0.366622861355 -1.0955608873 36.32 
	10455.0 -1.85328054658 -0.648249986268 36.32 
	10262.0 1.16300249239 -0.771933367588 36.32 
	10261.0 0.145361 -0.468799 36.32 
	17982.0 0.128277175 -0.65088425 36.32 
	10162.0 1.28425 -1.13281 36.32 
	10163.0 0.250047819294 -1.2216791121 36.32 
	10164.0 0.424096487882 -1.23731102037 36.32 
	10250.0 1.30849 -0.874443 36.32 
	10165.0 0.598747884346 -1.2431810759 36.32 
	10166.0 0.773426854561 -1.23828367856 36.32 
	10167.0 0.947309871123 -1.22101720446 36.32 
	10168.0 1.1189957359 -1.1886503495 36.32 
	10239.0 1.39467 -1.02428 36.32 
	18015.0 -0.493565666667 -0.856758333333 36.32 
	18016.0 -0.475311333333 -0.662196666667 36.32 
	10121.0 -0.0720878601743 -1.16881465296 36.32 
	10120.0 -0.220084856153 -1.13512452203 36.32 
	10118.0 0.0770257 -1.19714 36.32 
	10384.0 -0.832918662708 -0.50371257395 36.32 
	10265.0 0.669871291151 -0.568705730146 36.32 
	10264.0 0.839380359961 -0.623628465782 36.32 
	10051.0 -1.22553680032 -0.809714319165 36.32 
	10050.0 -1.40752185959 -0.761126774614 36.32 
	10049.0 -0.51182 -1.05132 36.32 
	10263.0 1.00450620302 -0.690581250586 36.32 
	17980.0 0.094109525 -1.01505475 36.32 
	10338.0 -0.457057 -0.467635 36.32 
	10339.0 -0.00505636260379 -0.458615639922 36.32 
	10340.0 -0.155793056611 -0.455596970847 36.32 
	10052.0 -1.0462506572 -0.867531043997 36.32 
	10341.0 -0.306516517797 -0.459251792181 36.32 
	10017.0 -1.85816798989 -0.700844758049 36.32 
	10016.0 -1.59233 -0.724883 36.32 
	10387.0 -1.39438475188 -0.578377232962 36.32 
	10386.0 -1.20747904767 -0.551634456586 36.32 
	10385.0 -1.02030311902 -0.526859905107 36.32 
	10005.0 -1.99169 -0.700054 36.32 
	10382.0 -1.58117 -0.605944 36.32 
	10383.0 -0.645185431343 -0.483613833893 36.32 
	10018.0 -1.72488220382 -0.708765190963 36.32 
	10053.0 -0.868392030631 -0.9296310373 36.32 
	17981.0 0.11119335 -0.8329695 36.32 
	10454.0 -1.71724270324 -0.626984518232 36.32 
	9994.0 -2.09201 -0.697147 36.32 
	10266.0 0.497169212878 -0.52477306856 36.32 
	10054.0 -0.690519304661 -0.99169092357 36.32 
	10453.0 -1.989 -0.671436 36.32 
	10267.0 0.322105608245 -0.491494244999 36.32 


Station 12
	18095.0 0.11463725 -0.878081 40.41 
	11269.0 -0.475686 -0.72294 40.41 
	11270.0 -0.0236862376018 -0.701667548583 40.41 
	18126.0 -0.501426 -1.07428666667 40.41 
	11272.0 -0.325303660738 -0.710274716635 40.41 
	18094.0 0.1022135 -1.047664 40.41 
	11120.0 1.01278873293 -1.36746565005 40.41 
	11119.0 0.827688780498 -1.40095239272 40.41 
	11271.0 -0.174591652317 -0.702521296334 40.41 
	18093.0 0.08978975 -1.217247 40.41 
	10968.0 -1.84819 -0.963696 40.41 
	11118.0 0.640256919624 -1.41721792223 40.41 
	11181.0 1.29892 -1.20113 40.41 
	10981.0 -1.58118506672 -0.969148605386 40.41 
	10980.0 -1.71460112563 -0.962468495317 40.41 
	11012.0 -0.514296 -1.24996 40.41 
	11013.0 -1.2576452784 -1.02157356073 40.41 
	11014.0 -1.06983005538 -1.07187380874 40.41 
	11015.0 -0.884401304465 -1.13044557768 40.41 
	10957.0 -1.94838 -0.963236 40.41 
	11016.0 -0.699675980779 -1.19121832558 40.41 
	10979.0 -1.44847 -0.984422 40.41 
	11203.0 0.127061 -0.708498 40.41 
	11204.0 1.04805700552 -0.954367510728 40.41 
	11205.0 0.873383584302 -0.875208095496 40.41 
	11206.0 0.692063997251 -0.812632783648 40.41 
	11207.0 0.506329615507 -0.764697254213 40.41 
	11208.0 0.317680119458 -0.729952400051 40.41 
	11192.0 1.20918 -1.05795 40.41 
	11117.0 0.452117522676 -1.41918419262 40.41 
	18127.0 -0.488556 -0.898613333333 40.41 
	11115.0 1.19088 -1.30782 40.41 
	11370.0 -1.84617 -0.936167 40.41 
	11116.0 0.264249610195 -1.40875497032 40.41 
	11316.0 -1.05502269953 -0.799607479735 40.41 
	11371.0 -1.57524022026 -0.886244655984 40.41 
	11314.0 -0.669269219958 -0.744807452675 40.41 
	11071.0 0.077366 -1.38683 40.41 
	11315.0 -0.862324498388 -0.770938994831 40.41 
	11073.0 -0.22113093212 -1.3299874603 40.41 
	11313.0 -1.43954 -0.862557 40.41 
	11074.0 -0.0724316397492 -1.36130108439 40.41 
	11372.0 -1.71087712442 -0.910292302529 40.41 
	11317.0 -1.24737339187 -0.830516850699 40.41 
	11072.0 -0.368349852102 -1.2923206062 40.41 


Station 13
	11991.0 0.199813259293 -1.54147522434 44.51 
	12146.0 -0.252137373481 -0.989027300761 44.51 
	12145.0 -0.10132923414 -0.984643593865 44.51 
	12144.0 -0.552758 -1.01469 44.51 
	12083.0 0.233848083367 -1.00529799645 44.51 
	11992.0 0.380058622586 -1.54809719377 44.51 
	12147.0 -0.402657064886 -0.999389149417 44.51 
	11993.0 0.560424816725 -1.54842164213 44.51 
	11994.0 0.74066753802 -1.54188888907 44.51 
	11995.0 0.920332118601 -1.52623884479 44.51 
	12082.0 0.416721764403 -1.03440696769 44.51 
	12081.0 0.597460329984 -1.07469436048 44.51 
	12080.0 0.775000824352 -1.12725308884 44.51 
	12079.0 0.947361745959 -1.19478811411 44.51 
	12078.0 0.0494912 -0.987995 44.51 
	11990.0 1.09744 -1.49308 44.51 
	12188.0 -1.2969 -1.13904 44.51 
	12189.0 -0.739768744337 -1.03958381277 44.51 
	12190.0 -0.92604532154 -1.0694863837 44.51 
	11865.0 -1.30443 -1.27668 44.51 
	11866.0 -1.56941277476 -1.24257652831 44.51 
	11867.0 -1.43660024696 -1.25709059397 44.51 
	11843.0 -1.80331 -1.24317 44.51 
	11898.0 -0.575212 -1.42531 44.51 
	11899.0 -1.12138582567 -1.31006024819 44.51 
	11900.0 -0.939091318355 -1.34734170153 44.51 
	11901.0 -0.757158207404 -1.38635659117 44.51 
	18203.0 0.0298173333333 -1.34777166667 44.51 
	12056.0 1.2022 -1.40752 44.51 
	18204.0 0.0396542666667 -1.16788333333 44.51 
	11947.0 -0.427223645314 -1.45554443546 44.51 
	11948.0 -0.278815011154 -1.48363615474 44.51 
	11949.0 -0.129809167206 -1.50834909149 44.51 
	18226.0 -0.567727333333 -1.28843666667 44.51 
	18227.0 -0.560242666667 -1.15156333333 44.51 
	12239.0 -1.56694111119 -1.19283461769 44.51 
	12238.0 -1.4319205556 -1.16593730885 44.51 
	12237.0 -1.70195 -1.21979 44.51 
	12191.0 -1.11170205282 -1.10303544838 44.51 
	11946.0 0.0199804 -1.52766 44.51 
	12067.0 1.10883 -1.28492 44.51 
	11854.0 -1.70286 -1.2365 44.51 


Station 14
	13044.0 -1.5559 -1.50862 48.61 
	12777.0 0.0207586 -1.77078 48.61 
	12778.0 -0.427506554956 -1.70356080715 48.61 
	12779.0 -0.278715977841 -1.730140389 48.61 
	12822.0 0.217407561437 -1.78228396076 48.61 
	13011.0 -0.727531286602 -1.33984389612 48.61 
	13046.0 -1.3899898597 -1.4731855923 48.61 
	12821.0 1.00121 -1.72756 48.61 
	12780.0 -0.129357153 -1.75329794413 48.61 
	13010.0 -1.05811 -1.4026 48.61 
	12823.0 0.414383275298 -1.78475592051 48.61 
	12878.0 1.10469 -1.64512 48.61 
	13012.0 -0.893093458713 -1.36978139002 48.61 
	13045.0 -1.22411012865 -1.43760897275 48.61 
	12712.0 -1.22811471641 -1.5531687451 48.61 
	12743.0 -0.575914 -1.67491 48.61 
	12825.0 0.807597369624 -1.76281162269 48.61 
	12699.0 -1.5566 -1.52573 48.61 
	12904.0 0.375425704644 -1.31218413572 48.61 
	12969.0 -0.41142614455 -1.29513217642 48.61 
	12745.0 -0.73886510464 -1.64222725194 48.61 
	12824.0 0.611286631897 -1.7789299391 48.61 
	12688.0 -1.65704 -1.53323 48.61 
	12968.0 -0.261013752015 -1.28143784186 48.61 
	12967.0 -0.110164010464 -1.27401752448 48.61 
	12966.0 -0.56129 -1.31395 48.61 
	12905.0 0.208730072481 -1.28818474975 48.61 
	12710.0 -1.06527 -1.57946 48.61 
	18282.0 0.0274555 -1.60548 48.61 
	18283.0 0.0341524 -1.44018 48.61 
	12889.0 1.00929 -1.52827 48.61 
	18304.0 -0.568602 -1.49443 48.61 
	12900.0 0.0408493 -1.27488 48.61 
	12901.0 0.860469737328 -1.44986937317 48.61 
	12903.0 0.540355867088 -1.34625349302 48.61 
	12902.0 0.702608549469 -1.39132937691 48.61 
	12711.0 -1.39188696065 -1.53357872846 48.61 
	12744.0 -0.901889351625 -1.60991301557 48.61 


Station 15
	13796.0 -1.26934577122 -1.78297125935 52.7 
	13762.0 -0.70913878891 -1.66096825639 52.7 
	13761.0 -0.988878 -1.71914 52.7 
	13475.0 -0.992955 -1.87176 52.7 
	13476.0 -1.2703746791 -1.837522228 52.7 
	13720.0 -0.419010856164 -1.61335022967 52.7 
	13719.0 -0.268819915576 -1.59616644713 52.7 
	13477.0 -1.13132927052 -1.85187768374 52.7 
	13795.0 -1.12915402634 -1.75087020719 52.7 
	13794.0 -1.40957 -1.81493 52.7 
	13508.0 -0.576808 -1.94629 52.7 
	13541.0 0.0210497 -2.03597 52.7 
	13542.0 -0.428049475998 -1.97338368152 52.7 
	13543.0 -0.278952210374 -1.99853794328 52.7 
	13544.0 -0.129314411475 -2.02022503224 52.7 
	13718.0 -0.11801705109 -1.58567820693 52.7 
	13717.0 -0.568514 -1.63577 52.7 
	13763.0 -0.849241005514 -1.68893170405 52.7 
	13509.0 -0.853991701896 -1.89519802149 52.7 
	13666.0 0.214690480059 -1.59701437023 52.7 
	18348.0 0.0250737333333 -1.88531333333 52.7 
	13640.0 1.00684 -1.90789 52.7 
	13464.0 -1.41004 -1.83243 52.7 
	13651.0 0.909799 -1.79715 52.7 
	18370.0 -0.572661 -1.79103 52.7 
	13453.0 -1.51026 -1.84066 52.7 
	13589.0 0.730342371364 -2.01979793258 52.7 
	13588.0 0.553524857714 -2.03634682423 52.7 
	13587.0 0.37607820238 -2.04385330578 52.7 
	13510.0 -0.715344521494 -1.92044264414 52.7 
	13585.0 0.90473 -1.98692 52.7 
	18349.0 0.0290977666667 -1.73465666667 52.7 
	13665.0 0.394779874937 -1.62358664915 52.7 
	13663.0 0.745778219171 -1.71871341894 52.7 
	13664.0 0.572432733052 -1.66327632509 52.7 
	13662.0 0.0331218 -1.584 52.7 
	13586.0 0.198471506027 -2.04394600082 52.7 


Station 16
	18408.0 0.0230772 -2.13675333333 56.12 
	14156.0 -0.577793 -2.19072 56.12 
	14139.0 -1.10951428595 -2.11124875589 56.12 
	14210.0 0.824021 -2.22299 56.12 
	14211.0 0.182357344626 -2.28058030034 56.12 
	14212.0 0.343800465887 -2.27872718274 56.12 
	14157.0 -0.754903466184 -2.16013446094 56.12 
	14138.0 -0.932464 -2.1323 56.12 
	14213.0 0.505027084044 -2.27018511288 56.12 
	14214.0 0.665617988702 -2.25364640503 56.12 
	18409.0 0.0251551 -1.99832666667 56.12 
	14319.0 -0.123991717013 -1.86379839855 56.12 
	14255.0 0.925096 -2.14694 56.12 
	14175.0 -0.428746547356 -2.21644875199 56.12 
	14176.0 -0.279402065551 -2.24037831554 56.12 
	14120.0 -1.38764 -2.11223 56.12 
	14177.0 -0.129550520821 -2.260865925 56.12 
	14318.0 -0.573772 -1.92288 56.12 
	14373.0 -1.1088925 -2.042685 56.12 
	14174.0 0.0209993 -2.27518 56.12 
	18426.0 -0.5757825 -2.0568 56.12 
	14264.0 0.826746 -2.0415 56.12 
	14372.0 -1.28731 -2.08555 56.12 
	14274.0 0.676261571046 -1.97340557762 56.12 
	14275.0 0.518022476151 -1.92555463649 56.12 
	14129.0 -1.28758 -2.10344 56.12 
	14276.0 0.356173978613 -1.89171586334 56.12 
	14277.0 0.192289270825 -1.86972286233 56.12 
	14355.0 -0.752574440462 -1.95925420948 56.12 
	14354.0 -0.930475 -1.99982 56.12 
	14321.0 -0.424663087361 -1.89717685911 56.12 
	14320.0 -0.27470823217 -1.87702852782 56.12 
	14273.0 0.027233 -1.8599 56.12 


Station 17
	14705.0 0.205700844615 -2.11009968839 58.85 
	14619.0 -0.722157613645 -2.36938063842 58.85 
	14632.0 0.0200338 -2.47364 58.85 
	14618.0 -0.579387 -2.39235 58.85 
	14633.0 -0.430116485366 -2.41703873756 58.85 
	14634.0 -0.280621457264 -2.44031944662 58.85 
	14635.0 -0.130642319487 -2.46021194613 58.85 
	18450.0 0.0212432 -2.28636 58.85 
	14704.0 0.38724252013 -2.13742863332 58.85 
	18457.0 -0.5786775 -2.28242 58.85 
	14731.0 -0.128883792972 -2.1048523027 58.85 
	14597.0 -1.1516 -2.32866 58.85 
	14732.0 -0.279530916232 -2.12062931708 58.85 
	14663.0 0.557529469641 -2.45505752676 58.85 
	14688.0 0.834383 -2.35102 58.85 
	14733.0 -0.429231080731 -2.14377115544 58.85 
	14662.0 0.378790426402 -2.47090271496 58.85 
	14661.0 0.199445049769 -2.47708767701 58.85 
	14758.0 -0.8646 -2.23867 58.85 
	14695.0 0.735106 -2.25123 58.85 
	14604.0 -0.865312 -2.34896 58.85 
	14660.0 0.733995 -2.42315 58.85 
	14773.0 -1.00804 -2.274465 58.85 
	14605.0 -1.00812985252 -2.33396275694 58.85 
	14759.0 -0.721586239001 -2.204267492 58.85 
	14703.0 0.565295731898 -2.18202354359 58.85 
	14702.0 0.0224526 -2.09908 58.85 
	14730.0 -0.577968 -2.17249 58.85 
	14772.0 -1.15148 -2.31026 58.85 
	14590.0 -1.25157 -2.33755 58.85 


Station 18
	15012.0 0.165679849452 -2.65580171994 61.57 
	15011.0 0.467398 -2.62615 61.57 
	15103.0 -0.751282 -2.53818 61.57 
	15047.0 0.32105587136 -2.43745351683 61.57 
	14962.0 -0.751339 -2.55883 61.57 
	15096.0 -0.668495 -2.51715 61.57 
	15068.0 -0.585566 -2.49615 61.57 
	15039.0 0.467791 -2.48574 61.57 
	18472.0 0.0143028 -2.527095 61.57 
	15032.0 0.567598 -2.56906 61.57 
	15046.0 0.0146586 -2.3997 61.57 
	15013.0 0.317182556153 -2.64724277214 61.57 
	15048.0 0.168901284379 -2.41011005114 61.57 
	14969.0 -0.668624 -2.5634 61.57 
	14955.0 -0.851397 -2.56509 61.57 
	15069.0 -0.137353235048 -2.40861265411 61.57 
	14986.0 -0.136703531229 -2.63992884797 61.57 
	15070.0 -0.288103081636 -2.43042811027 61.57 
	14985.0 -0.286500040127 -2.61805456099 61.57 
	15071.0 -0.437399637912 -2.4607112166 61.57 
	14984.0 -0.435963780316 -2.59397843444 61.57 
	14983.0 0.013947 -2.65449 61.57 
	14976.0 -0.585779 -2.57224 61.57 


Station 19
	15214.0 0.334225 -2.73146 62.94 
	15222.0 0.4342 -2.683 62.94 
	15226.0 0.334225 -2.60984 62.94 
	15215.0 0.172996004779 -2.74836289422 62.94 
	15230.0 0.010855 -2.55463 62.94 
	15240.0 -0.324471736731 -2.59993603484 62.94 
	15238.0 -0.489126 -2.64018 62.94 
	15239.0 -0.157941063207 -2.56852189529 62.94 
	15186.0 -0.6513 -2.683 62.94 
	15250.0 -0.520172 -2.64817 62.94 
	15254.0 -0.551325 -2.65619 62.94 
	15204.0 -0.156311540646 -2.7317075055 62.94 
	15203.0 -0.322495677156 -2.70592275013 62.94 
	15202.0 0.010855 -2.74954 62.94 
	15198.0 -0.489126 -2.68335 62.94 
	15194.0 -0.520172 -2.68063 62.94 
	15190.0 -0.551325 -2.67873 62.94 
	15231.0 0.174885279325 -2.56880607746 62.94 
	18484.0 0.0 -2.683 62.94 


