1.000000000000000000e+00 0.000000000000000000e+00 0.000000000000000000e+00 0.000000000000000000e+00 0.000000000000000000e+00
2.870000000000000000e+02 -2.495199999999999827e-04 6.292399999999999860e-04 7.584699999999999396e-05 6.811400000000000007e-04
1.010000000000000000e+03 3.012499999999999770e-04 3.495100000000000116e-03 6.325200000000000223e-04 3.564599999999999800e-03
1.886000000000000000e+03 4.094699999999999729e-03 8.444500000000000617e-03 1.784800000000000015e-03 9.553100000000000133e-03
3.042000000000000000e+03 1.447500000000000002e-02 4.575699999999999906e-02 4.767399999999999763e-03 4.822800000000000004e-02
4.109000000000000000e+03 3.263400000000000328e-02 9.203400000000000469e-02 8.250000000000000389e-03 9.799700000000000077e-02
5.423000000000000000e+03 5.590200000000000030e-02 1.617399999999999949e-01 1.241899999999999948e-02 1.715700000000000003e-01
6.667000000000000000e+03 8.532700000000000007e-02 2.548699999999999855e-01 1.759000000000000147e-02 2.693499999999999783e-01
7.843000000000000000e+03 1.212899999999999950e-01 3.729199999999999737e-01 2.451400000000000107e-02 3.929099999999999815e-01
8.940000000000000000e+03 1.660600000000000132e-01 5.388899999999999801e-01 3.448099999999999776e-02 5.649399999999999977e-01
9.994000000000000000e+03 2.179000000000000103e-01 7.442199999999999926e-01 4.717099999999999765e-02 7.769000000000000350e-01
1.095700000000000000e+04 2.764699999999999935e-01 1.007100000000000106e+00 6.425300000000000455e-02 1.046399999999999997e+00
1.184300000000000000e+04 3.406899999999999928e-01 1.320799999999999974e+00 8.524099999999999733e-02 1.366700000000000026e+00
1.268800000000000000e+04 4.092600000000000127e-01 1.693000000000000060e+00 1.108600000000000002e-01 1.745300000000000074e+00
1.345300000000000000e+04 4.804300000000000237e-01 2.113599999999999923e+00 1.411600000000000077e-01 2.172099999999999920e+00
1.412000000000000000e+04 5.409399999999999764e-01 2.494699999999999918e+00 1.698999999999999955e-01 2.558399999999999785e+00
1.459000000000000000e+04 5.893599999999999950e-01 2.810700000000000198e+00 1.938400000000000123e-01 2.878299999999999859e+00
1.495500000000000000e+04 6.378700000000000481e-01 3.120499999999999829e+00 2.127600000000000047e-01 3.192099999999999937e+00
1.518600000000000000e+04 6.625400000000000178e-01 3.275199999999999889e+00 2.224599999999999911e-01 3.348899999999999988e+00
1.370000000000000000e+02 0.000000000000000000e+00 0.000000000000000000e+00 0.000000000000000000e+00 0.000000000000000000e+00
3.970000000000000000e+02 2.264699999999999916e-04 9.879800000000000647e-04 -5.637999999999999891e-05 1.015199999999999957e-03
1.218000000000000000e+03 9.536800000000000442e-04 5.361600000000000220e-03 -2.122699999999999988e-04 5.449899999999999710e-03
2.088000000000000000e+03 3.495400000000000069e-03 1.423800000000000066e-02 -4.296899999999999873e-04 1.466699999999999948e-02
3.242000000000000000e+03 1.127099999999999977e-02 3.806899999999999867e-02 -8.195299999999999547e-04 3.971100000000000324e-02
4.428000000000000000e+03 2.847399999999999931e-02 7.444299999999999529e-02 -1.517700000000000082e-03 7.971699999999999620e-02
5.729000000000000000e+03 4.907099999999999657e-02 1.370899999999999896e-01 -1.488600000000000079e-03 1.456199999999999994e-01
6.960000000000000000e+03 8.025400000000000589e-02 2.197199999999999986e-01 -5.646800000000000213e-04 2.339199999999999890e-01
8.118000000000000000e+03 1.160899999999999987e-01 3.311399999999999899e-01 1.780700000000000078e-03 3.509099999999999997e-01
9.204000000000000000e+03 1.614599999999999924e-01 4.894499999999999962e-01 6.851600000000000225e-03 5.154400000000000093e-01
1.023900000000000000e+04 2.123800000000000132e-01 6.912399999999999656e-01 1.525299999999999920e-02 7.232899999999999885e-01
1.118100000000000000e+04 2.724099999999999855e-01 9.476900000000000324e-01 2.802800000000000083e-02 9.864600000000000035e-01
1.205600000000000000e+04 3.371000000000000107e-01 1.256699999999999928e+00 4.562200000000000283e-02 1.301900000000000057e+00
1.287800000000000000e+04 4.066600000000000215e-01 1.625699999999999923e+00 6.941700000000000648e-02 1.677200000000000024e+00
1.364000000000000000e+04 4.788100000000000134e-01 2.045500000000000096e+00 9.868999999999999995e-02 2.103099999999999969e+00
1.425500000000000000e+04 5.402700000000000280e-01 2.427700000000000191e+00 1.272399999999999920e-01 2.490400000000000169e+00
1.468800000000000000e+04 5.894599999999999840e-01 2.748899999999999899e+00 1.530700000000000116e-01 2.815500000000000114e+00
1.503200000000000000e+04 6.381599999999999495e-01 3.076900000000000190e+00 1.841800000000000104e-01 3.147800000000000153e+00
1.522200000000000000e+04 6.625400000000000178e-01 3.240600000000000147e+00 2.001799999999999968e-01 3.313699999999999868e+00
