1.000000000000000000e+00 0.000000000000000000e+00 0.000000000000000000e+00 0.000000000000000000e+00 0.000000000000000000e+00
2.870000000000000000e+02 -2.476900000000000087e-04 6.309100000000000428e-04 7.531199999999999993e-05 6.819600000000000098e-04
1.010000000000000000e+03 3.036199999999999967e-04 3.507699999999999881e-03 6.288399999999999762e-04 3.576600000000000092e-03
1.886000000000000000e+03 4.087000000000000355e-03 8.482200000000000503e-03 1.774699999999999932e-03 9.581299999999999192e-03
3.042000000000000000e+03 1.447200000000000049e-02 4.594299999999999773e-02 4.748399999999999843e-03 4.840200000000000058e-02
4.109000000000000000e+03 3.263499999999999734e-02 9.242499999999999327e-02 8.227800000000000391e-03 9.836200000000000498e-02
5.423000000000000000e+03 5.590799999999999936e-02 1.624299999999999911e-01 1.240199999999999983e-02 1.722299999999999942e-01
6.667000000000000000e+03 8.534600000000000519e-02 2.559600000000000208e-01 1.758499999999999994e-02 2.703900000000000192e-01
7.843000000000000000e+03 1.213299999999999934e-01 3.745399999999999840e-01 2.453299999999999925e-02 3.944699999999999873e-01
8.940000000000000000e+03 1.661499999999999921e-01 5.412700000000000289e-01 3.454000000000000126e-02 5.672500000000000320e-01
9.994000000000000000e+03 2.180499999999999938e-01 7.475699999999999568e-01 4.728700000000000264e-02 7.801599999999999646e-01
1.095700000000000000e+04 2.767000000000000015e-01 1.011800000000000033e+00 6.445099999999999441e-02 1.050899999999999945e+00
1.184300000000000000e+04 3.410099999999999798e-01 1.326999999999999957e+00 8.554599999999999704e-02 1.372800000000000020e+00
1.268800000000000000e+04 4.096799999999999886e-01 1.701100000000000056e+00 1.112999999999999962e-01 1.753200000000000092e+00
1.345300000000000000e+04 4.809499999999999886e-01 2.123899999999999899e+00 1.417700000000000071e-01 2.182300000000000129e+00
1.412000000000000000e+04 5.415400000000000214e-01 2.507099999999999884e+00 1.706699999999999884e-01 2.570600000000000218e+00
1.459000000000000000e+04 5.900300000000000544e-01 2.824699999999999989e+00 1.947500000000000064e-01 2.892199999999999882e+00
1.495500000000000000e+04 6.386100000000000110e-01 3.136200000000000099e+00 2.137900000000000078e-01 3.207699999999999996e+00
1.518600000000000000e+04 6.633200000000000207e-01 3.291700000000000070e+00 2.235600000000000087e-01 3.365299999999999958e+00
1.370000000000000000e+02 0.000000000000000000e+00 0.000000000000000000e+00 0.000000000000000000e+00 0.000000000000000000e+00
3.970000000000000000e+02 2.269299999999999974e-04 9.918699999999999479e-04 -5.563600000000000061e-05 1.018999999999999941e-03
1.218000000000000000e+03 9.585999999999999903e-04 5.382200000000000178e-03 -2.093700000000000097e-04 5.470899999999999895e-03
2.088000000000000000e+03 3.502499999999999971e-03 1.429500000000000041e-02 -4.229300000000000182e-04 1.472299999999999998e-02
3.242000000000000000e+03 1.127599999999999957e-02 3.822400000000000103e-02 -8.025800000000000035e-04 3.986100000000000060e-02
4.428000000000000000e+03 2.845900000000000166e-02 7.475099999999999800e-02 -1.491399999999999931e-03 7.999900000000000067e-02
5.729000000000000000e+03 4.905199999999999838e-02 1.376600000000000046e-01 -1.454999999999999913e-03 1.461500000000000021e-01
6.960000000000000000e+03 8.025100000000000289e-02 2.206500000000000128e-01 -5.212800000000000506e-04 2.348000000000000087e-01
8.118000000000000000e+03 1.161100000000000049e-01 3.325699999999999767e-01 1.839099999999999980e-03 3.522600000000000176e-01
9.204000000000000000e+03 1.615199999999999969e-01 4.915800000000000169e-01 6.935900000000000051e-03 5.174800000000000511e-01
1.023900000000000000e+04 2.124900000000000122e-01 6.943000000000000282e-01 1.537900000000000031e-02 7.262499999999999512e-01
1.118100000000000000e+04 2.726100000000000190e-01 9.519800000000000484e-01 2.821600000000000150e-02 9.906399999999999650e-01
1.205600000000000000e+04 3.373900000000000232e-01 1.262499999999999956e+00 4.589700000000000030e-02 1.307600000000000096e+00
1.287800000000000000e+04 4.070500000000000229e-01 1.633299999999999974e+00 6.980999999999999706e-02 1.684800000000000075e+00
1.364000000000000000e+04 4.793100000000000138e-01 2.055299999999999905e+00 9.923200000000000076e-02 2.112800000000000011e+00
1.425500000000000000e+04 5.408600000000000074e-01 2.439599999999999991e+00 1.279299999999999882e-01 2.502099999999999991e+00
1.468800000000000000e+04 5.901300000000000434e-01 2.762399999999999967e+00 1.538899999999999990e-01 2.828899999999999970e+00
1.503200000000000000e+04 6.389000000000000234e-01 3.092299999999999827e+00 1.851500000000000090e-01 3.162999999999999812e+00
1.522200000000000000e+04 6.633200000000000207e-01 3.256899999999999906e+00 2.012299999999999922e-01 3.329800000000000093e+00
