1.000000000000000000e+00 0.000000000000000000e+00 0.000000000000000000e+00 0.000000000000000000e+00 0.000000000000000000e+00
2.870000000000000000e+02 4.124999999999999977e-04 3.817700000000000260e-04 -1.902299999999999998e-04 5.933699999999999652e-04
1.010000000000000000e+03 6.095599999999999711e-06 3.030800000000000161e-03 -1.183100000000000080e-03 3.253600000000000155e-03
1.886000000000000000e+03 -3.974799999999999688e-03 9.312600000000000738e-03 -3.099000000000000192e-03 1.058899999999999945e-02
3.042000000000000000e+03 -5.325700000000000052e-03 4.586199999999999999e-02 -5.669500000000000060e-03 4.651700000000000279e-02
4.109000000000000000e+03 -8.187099999999999239e-03 9.444800000000000417e-02 -6.551399999999999758e-03 9.502900000000000236e-02
5.423000000000000000e+03 -1.114200000000000086e-02 1.630900000000000127e-01 -5.156799999999999579e-03 1.635500000000000009e-01
6.667000000000000000e+03 -1.289700000000000048e-02 2.545999999999999930e-01 -2.035900000000000210e-03 2.549299999999999899e-01
7.843000000000000000e+03 -1.232199999999999962e-02 3.705100000000000060e-01 3.572800000000000108e-03 3.707300000000000040e-01
8.940000000000000000e+03 -7.224200000000000066e-03 5.331399999999999473e-01 1.270600000000000028e-02 5.333400000000000363e-01
9.994000000000000000e+03 1.407000000000000048e-03 7.342600000000000238e-01 2.498799999999999980e-02 7.346899999999999542e-01
1.095700000000000000e+04 1.379900000000000050e-02 9.924100000000000144e-01 4.211399999999999866e-02 9.933999999999999497e-01
1.184300000000000000e+04 2.927700000000000094e-02 1.300799999999999956e+00 6.357699999999999463e-02 1.302699999999999969e+00
1.268800000000000000e+04 4.728899999999999770e-02 1.667300000000000004e+00 9.001399999999999679e-02 1.670400000000000107e+00
1.345300000000000000e+04 6.685299999999999576e-02 2.081999999999999851e+00 1.214299999999999963e-01 2.086599999999999788e+00
1.412000000000000000e+04 8.375000000000000500e-02 2.458000000000000185e+00 1.512300000000000033e-01 2.464100000000000179e+00
1.459000000000000000e+04 9.724599999999999911e-02 2.769800000000000040e+00 1.765400000000000025e-01 2.777200000000000113e+00
1.495500000000000000e+04 1.109300000000000008e-01 3.075400000000000134e+00 2.002200000000000091e-01 3.083899999999999864e+00
1.518600000000000000e+04 1.180500000000000022e-01 3.228099999999999969e+00 2.123099999999999987e-01 3.237200000000000077e+00
1.370000000000000000e+02 0.000000000000000000e+00 0.000000000000000000e+00 0.000000000000000000e+00 0.000000000000000000e+00
3.970000000000000000e+02 2.173699999999999873e-04 8.752999999999999713e-04 2.511500000000000061e-04 9.362100000000000369e-04
1.218000000000000000e+03 2.201799999999999851e-03 4.531300000000000258e-03 1.041500000000000108e-03 5.144400000000000361e-03
2.088000000000000000e+03 3.026800000000000063e-03 1.291499999999999940e-02 2.455099999999999991e-03 1.349000000000000025e-02
3.242000000000000000e+03 7.058700000000000434e-04 3.660299999999999665e-02 5.958899999999999614e-03 3.709099999999999897e-02
4.428000000000000000e+03 -1.128099999999999936e-02 7.465199999999999614e-02 8.847999999999999962e-03 7.601600000000000024e-02
5.729000000000000000e+03 -1.656499999999999986e-02 1.365300000000000125e-01 1.077099999999999932e-02 1.379599999999999993e-01
6.960000000000000000e+03 -1.770100000000000146e-02 2.182300000000000073e-01 1.309800000000000027e-02 2.193299999999999972e-01
8.118000000000000000e+03 -1.761700000000000071e-02 3.276399999999999868e-01 1.634999999999999995e-02 3.285199999999999787e-01
9.204000000000000000e+03 -1.165399999999999943e-02 4.824700000000000100e-01 2.192399999999999904e-02 4.831099999999999839e-01
1.023900000000000000e+04 -4.268199999999999772e-03 6.797100000000000364e-01 3.047499999999999862e-02 6.804099999999999593e-01
1.118100000000000000e+04 9.698000000000000023e-03 9.313000000000000167e-01 4.300400000000000056e-02 9.323399999999999466e-01
1.205600000000000000e+04 2.558099999999999957e-02 1.235000000000000098e+00 5.995899999999999841e-02 1.236699999999999910e+00
1.287800000000000000e+04 4.462300000000000294e-02 1.598400000000000043e+00 8.274900000000000311e-02 1.601199999999999957e+00
1.364000000000000000e+04 6.519500000000000295e-02 2.012500000000000178e+00 1.107000000000000067e-01 2.016599999999999948e+00
1.425500000000000000e+04 8.305899999999999395e-02 2.389800000000000146e+00 1.379599999999999993e-01 2.395300000000000207e+00
1.468800000000000000e+04 9.736100000000000310e-02 2.706999999999999851e+00 1.623600000000000043e-01 2.713600000000000012e+00
1.503200000000000000e+04 1.112299999999999955e-01 3.031200000000000117e+00 1.897600000000000120e-01 3.039200000000000124e+00
1.522200000000000000e+04 1.180500000000000022e-01 3.193000000000000060e+00 2.038899999999999879e-01 3.201700000000000212e+00
