1.000000000000000000e+00 0.000000000000000000e+00 0.000000000000000000e+00 0.000000000000000000e+00 0.000000000000000000e+00
2.870000000000000000e+02 6.167800000000000138e-05 5.093499999999999937e-04 -5.412200000000000122e-05 5.159200000000000071e-04
1.010000000000000000e+03 1.115599999999999958e-04 3.266900000000000099e-03 -2.509300000000000115e-04 3.278399999999999891e-03
1.886000000000000000e+03 8.755499999999999774e-05 8.847700000000000009e-03 -5.918499999999999933e-04 8.867899999999999741e-03
3.042000000000000000e+03 4.647199999999999769e-03 4.570300000000000057e-02 -3.185199999999999794e-04 4.593900000000000067e-02
4.109000000000000000e+03 1.241699999999999922e-02 9.299899999999999833e-02 1.033899999999999923e-03 9.382999999999999674e-02
5.423000000000000000e+03 2.272400000000000114e-02 1.620399999999999896e-01 3.849299999999999944e-03 1.636700000000000099e-01
6.667000000000000000e+03 3.674399999999999888e-02 2.541800000000000170e-01 8.018799999999999539e-03 2.569400000000000017e-01
7.843000000000000000e+03 5.522500000000000325e-02 3.709200000000000275e-01 1.429300000000000015e-02 3.752800000000000025e-01
8.940000000000000000e+03 8.038399999999999712e-02 5.349099999999999966e-01 2.383700000000000055e-02 5.414400000000000324e-01
9.994000000000000000e+03 1.108600000000000002e-01 7.377700000000000369e-01 3.630699999999999900e-02 7.469299999999999828e-01
1.095700000000000000e+04 1.465799999999999881e-01 9.978900000000000547e-01 5.338400000000000090e-02 1.010000000000000009e+00
1.184300000000000000e+04 1.866800000000000126e-01 1.308499999999999996e+00 7.457500000000000240e-02 1.323800000000000088e+00
1.268800000000000000e+04 2.302200000000000080e-01 1.677400000000000002e+00 1.005700000000000066e-01 1.696099999999999941e+00
1.345300000000000000e+04 2.758300000000000196e-01 2.094700000000000006e+00 1.313900000000000068e-01 2.116899999999999782e+00
1.412000000000000000e+04 3.147499999999999742e-01 2.473100000000000076e+00 1.606400000000000050e-01 2.498200000000000198e+00
1.459000000000000000e+04 3.458700000000000108e-01 2.786900000000000155e+00 1.852600000000000080e-01 2.814400000000000013e+00
1.495500000000000000e+04 3.771399999999999753e-01 3.094700000000000006e+00 2.065500000000000114e-01 3.124499999999999833e+00
1.518600000000000000e+04 3.931200000000000250e-01 3.248499999999999943e+00 2.174300000000000122e-01 3.279399999999999871e+00
1.370000000000000000e+02 0.000000000000000000e+00 0.000000000000000000e+00 0.000000000000000000e+00 0.000000000000000000e+00
3.970000000000000000e+02 2.293399999999999963e-04 9.279400000000000365e-04 9.780899999999999816e-05 9.608499999999999637e-04
1.218000000000000000e+03 1.626300000000000011e-03 4.924699999999999737e-03 4.183599999999999992e-04 5.203199999999999839e-03
2.088000000000000000e+03 3.370699999999999912e-03 1.352199999999999930e-02 1.021999999999999905e-03 1.397299999999999931e-02
3.242000000000000000e+03 6.157600000000000053e-03 3.721900000000000208e-02 2.589300000000000108e-03 3.781299999999999939e-02
4.428000000000000000e+03 8.791099999999999609e-03 7.436500000000000055e-02 3.678600000000000186e-03 7.497299999999999798e-02
5.729000000000000000e+03 1.659599999999999964e-02 1.365000000000000102e-01 4.652400000000000112e-03 1.375800000000000078e-01
6.960000000000000000e+03 3.180399999999999894e-02 2.184800000000000075e-01 6.275700000000000375e-03 2.208799999999999930e-01
8.118000000000000000e+03 4.997700000000000059e-02 3.286800000000000277e-01 9.073499999999999968e-03 3.325799999999999867e-01
9.204000000000000000e+03 7.586500000000000188e-02 4.849399999999999822e-01 1.439400000000000054e-02 4.910499999999999865e-01
1.023900000000000000e+04 1.052600000000000063e-01 6.841199999999999504e-01 2.286499999999999991e-02 6.925400000000000444e-01
1.118100000000000000e+04 1.424999999999999878e-01 9.377400000000000180e-01 3.550699999999999690e-02 9.491699999999999582e-01
1.205600000000000000e+04 1.830400000000000083e-01 1.243700000000000028e+00 5.277099999999999846e-02 1.258199999999999985e+00
1.287800000000000000e+04 2.275800000000000045e-01 1.609499999999999931e+00 7.604900000000000548e-02 1.627299999999999969e+00
1.364000000000000000e+04 2.741899999999999893e-01 2.025999999999999801e+00 1.046500000000000069e-01 2.047200000000000131e+00
1.425500000000000000e+04 3.140600000000000058e-01 2.405600000000000183e+00 1.325500000000000012e-01 2.429699999999999971e+00
1.468800000000000000e+04 3.459800000000000098e-01 2.724699999999999900e+00 1.576599999999999946e-01 2.751100000000000101e+00
1.503200000000000000e+04 3.774299999999999877e-01 3.050899999999999945e+00 1.869399999999999951e-01 3.079800000000000093e+00
1.522200000000000000e+04 3.931200000000000250e-01 3.213699999999999779e+00 2.020200000000000051e-01 3.244000000000000217e+00
