1.000000000000000000e+00 0.000000000000000000e+00 0.000000000000000000e+00 0.000000000000000000e+00 0.000000000000000000e+00
2.870000000000000000e+02 1.339199999999999917e-04 4.874599999999999983e-04 -6.432799999999999803e-05 5.096000000000000269e-04
1.010000000000000000e+03 2.708300000000000074e-04 3.201900000000000145e-03 -3.342199999999999815e-04 3.230699999999999978e-03
1.886000000000000000e+03 6.138899999999999788e-06 8.822599999999999887e-03 -8.144200000000000527e-04 8.860099999999999226e-03
3.042000000000000000e+03 4.364999999999999956e-03 4.540700000000000292e-02 -7.763200000000000482e-04 4.562299999999999689e-02
4.109000000000000000e+03 1.164399999999999984e-02 9.248199999999999477e-02 3.804400000000000099e-04 9.321300000000000419e-02
5.423000000000000000e+03 2.133699999999999833e-02 1.609800000000000120e-01 3.043099999999999972e-03 1.624099999999999988e-01
6.667000000000000000e+03 3.459500000000000075e-02 2.524100000000000232e-01 7.077899999999999817e-03 2.548599999999999755e-01
7.843000000000000000e+03 5.218300000000000022e-02 3.683100000000000263e-01 1.324499999999999983e-02 3.722199999999999953e-01
8.940000000000000000e+03 7.633800000000000308e-02 5.310399999999999565e-01 2.268600000000000130e-02 5.369800000000000129e-01
9.994000000000000000e+03 1.057300000000000045e-01 7.323300000000000365e-01 3.504999999999999782e-02 7.407500000000000195e-01
1.095700000000000000e+04 1.403300000000000103e-01 9.903300000000000436e-01 5.199999999999999761e-02 1.001600000000000046e+00
1.184300000000000000e+04 1.792900000000000049e-01 1.298300000000000010e+00 7.303999999999999382e-02 1.312699999999999978e+00
1.268800000000000000e+04 2.217000000000000082e-01 1.663999999999999924e+00 9.883599999999999330e-02 1.681599999999999984e+00
1.345300000000000000e+04 2.662100000000000022e-01 2.077500000000000124e+00 1.293999999999999873e-01 2.098399999999999821e+00
1.412000000000000000e+04 3.042099999999999804e-01 2.452100000000000168e+00 1.583799999999999930e-01 2.475900000000000212e+00
1.459000000000000000e+04 3.346199999999999730e-01 2.762500000000000178e+00 1.827499999999999958e-01 2.788699999999999957e+00
1.495500000000000000e+04 3.651900000000000146e-01 3.066600000000000215e+00 2.038200000000000012e-01 3.095000000000000195e+00
1.518600000000000000e+04 3.808099999999999818e-01 3.218399999999999928e+00 2.146000000000000130e-01 3.248000000000000220e+00
1.370000000000000000e+02 0.000000000000000000e+00 0.000000000000000000e+00 0.000000000000000000e+00 0.000000000000000000e+00
3.970000000000000000e+02 1.979700000000000036e-04 9.280799999999999640e-04 9.328200000000000575e-05 9.535299999999999592e-04
1.218000000000000000e+03 1.413799999999999996e-03 4.934299999999999971e-03 3.923399999999999739e-04 5.147800000000000119e-03
2.088000000000000000e+03 2.906900000000000022e-03 1.352500000000000056e-02 9.590900000000000076e-04 1.386700000000000085e-02
3.242000000000000000e+03 5.459699999999999623e-03 3.709400000000000197e-02 2.446499999999999890e-03 3.757300000000000223e-02
4.428000000000000000e+03 8.064599999999999894e-03 7.390199999999999547e-02 3.524799999999999808e-03 7.442400000000000404e-02
5.729000000000000000e+03 1.529800000000000083e-02 1.355800000000000061e-01 4.479999999999999608e-03 1.365200000000000025e-01
6.960000000000000000e+03 2.972999999999999948e-02 2.169800000000000062e-01 6.073900000000000132e-03 2.190900000000000070e-01
8.118000000000000000e+03 4.701299999999999923e-02 3.263499999999999734e-01 8.821900000000000575e-03 3.298400000000000221e-01
9.204000000000000000e+03 7.188100000000000045e-02 4.814200000000000146e-01 1.405999999999999958e-02 4.869600000000000040e-01
1.023900000000000000e+04 1.001900000000000013e-01 6.789800000000000280e-01 2.241800000000000043e-02 6.866999999999999771e-01
1.118100000000000000e+04 1.362899999999999945e-01 9.304900000000000393e-01 3.490499999999999853e-02 9.410600000000000076e-01
1.205600000000000000e+04 1.756800000000000028e-01 1.233700000000000019e+00 5.196599999999999830e-02 1.247300000000000075e+00
1.287800000000000000e+04 2.190799999999999970e-01 1.596300000000000052e+00 7.498399999999999510e-02 1.612999999999999989e+00
1.364000000000000000e+04 2.645799999999999819e-01 2.008900000000000130e+00 1.032700000000000007e-01 2.028900000000000148e+00
1.425500000000000000e+04 3.035399999999999765e-01 2.384700000000000042e+00 1.308699999999999863e-01 2.407500000000000195e+00
1.468800000000000000e+04 3.347399999999999820e-01 2.700499999999999901e+00 1.556899999999999951e-01 2.725600000000000023e+00
1.503200000000000000e+04 3.654700000000000171e-01 3.022899999999999920e+00 1.845999999999999863e-01 3.050499999999999989e+00
1.522200000000000000e+04 3.808099999999999818e-01 3.183800000000000185e+00 1.994799999999999907e-01 3.212699999999999889e+00
