1.000000000000000000e+00 0.000000000000000000e+00 0.000000000000000000e+00 0.000000000000000000e+00 0.000000000000000000e+00
2.870000000000000000e+02 -2.171399999999999979e-04 6.141099999999999597e-04 7.174600000000000053e-05 6.553099999999999854e-04
1.010000000000000000e+03 3.747800000000000133e-04 3.432699999999999901e-03 5.978300000000000411e-04 3.504499999999999803e-03
1.886000000000000000e+03 4.064599999999999810e-03 8.349499999999999283e-03 1.692799999999999947e-03 9.439299999999999427e-03
3.042000000000000000e+03 1.434000000000000032e-02 4.528800000000000187e-02 4.577099999999999745e-03 4.772499999999999659e-02
4.109000000000000000e+03 3.224699999999999789e-02 9.104399999999999993e-02 7.967600000000000030e-03 9.691400000000000015e-02
5.423000000000000000e+03 5.518300000000000288e-02 1.598499999999999921e-01 1.204900000000000068e-02 1.695299999999999863e-01
6.667000000000000000e+03 8.418699999999999795e-02 2.517599999999999838e-01 1.712699999999999986e-02 2.660199999999999787e-01
7.843000000000000000e+03 1.196300000000000002e-01 3.682599999999999763e-01 2.394699999999999954e-02 3.879400000000000071e-01
8.940000000000000000e+03 1.637599999999999889e-01 5.318500000000000449e-01 3.377000000000000141e-02 5.575099999999999500e-01
9.994000000000000000e+03 2.148700000000000054e-01 7.340900000000000203e-01 4.627200000000000063e-02 7.662900000000000267e-01
1.095700000000000000e+04 2.726299999999999835e-01 9.926800000000000068e-01 6.307799999999999518e-02 1.031400000000000095e+00
1.184300000000000000e+04 3.359699999999999909e-01 1.300799999999999956e+00 8.369699999999999362e-02 1.346100000000000074e+00
1.268800000000000000e+04 4.036199999999999788e-01 1.665699999999999958e+00 1.088100000000000039e-01 1.717300000000000049e+00
1.345300000000000000e+04 4.738299999999999734e-01 2.077199999999999935e+00 1.384199999999999875e-01 2.134999999999999787e+00
1.412000000000000000e+04 5.335199999999999942e-01 2.448999999999999844e+00 1.664299999999999946e-01 2.512000000000000011e+00
1.459000000000000000e+04 5.812800000000000189e-01 2.756400000000000183e+00 1.896799999999999875e-01 2.823399999999999910e+00
1.495500000000000000e+04 6.291600000000000525e-01 3.056599999999999984e+00 2.078599999999999892e-01 3.127600000000000158e+00
1.518600000000000000e+04 6.534699999999999953e-01 3.206399999999999917e+00 2.172000000000000042e-01 3.279500000000000082e+00
1.370000000000000000e+02 0.000000000000000000e+00 0.000000000000000000e+00 0.000000000000000000e+00 0.000000000000000000e+00
3.970000000000000000e+02 2.098799999999999895e-04 9.802100000000000223e-04 -6.007199999999999676e-05 1.004200000000000014e-03
1.218000000000000000e+03 8.378699999999999993e-04 5.324899999999999599e-03 -2.308099999999999941e-04 5.395399999999999849e-03
2.088000000000000000e+03 3.249000000000000152e-03 1.412500000000000040e-02 -4.740300000000000134e-04 1.450199999999999927e-02
3.242000000000000000e+03 1.090499999999999976e-02 3.769100000000000228e-02 -9.236099999999999475e-04 3.924799999999999817e-02
4.428000000000000000e+03 2.812100000000000016e-02 7.355399999999999439e-02 -1.646099999999999950e-03 7.876400000000000068e-02
5.729000000000000000e+03 4.842400000000000176e-02 1.353900000000000103e-01 -1.641700000000000060e-03 1.438000000000000111e-01
6.960000000000000000e+03 7.916600000000000026e-02 2.168899999999999995e-01 -7.551699999999999949e-04 2.308800000000000019e-01
8.118000000000000000e+03 1.145000000000000046e-01 3.267399999999999749e-01 1.530300000000000063e-03 3.462200000000000277e-01
9.204000000000000000e+03 1.592099999999999904e-01 4.827299999999999924e-01 6.496100000000000312e-03 5.083499999999999686e-01
1.023900000000000000e+04 2.094000000000000028e-01 6.813599999999999657e-01 1.473299999999999957e-02 7.129699999999999926e-01
1.118100000000000000e+04 2.686000000000000054e-01 9.335400000000000365e-01 2.726100000000000051e-02 9.717999999999999972e-01
1.205600000000000000e+04 3.324099999999999833e-01 1.237000000000000099e+00 4.450400000000000189e-02 1.281600000000000072e+00
1.287800000000000000e+04 4.010400000000000076e-01 1.598700000000000010e+00 6.779799999999999716e-02 1.649599999999999955e+00
1.364000000000000000e+04 4.722299999999999831e-01 2.009300000000000086e+00 9.641099999999999670e-02 2.066300000000000026e+00
1.425500000000000000e+04 5.328600000000000003e-01 2.382400000000000073e+00 1.242599999999999955e-01 2.444399999999999906e+00
1.468800000000000000e+04 5.813899999999999624e-01 2.694999999999999840e+00 1.494099999999999873e-01 2.761099999999999888e+00
1.503200000000000000e+04 6.294100000000000250e-01 3.013500000000000068e+00 1.796599999999999864e-01 3.083699999999999886e+00
1.522200000000000000e+04 6.534699999999999953e-01 3.172299999999999898e+00 1.952299999999999869e-01 3.244800000000000129e+00
