1.000000000000000000e+00 -1.558489999999999931e+00 3.605740000000000056e-01 1.500000000000000000e+00
2.870000000000000000e+02 -1.724988321999999963e+00 3.957663500000000445e-01 2.859945877999999997e+00
1.010000000000000000e+03 -2.056528439999999680e+00 4.598649000000000209e-01 5.599749069999999662e+00
1.886000000000000000e+03 -2.360362445000000253e+00 5.103897000000000572e-01 8.319408150000001001e+00
3.042000000000000000e+03 -2.658612800000000220e+00 5.711360000000000881e-01 1.173968147999999978e+01
4.109000000000000000e+03 -2.722942999999999891e+00 4.785869999999999846e-01 1.584103389999999933e+01
5.423000000000000000e+03 -2.610135999999999790e+00 3.648500000000000076e-01 1.993384929999999855e+01
6.667000000000000000e+03 -2.481195999999999735e+00 2.623452700000000193e-01 2.403801879999999969e+01
7.843000000000000000e+03 -2.326785000000000103e+00 1.612440000000000262e-01 2.813429299999999955e+01
8.940000000000000000e+03 -2.153786000000000200e+00 8.793899999999998940e-02 3.224383699999999919e+01
9.994000000000000000e+03 -1.981150000000000189e+00 4.062300000000007572e-02 3.635630700000000104e+01
1.095700000000000000e+04 -1.801800000000000068e+00 3.465400000000007363e-02 4.046338399999999780e+01
1.184300000000000000e+04 -1.616630000000000011e+00 6.532999999999988816e-02 4.458457500000000095e+01
1.268800000000000000e+04 -1.426819999999999977e+00 1.441699999999999093e-01 4.871056999999999704e+01
1.345300000000000000e+04 -1.234429999999999916e+00 2.540400000000000436e-01 5.283139000000000607e+01
1.412000000000000000e+04 -1.072890000000000121e+00 3.608700000000002461e-01 5.628063999999999822e+01
1.459000000000000000e+04 -9.057000000000000606e-01 4.493500000000003602e-01 5.903526000000000096e+01
1.495500000000000000e+04 -4.742569999999999841e-01 5.296099999999999142e-01 6.177655000000000030e+01
1.518600000000000000e+04 -2.581799999999999651e-01 5.655000000000001137e-01 6.315742999999999796e+01
1.370000000000000000e+02 1.558489999999999931e+00 -3.636220000000000008e-01 1.500000000000000000e+00
3.970000000000000000e+02 1.725279339999999939e+00 -4.054090599999999878e-01 2.860097808999999991e+00
1.218000000000000000e+03 1.819586300000000101e+00 -4.386982999999999855e-01 5.600418359999999929e+00
2.088000000000000000e+03 1.846750700000000078e+00 -4.616500000000000048e-01 8.321022000000001029e+00
3.242000000000000000e+03 1.781667600000000018e+00 -4.686489999999999823e-01 1.174258930000000056e+01
4.428000000000000000e+03 1.832361099999999965e+00 -4.659149999999999681e-01 1.584367860000000050e+01
5.729000000000000000e+03 1.771835999999999967e+00 -4.470700000000000229e-01 1.993465240000000094e+01
6.960000000000000000e+03 1.710434000000000010e+00 -4.387769999999999726e-01 2.403627570000000091e+01
8.118000000000000000e+03 1.637986999999999860e+00 -4.241149999999999642e-01 2.812907350000000051e+01
9.204000000000000000e+03 1.565305000000000168e+00 -3.889159999999999839e-01 3.223439400000000177e+01
1.023900000000000000e+04 1.499929999999999986e+00 -3.401600000000001289e-01 3.634286500000000331e+01
1.118100000000000000e+04 1.441420000000000146e+00 -2.633900000000000130e-01 4.044550699999999921e+01
1.205600000000000000e+04 1.385240000000000027e+00 -1.638200000000000767e-01 4.456277099999999791e+01
1.287800000000000000e+04 1.332269999999999843e+00 -3.561999999999998501e-02 4.868604899999999702e+01
1.364000000000000000e+04 1.281029999999999891e+00 1.181099999999997152e-01 5.280465000000000231e+01
1.425500000000000000e+04 1.239155999999999924e+00 2.586600000000003341e-01 5.625254999999999939e+01
1.468800000000000000e+04 1.180363000000000051e+00 3.736799999999997901e-01 5.900766000000000133e+01
1.503200000000000000e+04 9.450279999999999792e-01 4.818400000000000460e-01 6.175694000000000017e+01
1.522200000000000000e+04 8.273200000000000554e-01 5.306999999999999496e-01 6.314201999999999515e+01
