1.000000000000000000e+00 0.000000000000000000e+00 0.000000000000000000e+00 0.000000000000000000e+00 0.000000000000000000e+00
2.870000000000000000e+02 -2.264599999999999968e-04 6.053700000000000400e-04 7.448899999999999781e-05 6.506199999999999744e-04
1.010000000000000000e+03 3.627600000000000030e-04 3.367000000000000201e-03 6.166500000000000540e-04 3.442199999999999861e-03
1.886000000000000000e+03 4.103700000000000056e-03 8.153399999999999884e-03 1.744200000000000004e-03 9.293100000000000319e-03
3.042000000000000000e+03 1.434900000000000064e-02 4.431600000000000122e-02 4.673499999999999703e-03 4.681500000000000244e-02
4.109000000000000000e+03 3.223499999999999976e-02 8.900600000000000178e-02 8.079199999999999923e-03 9.500799999999999523e-02
5.423000000000000000e+03 5.513500000000000345e-02 1.562500000000000000e-01 1.213099999999999942e-02 1.661400000000000099e-01
6.667000000000000000e+03 8.406900000000000484e-02 2.460499999999999909e-01 1.714500000000000052e-02 2.605799999999999783e-01
7.843000000000000000e+03 1.193899999999999961e-01 3.598100000000000187e-01 2.384299999999999961e-02 3.798500000000000210e-01
8.940000000000000000e+03 1.632699999999999985e-01 5.194400000000000128e-01 3.345499999999999863e-02 5.455200000000000049e-01
9.994000000000000000e+03 2.140600000000000003e-01 7.166500000000000092e-01 4.566300000000000220e-02 7.493300000000000516e-01
1.095700000000000000e+04 2.714099999999999846e-01 9.686200000000000365e-01 6.204199999999999993e-02 1.007800000000000029e+00
1.184300000000000000e+04 3.342700000000000116e-01 1.268599999999999950e+00 8.210900000000000143e-02 1.314500000000000002e+00
1.268800000000000000e+04 4.013900000000000245e-01 1.623699999999999921e+00 1.065200000000000036e-01 1.675999999999999934e+00
1.345300000000000000e+04 4.710500000000000242e-01 2.023899999999999810e+00 1.352800000000000114e-01 2.082399999999999807e+00
1.412000000000000000e+04 5.302700000000000191e-01 2.385299999999999976e+00 1.624700000000000033e-01 2.448999999999999844e+00
1.459000000000000000e+04 5.776700000000000168e-01 2.684099999999999930e+00 1.850199999999999900e-01 2.751799999999999802e+00
1.495500000000000000e+04 6.251799999999999580e-01 2.975999999999999979e+00 2.025599999999999901e-01 3.047699999999999854e+00
1.518600000000000000e+04 6.492900000000000338e-01 3.121700000000000141e+00 2.115700000000000081e-01 3.195500000000000007e+00
1.370000000000000000e+02 0.000000000000000000e+00 0.000000000000000000e+00 0.000000000000000000e+00 0.000000000000000000e+00
3.970000000000000000e+02 2.074199999999999894e-04 9.599699999999999856e-04 -6.389800000000000384e-05 9.841999999999999620e-04
1.218000000000000000e+03 8.120000000000000048e-04 5.217699999999999595e-03 -2.457199999999999987e-04 5.286199999999999580e-03
2.088000000000000000e+03 3.211400000000000105e-03 1.383000000000000028e-02 -5.088399999999999868e-04 1.420699999999999914e-02
3.242000000000000000e+03 1.087399999999999999e-02 3.688600000000000212e-02 -1.010999999999999963e-03 3.846900000000000319e-02
4.428000000000000000e+03 2.819199999999999831e-02 7.195600000000000607e-02 -1.781400000000000041e-03 7.730199999999999572e-02
5.729000000000000000e+03 4.851400000000000157e-02 1.324200000000000099e-01 -1.814199999999999971e-03 1.410299999999999887e-01
6.960000000000000000e+03 7.916299999999999726e-02 2.120299999999999963e-01 -9.781699999999999944e-04 2.263300000000000034e-01
8.118000000000000000e+03 1.143900000000000056e-01 3.193500000000000227e-01 1.229999999999999974e-03 3.392200000000000215e-01
9.204000000000000000e+03 1.588499999999999912e-01 4.716600000000000237e-01 6.061999999999999680e-03 4.977300000000000058e-01
1.023900000000000000e+04 2.087499999999999911e-01 6.654600000000000515e-01 1.408399999999999930e-02 6.975799999999999779e-01
1.118100000000000000e+04 2.675100000000000255e-01 9.113400000000000389e-01 2.629000000000000087e-02 9.501500000000000501e-01
1.205600000000000000e+04 3.308400000000000230e-01 1.207000000000000073e+00 4.308800000000000130e-02 1.252199999999999980e+00
1.287800000000000000e+04 3.989099999999999868e-01 1.559099999999999930e+00 6.577399999999999913e-02 1.610700000000000021e+00
1.364000000000000000e+04 4.695199999999999929e-01 1.958599999999999897e+00 9.362800000000000289e-02 2.016300000000000203e+00
1.425500000000000000e+04 5.296499999999999542e-01 2.321400000000000130e+00 1.207300000000000040e-01 2.384100000000000108e+00
1.468800000000000000e+04 5.777799999999999603e-01 2.625199999999999978e+00 1.451999999999999957e-01 2.692000000000000171e+00
1.503200000000000000e+04 6.254300000000000415e-01 2.934699999999999864e+00 1.746999999999999942e-01 3.005599999999999827e+00
1.522200000000000000e+04 6.492900000000000338e-01 3.088999999999999968e+00 1.898700000000000110e-01 3.162199999999999900e+00
