1.000000000000000000e+00 -1.558489999999999931e+00 3.605740000000000056e-01 1.500000000000000000e+00
2.870000000000000000e+02 -1.725297689999999884e+00 3.958879100000000095e-01 2.860075311999999759e+00
1.010000000000000000e+03 -2.056336379999999853e+00 4.601057000000000063e-01 5.600628839999999720e+00
1.886000000000000000e+03 -2.356362999999999985e+00 5.100242000000000386e-01 8.321774700000000635e+00
3.042000000000000000e+03 -2.648788000000000142e+00 5.713759999999999950e-01 1.174474840000000064e+01
4.109000000000000000e+03 -2.702725000000000044e+00 4.780129999999999657e-01 1.584822780000000009e+01
5.423000000000000000e+03 -2.576951999999999909e+00 3.652400000000000091e-01 1.994240200000000129e+01
6.667000000000000000e+03 -2.432593999999999923e+00 2.641252700000000231e-01 2.404758500000000154e+01
7.843000000000000000e+03 -2.260680000000000245e+00 1.648639999999999828e-01 2.814453300000000269e+01
8.940000000000000000e+03 -2.068020000000000191e+00 9.429900000000002169e-02 3.225453999999999866e+01
9.994000000000000000e+03 -1.873960000000000070e+00 5.042299999999999560e-02 3.636728699999999748e+01
1.095700000000000000e+04 -1.671680000000000055e+00 4.856400000000005157e-02 4.047445099999999485e+01
1.184300000000000000e+04 -1.462299999999999933e+00 8.382999999999984908e-02 4.459554599999999880e+01
1.268800000000000000e+04 -1.247360000000000024e+00 1.678699999999999637e-01 4.872129999999999939e+01
1.345300000000000000e+04 -1.029309999999999947e+00 2.832399999999999363e-01 5.284177000000000390e+01
1.412000000000000000e+04 -8.460999999999999632e-01 3.948700000000000543e-01 5.629066999999999865e+01
1.459000000000000000e+04 -6.615400000000000169e-01 4.871500000000001940e-01 5.904475000000000051e+01
1.495500000000000000e+04 -2.127869999999999484e-01 5.711100000000000065e-01 6.178379000000000332e+01
1.518600000000000000e+04 1.202000000000003066e-02 6.087000000000002409e-01 6.316355999999999682e+01
1.370000000000000000e+02 1.558489999999999931e+00 -3.636220000000000008e-01 1.500000000000000000e+00
3.970000000000000000e+02 1.725276929999999931e+00 -4.053451299999999979e-01 2.859944363999999961e+00
1.218000000000000000e+03 1.818918599999999941e+00 -4.382407999999999859e-01 5.599790629999999325e+00
2.088000000000000000e+03 1.846882499999999983e+00 -4.608769999999999811e-01 8.319577070000001129e+00
3.242000000000000000e+03 1.786785999999999985e+00 -4.676440000000000041e-01 1.173919741999999999e+01
4.428000000000000000e+03 1.852028999999999925e+00 -4.655289999999999706e-01 1.583850859999999905e+01
5.729000000000000000e+03 1.804292000000000007e+00 -4.459100000000000286e-01 1.992854499999999973e+01
6.960000000000000000e+03 1.758881000000000139e+00 -4.366069999999999673e-01 2.402947872000000018e+01
8.118000000000000000e+03 1.704119999999999857e+00 -4.202250000000000152e-01 2.812183910000000253e+01
9.204000000000000000e+03 1.650959999999999983e+00 -3.822759999999999492e-01 3.222693590000000086e+01
1.023900000000000000e+04 1.607160000000000144e+00 -3.299800000000000511e-01 3.633537900000000320e+01
1.118100000000000000e+04 1.571530000000000094e+00 -2.491499999999999826e-01 4.043821599999999705e+01
1.205600000000000000e+04 1.539590000000000014e+00 -1.450200000000001488e-01 4.455589699999999453e+01
1.287800000000000000e+04 1.511740000000000084e+00 -1.181999999999994166e-02 4.867980999999999625e+01
1.364000000000000000e+04 1.486149999999999860e+00 1.474099999999998190e-01 5.279923200000000350e+01
1.425500000000000000e+04 1.465956000000000037e+00 2.926600000000001423e-01 5.624792999999999665e+01
1.468800000000000000e+04 1.424513000000000140e+00 4.113799999999998569e-01 5.900388999999999839e+01
1.503200000000000000e+04 1.206498000000000070e+00 5.232399999999999274e-01 6.175515000000000043e+01
1.522200000000000000e+04 1.097520000000000051e+00 5.739000000000000767e-01 6.314123000000000019e+01
