1.000000000000000000e+00 -1.558489999999999931e+00 3.605740000000000056e-01 1.500000000000000000e+00
2.870000000000000000e+02 -1.724916080000000074e+00 3.957444600000000201e-01 2.859935671999999762e+00
1.010000000000000000e+03 -2.056369169999999968e+00 4.597998999999999836e-01 5.599665779999999593e+00
1.886000000000000000e+03 -2.360443861100000262e+00 5.103646000000000571e-01 8.319185580000000968e+00
3.042000000000000000e+03 -2.658895000000000231e+00 5.708400000000000141e-01 1.173922368000000027e+01
4.109000000000000000e+03 -2.723716000000000026e+00 4.780699999999999950e-01 1.584038044000000056e+01
5.423000000000000000e+03 -2.611523000000000039e+00 3.637900000000000023e-01 1.993304309999999901e+01
6.667000000000000000e+03 -2.483344999999999914e+00 2.605752700000000255e-01 2.403707789999999989e+01
7.843000000000000000e+03 -2.329827000000000314e+00 1.586340000000000250e-01 2.813324500000000228e+01
8.940000000000000000e+03 -2.157832000000000416e+00 8.406899999999994932e-02 3.224268599999999907e+01
9.994000000000000000e+03 -1.986280000000000046e+00 3.518300000000007532e-02 3.635504999999999853e+01
1.095700000000000000e+04 -1.808049999999999935e+00 2.709400000000006248e-02 4.046199999999999619e+01
1.184300000000000000e+04 -1.624020000000000019e+00 5.512999999999990131e-02 4.458303999999999689e+01
1.268800000000000000e+04 -1.435340000000000060e+00 1.307699999999998308e-01 4.870883599999999802e+01
1.345300000000000000e+04 -1.244049999999999878e+00 2.368400000000001615e-01 5.282939999999999969e+01
1.412000000000000000e+04 -1.083429999999999893e+00 3.398700000000003385e-01 5.627837999999999852e+01
1.459000000000000000e+04 -9.169500000000001538e-01 4.249500000000003830e-01 5.903275000000000006e+01
1.495500000000000000e+04 -4.862069999999999448e-01 5.015100000000001224e-01 6.177382000000000062e+01
1.518600000000000000e+04 -2.704900000000000082e-01 5.354000000000000981e-01 6.315459999999999496e+01
1.370000000000000000e+02 1.558489999999999931e+00 -3.636220000000000008e-01 1.500000000000000000e+00
3.970000000000000000e+02 1.725247970000000075e+00 -4.054089200000000059e-01 2.860093281999999792e+00
1.218000000000000000e+03 1.819373799999999930e+00 -4.386886999999999870e-01 5.600392339999999969e+00
2.088000000000000000e+03 1.846286899999999953e+00 -4.616469999999999740e-01 8.320959090000000558e+00
3.242000000000000000e+03 1.780969699999999989e+00 -4.687739999999999685e-01 1.174244649999999979e+01
4.428000000000000000e+03 1.831634599999999891e+00 -4.663779999999999593e-01 1.584352479999999908e+01
5.729000000000000000e+03 1.770537999999999945e+00 -4.479899999999999993e-01 1.993448000000000064e+01
6.960000000000000000e+03 1.708360000000000101e+00 -4.402769999999999739e-01 2.403607390000000166e+01
8.118000000000000000e+03 1.635022999999999893e+00 -4.264450000000000185e-01 2.812882190000000193e+01
9.204000000000000000e+03 1.561321000000000181e+00 -3.924359999999999515e-01 3.223405999999999949e+01
1.023900000000000000e+04 1.494860000000000078e+00 -3.453000000000000513e-01 3.634241800000000211e+01
1.118100000000000000e+04 1.435210000000000097e+00 -2.706399999999999917e-01 4.044490499999999855e+01
1.205600000000000000e+04 1.377879999999999994e+00 -1.738200000000000855e-01 4.456196599999999819e+01
1.287800000000000000e+04 1.323769999999999891e+00 -4.881999999999986350e-02 4.868498400000000004e+01
1.364000000000000000e+04 1.271419999999999995e+00 1.010100000000000442e-01 5.280327000000000481e+01
1.425500000000000000e+04 1.228636000000000061e+00 2.377600000000001934e-01 5.625086999999999904e+01
1.468800000000000000e+04 1.169122999999999912e+00 3.494799999999997908e-01 5.900569000000000131e+01
1.503200000000000000e+04 9.330680000000000085e-01 4.538400000000000212e-01 6.175460000000000349e+01
1.522200000000000000e+04 8.150100000000000122e-01 5.008000000000003560e-01 6.313947999999999894e+01
