1.000000000000000000e+00 0.000000000000000000e+00 0.000000000000000000e+00 0.000000000000000000e+00 0.000000000000000000e+00
2.870000000000000000e+02 4.459999999999999989e-04 3.659499999999999776e-04 -1.947999999999999916e-04 6.089199999999999908e-04
1.010000000000000000e+03 7.865899999999999346e-05 2.966200000000000000e-03 -1.221099999999999920e-03 3.208700000000000094e-03
1.886000000000000000e+03 -4.019100000000000276e-03 9.216000000000000233e-03 -3.200399999999999946e-03 1.055099999999999962e-02
3.042000000000000000e+03 -5.492999999999999619e-03 4.539599999999999885e-02 -5.882499999999999708e-03 4.610399999999999915e-02
4.109000000000000000e+03 -8.655299999999999452e-03 9.346000000000000141e-02 -6.870000000000000238e-03 9.411100000000000021e-02
5.423000000000000000e+03 -1.200999999999999984e-02 1.611899999999999999e-01 -5.574899999999999821e-03 1.617300000000000126e-01
6.667000000000000000e+03 -1.427800000000000076e-02 2.514600000000000168e-01 -2.558799999999999963e-03 2.518699999999999828e-01
7.843000000000000000e+03 -1.434000000000000032e-02 3.657799999999999940e-01 2.932900000000000004e-03 3.660700000000000065e-01
8.940000000000000000e+03 -1.003300000000000025e-02 5.259700000000000486e-01 1.190599999999999992e-02 5.262000000000000011e-01
9.994000000000000000e+03 -2.321099999999999986e-03 7.239200000000000079e-01 2.398300000000000085e-02 7.243199999999999639e-01
1.095700000000000000e+04 9.024100000000000177e-03 9.776500000000000190e-01 4.081499999999999712e-02 9.785500000000000309e-01
1.184300000000000000e+04 2.333500000000000157e-02 1.280399999999999983e+00 6.189000000000000057e-02 1.282100000000000017e+00
1.268800000000000000e+04 4.007600000000000051e-02 1.639499999999999957e+00 8.779900000000000204e-02 1.642300000000000093e+00
1.345300000000000000e+04 5.827199999999999741e-02 2.044900000000000162e+00 1.185100000000000042e-01 2.049199999999999910e+00
1.412000000000000000e+04 7.395899999999999697e-02 2.411599999999999966e+00 1.475700000000000067e-01 2.417199999999999793e+00
1.459000000000000000e+04 8.645600000000000507e-02 2.714700000000000113e+00 1.721999999999999920e-01 2.721600000000000019e+00
1.495500000000000000e+04 9.915599999999999414e-02 3.010600000000000165e+00 1.951799999999999924e-01 3.018499999999999961e+00
1.518600000000000000e+04 1.057199999999999945e-01 3.158199999999999896e+00 2.069199999999999928e-01 3.166799999999999837e+00
1.370000000000000000e+02 0.000000000000000000e+00 0.000000000000000000e+00 0.000000000000000000e+00 0.000000000000000000e+00
3.970000000000000000e+02 2.006599999999999931e-04 8.672299999999999757e-04 2.480100000000000056e-04 9.240399999999999959e-04
1.218000000000000000e+03 2.086999999999999880e-03 4.492600000000000239e-03 1.025199999999999983e-03 5.058700000000000176e-03
2.088000000000000000e+03 2.777200000000000068e-03 1.279800000000000035e-02 2.416100000000000018e-03 1.331700000000000071e-02
3.242000000000000000e+03 3.180600000000000007e-04 3.621599999999999819e-02 5.868800000000000405e-03 3.668899999999999939e-02
4.428000000000000000e+03 -1.171699999999999998e-02 7.374300000000000299e-02 8.743799999999999489e-03 7.517899999999999583e-02
5.729000000000000000e+03 -1.736000000000000043e-02 1.347899999999999932e-01 1.064999999999999974e-02 1.363199999999999967e-01
6.960000000000000000e+03 -1.903300000000000131e-02 2.153200000000000114e-01 1.294700000000000017e-02 2.165499999999999925e-01
8.118000000000000000e+03 -1.957899999999999918e-02 3.231200000000000183e-01 1.614700000000000163e-02 3.241200000000000192e-01
9.204000000000000000e+03 -1.441599999999999999e-02 4.755800000000000027e-01 2.162400000000000086e-02 4.762899999999999912e-01
1.023900000000000000e+04 -7.946699999999999250e-03 6.695699999999999985e-01 3.001799999999999954e-02 6.702900000000000524e-01
1.118100000000000000e+04 4.951800000000000125e-03 9.167899999999999938e-01 4.230799999999999839e-02 9.177800000000000402e-01
1.205600000000000000e+04 1.967299999999999952e-02 1.214800000000000102e+00 5.891799999999999815e-02 1.216399999999999926e+00
1.287800000000000000e+04 3.743300000000000100e-02 1.570799999999999974e+00 8.121299999999999353e-02 1.573399999999999910e+00
1.364000000000000000e+04 5.663300000000000278e-02 1.975600000000000023e+00 1.085099999999999953e-01 1.979400000000000048e+00
1.425500000000000000e+04 7.328300000000000092e-02 2.343599999999999905e+00 1.350699999999999956e-01 2.348700000000000010e+00
1.468800000000000000e+04 8.658200000000000618e-02 2.652200000000000113e+00 1.587699999999999945e-01 2.658399999999999874e+00
1.503200000000000000e+04 9.942199999999999649e-02 2.966699999999999893e+00 1.852800000000000002e-01 2.974200000000000177e+00
1.522200000000000000e+04 1.057199999999999945e-01 3.123600000000000154e+00 1.989499999999999880e-01 3.131699999999999928e+00
