1.000000000000000000e+00 -1.558489999999999931e+00 3.605740000000000056e-01 1.500000000000000000e+00
2.870000000000000000e+02 -1.725299519999999864e+00 3.958862400000000004e-01 2.860075847000000060e+00
1.010000000000000000e+03 -2.056338749999999660e+00 4.600930999999999771e-01 5.600632519999999559e+00
1.886000000000000000e+03 -2.356355300000000152e+00 5.099865000000000093e-01 8.321784799999999649e+00
3.042000000000000000e+03 -2.648785000000000167e+00 5.711900000000000865e-01 1.174476740000000063e+01
4.109000000000000000e+03 -2.702726000000000184e+00 4.776219999999999910e-01 1.584825000000000017e+01
5.423000000000000000e+03 -2.576957999999999860e+00 3.645499999999999852e-01 1.994241900000000101e+01
6.667000000000000000e+03 -2.432612999999999914e+00 2.630352699999999877e-01 2.404758999999999958e+01
7.843000000000000000e+03 -2.260720000000000063e+00 1.632439999999999725e-01 2.814451400000000092e+01
8.940000000000000000e+03 -2.068110000000000337e+00 9.191899999999997295e-02 3.225448099999999840e+01
9.994000000000000000e+03 -1.874110000000000165e+00 4.707300000000003148e-02 3.636717099999999903e+01
1.095700000000000000e+04 -1.671910000000000007e+00 4.386400000000012511e-02 4.047425299999999737e+01
1.184300000000000000e+04 -1.462620000000000031e+00 7.762999999999986578e-02 4.459524100000000146e+01
1.268800000000000000e+04 -1.247780000000000111e+00 1.597699999999999676e-01 4.872086000000000183e+01
1.345300000000000000e+04 -1.029830000000000023e+00 2.729399999999999604e-01 5.284116000000000213e+01
1.412000000000000000e+04 -8.467000000000000082e-01 3.824700000000000877e-01 5.628989999999999583e+01
1.459000000000000000e+04 -6.622100000000000763e-01 4.731500000000004036e-01 5.904384000000000299e+01
1.495500000000000000e+04 -2.135269999999999113e-01 5.554099999999997372e-01 6.178276000000000323e+01
1.518600000000000000e+04 1.124000000000002775e-02 5.922000000000000597e-01 6.316245999999999583e+01
1.370000000000000000e+02 1.558489999999999931e+00 -3.636220000000000008e-01 1.500000000000000000e+00
3.970000000000000000e+02 1.725276470000000062e+00 -4.053490200000000043e-01 2.859943619999999687e+00
1.218000000000000000e+03 1.818913680000000088e+00 -4.382613999999999677e-01 5.599787730000000074e+00
2.088000000000000000e+03 1.846875400000000056e+00 -4.609339999999999549e-01 8.319570309999999580e+00
3.242000000000000000e+03 1.786780999999999953e+00 -4.677989999999999648e-01 1.173918047000000087e+01
4.428000000000000000e+03 1.852043999999999802e+00 -4.658370000000000011e-01 1.583848229999999901e+01
5.729000000000000000e+03 1.804310999999999998e+00 -4.464800000000000435e-01 1.992851140000000143e+01
6.960000000000000000e+03 1.758884000000000114e+00 -4.375369999999999537e-01 2.402943532000000104e+01
8.118000000000000000e+03 1.704099999999999948e+00 -4.216550000000000020e-01 2.812178070000000218e+01
9.204000000000000000e+03 1.650900000000000034e+00 -3.844059999999999699e-01 3.222685159999999627e+01
1.023900000000000000e+04 1.607050000000000090e+00 -3.330400000000001137e-01 3.633525300000000158e+01
1.118100000000000000e+04 1.571330000000000116e+00 -2.534399999999999986e-01 4.043802799999999564e+01
1.205600000000000000e+04 1.539299999999999891e+00 -1.508200000000001761e-01 4.455562199999999962e+01
1.287800000000000000e+04 1.511349999999999971e+00 -1.941999999999999282e-02 4.867941700000000083e+01
1.364000000000000000e+04 1.485649999999999915e+00 1.376100000000000101e-01 5.279869000000000057e+01
1.425500000000000000e+04 1.465365999999999946e+00 2.807600000000003426e-01 5.624723999999999791e+01
1.468800000000000000e+04 1.423842999999999970e+00 3.978799999999997894e-01 5.900307000000000102e+01
1.503200000000000000e+04 1.205757999999999885e+00 5.078400000000002912e-01 6.175417999999999807e+01
1.522200000000000000e+04 1.096740000000000048e+00 5.576000000000003176e-01 6.314018000000000086e+01
