1.000000000000000000e+00 -1.558489999999999931e+00 3.605740000000000056e-01 1.500000000000000000e+00
2.870000000000000000e+02 -1.725267169999999961e+00 3.958710800000000418e-01 2.860071753999999800e+00
1.010000000000000000e+03 -2.056265249999999600e+00 4.600306000000000117e-01 5.600597879999999584e+00
1.886000000000000000e+03 -2.356385300000000349e+00 5.098910000000000942e-01 8.321692900000000392e+00
3.042000000000000000e+03 -2.648920000000000385e+00 5.707190000000000873e-01 1.174457740000000072e+01
4.109000000000000000e+03 -2.703113000000000099e+00 4.766269999999999674e-01 1.584796790000000044e+01
5.423000000000000000e+03 -2.577676999999999996e+00 3.626500000000000279e-01 1.994204900000000080e+01
6.667000000000000000e+03 -2.433753999999999973e+00 2.599152699999999760e-01 2.404712699999999970e+01
7.843000000000000000e+03 -2.262380000000000280e+00 1.585640000000000105e-01 2.814394700000000071e+01
8.940000000000000000e+03 -2.070410000000000306e+00 8.484899999999995224e-02 3.225376899999999836e+01
9.994000000000000000e+03 -1.877140000000000253e+00 3.689300000000006463e-02 3.636627000000000010e+01
1.095700000000000000e+04 -1.675750000000000073e+00 2.937400000000001121e-02 4.047307499999999436e+01
1.184300000000000000e+04 -1.467340000000000089e+00 5.752999999999985903e-02 4.459369299999999470e+01
1.268800000000000000e+04 -1.253430000000000044e+00 1.323699999999998766e-01 4.871880000000000166e+01
1.345300000000000000e+04 -1.036429999999999962e+00 2.363399999999999945e-01 5.283841000000000321e+01
1.412000000000000000e+04 -8.541299999999999448e-01 3.366700000000002468e-01 5.628641999999999967e+01
1.459000000000000000e+04 -6.703000000000001180e-01 4.186500000000004107e-01 5.903967000000000098e+01
1.495500000000000000e+04 -2.222469999999999724e-01 4.913099999999999135e-01 6.177785000000000082e+01
1.518600000000000000e+04 2.149999999999985256e-03 5.231000000000003425e-01 6.315717999999999677e+01
1.370000000000000000e+02 1.558489999999999931e+00 -3.636220000000000008e-01 1.500000000000000000e+00
3.970000000000000000e+02 1.725259869999999918e+00 -4.053568499999999908e-01 2.859939917999999803e+00
1.218000000000000000e+03 1.818797800000000020e+00 -4.382983999999999769e-01 5.599769149999999307e+00
2.088000000000000000e+03 1.846628900000000018e+00 -4.610479999999999579e-01 8.319525869999999657e+00
3.242000000000000000e+03 1.786414999999999864e+00 -4.681790000000000118e-01 1.173907615999999976e+01
4.428000000000000000e+03 1.851690999999999976e+00 -4.667299999999999782e-01 1.583835350000000020e+01
5.729000000000000000e+03 1.803663999999999934e+00 -4.481900000000000328e-01 1.992835780000000057e+01
6.960000000000000000e+03 1.757796000000000136e+00 -4.403869999999999729e-01 2.402924421000000166e+01
8.118000000000000000e+03 1.702509999999999968e+00 -4.260749999999999815e-01 2.812152940000000001e+01
9.204000000000000000e+03 1.648650000000000171e+00 -3.911559999999999482e-01 3.222649489999999872e+01
1.023900000000000000e+04 1.604070000000000107e+00 -3.429600000000000426e-01 3.633473099999999789e+01
1.118100000000000000e+04 1.567520000000000024e+00 -2.676500000000000545e-01 4.043725799999999992e+01
1.205600000000000000e+04 1.534609999999999808e+00 -1.706199999999999939e-01 4.455449899999999985e+01
1.287800000000000000e+04 1.505719999999999947e+00 -4.651999999999989477e-02 4.867779199999999662e+01
1.364000000000000000e+04 1.479060000000000041e+00 1.013099999999997891e-01 5.279640300000000508e+01
1.425500000000000000e+04 1.457946000000000186e+00 2.352600000000002467e-01 5.624425000000000097e+01
1.468800000000000000e+04 1.415763000000000105e+00 3.437799999999997524e-01 5.899940000000000140e+01
1.503200000000000000e+04 1.196998000000000006e+00 4.441399999999999793e-01 6.174965000000000259e+01
1.522200000000000000e+04 1.087650000000000006e+00 4.890000000000003233e-01 6.313521000000000072e+01
