1.000000000000000000e+00 -1.558489999999999931e+00 3.605740000000000056e-01 1.500000000000000000e+00
2.870000000000000000e+02 -1.725299509999999925e+00 3.958862500000000506e-01 2.860075843999999812e+00
1.010000000000000000e+03 -2.056338729999999781e+00 4.600931999999999800e-01 5.600632499999999681e+00
1.886000000000000000e+03 -2.356355300000000152e+00 5.099867000000000150e-01 8.321784799999999649e+00
3.042000000000000000e+03 -2.648785000000000167e+00 5.711910000000000043e-01 1.174476729999999947e+01
4.109000000000000000e+03 -2.702726000000000184e+00 4.776239999999999930e-01 1.584824979999999961e+01
5.423000000000000000e+03 -2.576959000000000000e+00 3.645499999999999852e-01 1.994241900000000101e+01
6.667000000000000000e+03 -2.432612999999999914e+00 2.630352699999999877e-01 2.404758999999999958e+01
7.843000000000000000e+03 -2.260720000000000063e+00 1.632539999999999825e-01 2.814451400000000092e+01
8.940000000000000000e+03 -2.068110000000000337e+00 9.192900000000003846e-02 3.225448099999999840e+01
9.994000000000000000e+03 -1.874110000000000165e+00 4.709300000000005149e-02 3.636717200000000361e+01
1.095700000000000000e+04 -1.671910000000000007e+00 4.396400000000011410e-02 4.047425399999999485e+01
1.184300000000000000e+04 -1.462609999999999966e+00 7.762999999999986578e-02 4.459524299999999641e+01
1.268800000000000000e+04 -1.247770000000000046e+00 1.597699999999999676e-01 4.872086000000000183e+01
1.345300000000000000e+04 -1.029819999999999958e+00 2.730400000000001715e-01 5.284116000000000213e+01
1.412000000000000000e+04 -8.467000000000000082e-01 3.825700000000002987e-01 5.628990999999999900e+01
1.459000000000000000e+04 -6.622100000000000763e-01 4.732500000000001705e-01 5.904384999999999906e+01
1.495500000000000000e+04 -2.135169999999999568e-01 5.555099999999999483e-01 6.178276999999999930e+01
1.518600000000000000e+04 1.124999999999998224e-02 5.923000000000002707e-01 6.316246999999999900e+01
1.370000000000000000e+02 1.558489999999999931e+00 -3.636220000000000008e-01 1.500000000000000000e+00
3.970000000000000000e+02 1.725276470000000062e+00 -4.053490000000000149e-01 2.859943624000000018e+00
1.218000000000000000e+03 1.818913710000000128e+00 -4.382612999999999648e-01 5.599787749999999953e+00
2.088000000000000000e+03 1.846875500000000114e+00 -4.609339999999999549e-01 8.319570350000001113e+00
3.242000000000000000e+03 1.786780999999999953e+00 -4.677979999999999916e-01 1.173918057000000026e+01
4.428000000000000000e+03 1.852043999999999802e+00 -4.658349999999999991e-01 1.583848240000000018e+01
5.729000000000000000e+03 1.804310999999999998e+00 -4.464700000000000335e-01 1.992851160000000021e+01
6.960000000000000000e+03 1.758884000000000114e+00 -4.375369999999999537e-01 2.402943559000000207e+01
8.118000000000000000e+03 1.704099999999999948e+00 -4.216449999999999920e-01 2.812178109999999975e+01
9.204000000000000000e+03 1.650900000000000034e+00 -3.843959999999999599e-01 3.222685210000000211e+01
1.023900000000000000e+04 1.607050000000000090e+00 -3.330300000000000482e-01 3.633525399999999905e+01
1.118100000000000000e+04 1.571330000000000116e+00 -2.534100000000000241e-01 4.043802899999999312e+01
1.205600000000000000e+04 1.539299999999999891e+00 -1.508200000000001761e-01 4.455562399999999457e+01
1.287800000000000000e+04 1.511349999999999971e+00 -1.941999999999999282e-02 4.867942000000000036e+01
1.364000000000000000e+04 1.485659999999999981e+00 1.376100000000000101e-01 5.279869500000000215e+01
1.425500000000000000e+04 1.465365999999999946e+00 2.808600000000001096e-01 5.624724999999999397e+01
1.468800000000000000e+04 1.423842999999999970e+00 3.979800000000000004e-01 5.900308000000000419e+01
1.503200000000000000e+04 1.205757999999999885e+00 5.079400000000000581e-01 6.175419000000000125e+01
1.522200000000000000e+04 1.096749999999999892e+00 5.578000000000002956e-01 6.314018999999999693e+01
