1.000000000000000000e+00 0.000000000000000000e+00 0.000000000000000000e+00 0.000000000000000000e+00 0.000000000000000000e+00
2.870000000000000000e+02 6.141300000000000307e-05 5.090099999999999529e-04 -5.405400000000000119e-05 5.155399999999999870e-04
1.010000000000000000e+03 1.110700000000000055e-04 3.264400000000000201e-03 -2.504599999999999839e-04 3.275899999999999992e-03
1.886000000000000000e+03 8.807000000000000212e-05 8.840699999999999947e-03 -5.905799999999999461e-04 8.860899999999999679e-03
3.042000000000000000e+03 4.645400000000000050e-03 4.566800000000000026e-02 -3.163899999999999981e-04 4.590500000000000136e-02
4.109000000000000000e+03 1.241199999999999942e-02 9.292699999999999572e-02 1.035799999999999915e-03 9.375799999999999412e-02
5.423000000000000000e+03 2.271400000000000155e-02 1.619099999999999984e-01 3.849800000000000010e-03 1.635399999999999909e-01
6.667000000000000000e+03 3.672600000000000170e-02 2.539699999999999736e-01 8.016399999999999915e-03 2.567400000000000237e-01
7.843000000000000000e+03 5.519700000000000301e-02 3.706200000000000050e-01 1.428500000000000082e-02 3.749799999999999800e-01
8.940000000000000000e+03 8.033999999999999475e-02 5.344600000000000461e-01 2.382099999999999843e-02 5.409899999999999709e-01
9.994000000000000000e+03 1.107899999999999996e-01 7.371400000000000174e-01 3.628100000000000075e-02 7.462999999999999634e-01
1.095700000000000000e+04 1.464900000000000091e-01 9.970200000000000173e-01 5.334200000000000053e-02 1.009100000000000108e+00
1.184300000000000000e+04 1.865600000000000036e-01 1.307299999999999907e+00 7.451299999999999590e-02 1.322699999999999987e+00
1.268800000000000000e+04 2.300699999999999967e-01 1.675899999999999945e+00 1.004799999999999999e-01 1.694600000000000106e+00
1.345300000000000000e+04 2.756500000000000061e-01 2.092799999999999994e+00 1.312699999999999978e-01 2.114900000000000002e+00
1.412000000000000000e+04 3.145399999999999863e-01 2.470800000000000107e+00 1.604899999999999938e-01 2.495899999999999785e+00
1.459000000000000000e+04 3.456400000000000028e-01 2.784299999999999997e+00 1.850900000000000045e-01 2.811799999999999855e+00
1.495500000000000000e+04 3.768900000000000028e-01 3.091800000000000104e+00 2.063500000000000056e-01 3.121500000000000163e+00
1.518600000000000000e+04 3.928599999999999870e-01 3.245400000000000063e+00 2.172300000000000064e-01 3.276299999999999990e+00
1.370000000000000000e+02 0.000000000000000000e+00 0.000000000000000000e+00 0.000000000000000000e+00 0.000000000000000000e+00
3.970000000000000000e+02 2.292499999999999887e-04 9.272100000000000350e-04 9.770700000000000489e-05 9.601100000000000216e-04
1.218000000000000000e+03 1.625499999999999992e-03 4.920800000000000347e-03 4.179699999999999843e-04 5.199200000000000176e-03
2.088000000000000000e+03 3.369200000000000146e-03 1.351100000000000044e-02 1.021100000000000046e-03 1.396200000000000045e-02
3.242000000000000000e+03 6.155200000000000428e-03 3.719000000000000083e-02 2.586999999999999890e-03 3.778399999999999814e-02
4.428000000000000000e+03 8.788799999999999391e-03 7.430699999999999805e-02 3.675199999999999995e-03 7.491599999999999648e-02
5.729000000000000000e+03 1.659100000000000158e-02 1.363900000000000112e-01 4.648000000000000222e-03 1.374700000000000089e-01
6.960000000000000000e+03 3.179099999999999981e-02 2.183100000000000041e-01 6.269900000000000126e-03 2.207000000000000073e-01
8.118000000000000000e+03 4.995399999999999840e-02 3.284099999999999797e-01 9.065300000000000094e-03 3.323099999999999943e-01
9.204000000000000000e+03 7.582600000000000451e-02 4.845400000000000262e-01 1.438099999999999969e-02 4.906499999999999750e-01
1.023900000000000000e+04 1.052000000000000018e-01 6.835400000000000365e-01 2.284399999999999972e-02 6.919699999999999740e-01
1.118100000000000000e+04 1.424199999999999910e-01 9.369300000000000406e-01 3.547600000000000059e-02 9.483599999999999808e-01
1.205600000000000000e+04 1.829199999999999993e-01 1.242599999999999927e+00 5.272299999999999903e-02 1.257100000000000106e+00
1.287800000000000000e+04 2.274400000000000033e-01 1.608000000000000096e+00 7.598000000000000587e-02 1.625799999999999912e+00
1.364000000000000000e+04 2.740099999999999758e-01 2.024199999999999999e+00 1.045500000000000040e-01 2.045300000000000118e+00
1.425500000000000000e+04 3.138500000000000179e-01 2.403399999999999981e+00 1.324299999999999922e-01 2.427500000000000213e+00
1.468800000000000000e+04 3.457399999999999918e-01 2.722199999999999953e+00 1.575199999999999934e-01 2.748600000000000154e+00
1.503200000000000000e+04 3.771800000000000153e-01 3.048000000000000043e+00 1.867600000000000093e-01 3.076900000000000190e+00
1.522200000000000000e+04 3.928599999999999870e-01 3.210700000000000109e+00 2.018300000000000094e-01 3.240899999999999892e+00
