1.000000000000000000e+00 0.000000000000000000e+00 0.000000000000000000e+00 0.000000000000000000e+00 0.000000000000000000e+00
2.870000000000000000e+02 -2.171700000000000095e-04 6.140800000000000295e-04 7.175400000000000452e-05 6.552899999999999957e-04
1.010000000000000000e+03 3.747499999999999746e-04 3.432600000000000061e-03 5.978799999999999610e-04 3.504300000000000123e-03
1.886000000000000000e+03 4.064700000000000084e-03 8.349000000000000518e-03 1.692900000000000004e-03 9.438900000000000068e-03
3.042000000000000000e+03 1.434000000000000032e-02 4.528599999999999987e-02 4.577399999999999698e-03 4.772200000000000053e-02
4.109000000000000000e+03 3.224699999999999789e-02 9.103899999999999493e-02 7.967899999999999983e-03 9.690899999999999515e-02
5.423000000000000000e+03 5.518300000000000288e-02 1.598400000000000098e-01 1.204900000000000068e-02 1.695200000000000040e-01
6.667000000000000000e+03 8.418599999999999695e-02 2.517499999999999738e-01 1.712699999999999986e-02 2.660000000000000142e-01
7.843000000000000000e+03 1.196300000000000002e-01 3.682400000000000118e-01 2.394699999999999954e-02 3.879199999999999871e-01
8.940000000000000000e+03 1.637599999999999889e-01 5.318199999999999594e-01 3.376900000000000041e-02 5.574799999999999756e-01
9.994000000000000000e+03 2.148700000000000054e-01 7.340400000000000258e-01 4.626999999999999863e-02 7.662400000000000322e-01
1.095700000000000000e+04 2.726299999999999835e-01 9.926099999999999923e-01 6.307500000000000606e-02 1.031300000000000106e+00
1.184300000000000000e+04 3.359699999999999909e-01 1.300699999999999967e+00 8.369300000000000350e-02 1.346000000000000085e+00
1.268800000000000000e+04 4.036100000000000243e-01 1.665599999999999969e+00 1.087999999999999939e-01 1.717200000000000060e+00
1.345300000000000000e+04 4.738299999999999734e-01 2.076999999999999957e+00 1.384100000000000052e-01 2.134900000000000020e+00
1.412000000000000000e+04 5.335100000000000398e-01 2.448900000000000077e+00 1.664200000000000124e-01 2.511800000000000033e+00
1.459000000000000000e+04 5.812699999999999534e-01 2.756200000000000205e+00 1.896700000000000053e-01 2.823199999999999932e+00
1.495500000000000000e+04 6.291499999999999870e-01 3.056400000000000006e+00 2.078500000000000070e-01 3.127400000000000180e+00
1.518600000000000000e+04 6.534499999999999753e-01 3.206100000000000172e+00 2.171800000000000119e-01 3.279300000000000104e+00
1.370000000000000000e+02 0.000000000000000000e+00 0.000000000000000000e+00 0.000000000000000000e+00 0.000000000000000000e+00
3.970000000000000000e+02 2.098699999999999947e-04 9.801499999999999449e-04 -6.008199999999999836e-05 1.004200000000000014e-03
1.218000000000000000e+03 8.377999999999999814e-04 5.324599999999999646e-03 -2.308500000000000005e-04 5.395099999999999896e-03
2.088000000000000000e+03 3.248899999999999878e-03 1.412399999999999940e-02 -4.741300000000000158e-04 1.450100000000000000e-02
3.242000000000000000e+03 1.090499999999999976e-02 3.768900000000000028e-02 -9.238399999999999911e-04 3.924600000000000311e-02
4.428000000000000000e+03 2.812100000000000016e-02 7.355000000000000426e-02 -1.646499999999999960e-03 7.875999999999999668e-02
5.729000000000000000e+03 4.842400000000000176e-02 1.353800000000000003e-01 -1.642199999999999910e-03 1.437900000000000011e-01
6.960000000000000000e+03 7.916600000000000026e-02 2.168700000000000072e-01 -7.557899999999999991e-04 2.308699999999999919e-01
8.118000000000000000e+03 1.145000000000000046e-01 3.267200000000000104e-01 1.529399999999999987e-03 3.462000000000000077e-01
9.204000000000000000e+03 1.592099999999999904e-01 4.827000000000000179e-01 6.494899999999999632e-03 5.083199999999999941e-01
1.023900000000000000e+04 2.094000000000000028e-01 6.813200000000000367e-01 1.473099999999999930e-02 7.129199999999999982e-01
1.118100000000000000e+04 2.686000000000000054e-01 9.334799999999999764e-01 2.725800000000000098e-02 9.717400000000000482e-01
1.205600000000000000e+04 3.324099999999999833e-01 1.236900000000000110e+00 4.449899999999999689e-02 1.281500000000000083e+00
1.287800000000000000e+04 4.010299999999999976e-01 1.598600000000000021e+00 6.779200000000000503e-02 1.649499999999999966e+00
1.364000000000000000e+04 4.722199999999999731e-01 2.009199999999999875e+00 9.640300000000000258e-02 2.066199999999999815e+00
1.425500000000000000e+04 5.328500000000000458e-01 2.382200000000000095e+00 1.242499999999999993e-01 2.444199999999999928e+00
1.468800000000000000e+04 5.813800000000000079e-01 2.694799999999999862e+00 1.494000000000000050e-01 2.760899999999999910e+00
1.503200000000000000e+04 6.293999999999999595e-01 3.013199999999999878e+00 1.796500000000000041e-01 3.083499999999999908e+00
1.522200000000000000e+04 6.534499999999999753e-01 3.172000000000000153e+00 1.952099999999999946e-01 3.244499999999999940e+00
