1.000000000000000000e+00 -1.558489999999999931e+00 3.605740000000000056e-01 1.500000000000000000e+00
2.870000000000000000e+02 -1.724637479999999945e+00 3.956388200000000022e-01 2.859809760000000090e+00
1.010000000000000000e+03 -2.056633833699999858e+00 4.596292000000000155e-01 5.598816899999999208e+00
1.886000000000000000e+03 -2.364424700000000268e+00 5.108555000000000179e-01 8.316900900000000263e+00
3.042000000000000000e+03 -2.668585200000000324e+00 5.713000000000000300e-01 1.173433040000000105e+01
4.109000000000000000e+03 -2.743545699999999865e+00 4.800459999999999727e-01 1.583344860000000054e+01
5.423000000000000000e+03 -2.644000000000000128e+00 3.659200000000000230e-01 1.992484350000000148e+01
6.667000000000000000e+03 -2.530832999999999888e+00 2.627952700000000252e-01 2.402796490000000063e+01
7.843000000000000000e+03 -2.394326000000000398e+00 1.608739999999999892e-01 2.812357430000000136e+01
8.940000000000000000e+03 -2.241384600000000393e+00 8.622900000000000009e-02 3.223270800000000236e+01
9.994000000000000000e+03 -2.090589599999999937e+00 3.719300000000003159e-02 3.634499199999999774e+01
1.095700000000000000e+04 -1.934563000000000033e+00 2.928399999999997672e-02 4.045211999999999364e+01
1.184300000000000000e+04 -1.774009999999999865e+00 5.782999999999982599e-02 4.457358599999999882e+01
1.268800000000000000e+04 -1.609722000000000097e+00 1.342699999999998894e-01 4.870002600000000115e+01
1.345300000000000000e+04 -1.443371999999999877e+00 2.416400000000000770e-01 5.282144000000000261e+01
1.412000000000000000e+04 -1.303849000000000036e+00 3.460700000000000998e-01 5.627124999999999488e+01
1.459000000000000000e+04 -1.154279000000000055e+00 4.326500000000002011e-01 5.902656999999999954e+01
1.495500000000000000e+04 -7.404169999999999918e-01 5.107099999999999973e-01 6.177024999999999721e+01
1.518600000000000000e+04 -5.332000000000000073e-01 5.455000000000000959e-01 6.315233999999999526e+01
1.370000000000000000e+02 1.558489999999999931e+00 -3.636220000000000008e-01 1.500000000000000000e+00
3.970000000000000000e+02 1.725267389999999956e+00 -4.054615999999999776e-01 2.860251159999999793e+00
1.218000000000000000e+03 1.820161899999999999e+00 -4.390912000000000148e-01 5.601041500000000006e+00
2.088000000000000000e+03 1.846406999999999909e+00 -4.622560000000000002e-01 8.322455100000000883e+00
3.242000000000000000e+03 1.776216379999999928e+00 -4.692609999999999837e-01 1.174595900000000093e+01
4.428000000000000000e+03 1.812289999999999957e+00 -4.656199999999999783e-01 1.584884830000000022e+01
5.729000000000000000e+03 1.738676999999999806e+00 -4.470200000000000284e-01 1.994077099999999803e+01
6.960000000000000000e+03 1.660932999999999993e+00 -4.390069999999999806e-01 2.404309800000000052e+01
8.118000000000000000e+03 1.570398999999999878e+00 -4.251149999999999651e-01 2.813635100000000122e+01
9.204000000000000000e+03 1.477795000000000192e+00 -3.913259999999999517e-01 3.224192500000000194e+01
1.023900000000000000e+04 1.390414500000000109e+00 -3.444900000000000739e-01 3.635047699999999793e+01
1.118100000000000000e+04 1.308635400000000004e+00 -2.697200000000000708e-01 4.045300699999999949e+01
1.205600000000000000e+04 1.227803999999999895e+00 -1.724200000000000177e-01 4.456996499999999628e+01
1.287800000000000000e+04 1.149341999999999864e+00 -4.651999999999989477e-02 4.869275799999999776e+01
1.364000000000000000e+04 1.072069999999999856e+00 1.048100000000000698e-01 5.281071000000000026e+01
1.425500000000000000e+04 1.008196000000000092e+00 2.431600000000000428e-01 5.625797999999999632e+01
1.468800000000000000e+04 9.317889999999999784e-01 3.562799999999999301e-01 5.901238000000000028e+01
1.503200000000000000e+04 6.788780000000000925e-01 4.625400000000001732e-01 6.175977999999999923e+01
1.522200000000000000e+04 5.523000000000000131e-01 5.104000000000001869e-01 6.314391999999999427e+01
