1.000000000000000000e+00 0.000000000000000000e+00 0.000000000000000000e+00 0.000000000000000000e+00 0.000000000000000000e+00
2.870000000000000000e+02 1.339000000000000021e-04 4.874400000000000087e-04 -6.432400000000000281e-05 5.095699999999999882e-04
1.010000000000000000e+03 2.708000000000000229e-04 3.201700000000000032e-03 -3.341899999999999970e-04 3.230499999999999865e-03
1.886000000000000000e+03 6.166799999999999978e-06 8.822200000000000528e-03 -8.143500000000000348e-04 8.859699999999999867e-03
3.042000000000000000e+03 4.364899999999999683e-03 4.540600000000000191e-02 -7.761800000000000123e-04 4.562100000000000183e-02
4.109000000000000000e+03 1.164399999999999984e-02 9.247800000000000464e-02 3.805699999999999968e-04 9.320900000000000019e-02
5.423000000000000000e+03 2.133699999999999833e-02 1.609700000000000020e-01 3.043199999999999811e-03 1.623999999999999888e-01
6.667000000000000000e+03 3.459399999999999975e-02 2.523900000000000032e-01 7.077800000000000410e-03 2.548500000000000210e-01
7.843000000000000000e+03 5.218099999999999822e-02 3.682900000000000063e-01 1.324499999999999983e-02 3.721999999999999753e-01
8.940000000000000000e+03 7.633500000000000008e-02 5.310099999999999820e-01 2.268500000000000030e-02 5.369500000000000384e-01
9.994000000000000000e+03 1.057300000000000045e-01 7.322899999999999965e-01 3.504899999999999682e-02 7.407099999999999795e-01
1.095700000000000000e+04 1.403300000000000103e-01 9.902699999999999836e-01 5.199700000000000155e-02 1.001500000000000057e+00
1.184300000000000000e+04 1.792799999999999949e-01 1.298300000000000010e+00 7.303600000000000370e-02 1.312599999999999989e+00
1.268800000000000000e+04 2.216899999999999982e-01 1.663899999999999935e+00 9.882900000000000018e-02 1.681499999999999995e+00
1.345300000000000000e+04 2.661999999999999922e-01 2.077300000000000146e+00 1.293900000000000050e-01 2.098300000000000054e+00
1.412000000000000000e+04 3.042000000000000259e-01 2.451900000000000190e+00 1.583700000000000108e-01 2.475800000000000001e+00
1.459000000000000000e+04 3.346000000000000085e-01 2.762300000000000200e+00 1.827400000000000135e-01 2.788499999999999979e+00
1.495500000000000000e+04 3.651699999999999946e-01 3.066399999999999793e+00 2.038099999999999912e-01 3.094800000000000217e+00
1.518600000000000000e+04 3.807900000000000174e-01 3.218199999999999950e+00 2.145799999999999930e-01 3.247700000000000031e+00
1.370000000000000000e+02 0.000000000000000000e+00 0.000000000000000000e+00 0.000000000000000000e+00 0.000000000000000000e+00
3.970000000000000000e+02 1.979700000000000036e-04 9.280399999999999847e-04 9.327500000000000396e-05 9.534899999999999799e-04
1.218000000000000000e+03 1.413699999999999939e-03 4.934100000000000291e-03 3.923099999999999895e-04 5.147599999999999572e-03
2.088000000000000000e+03 2.906800000000000182e-03 1.352399999999999956e-02 9.590399999999999793e-04 1.386599999999999985e-02
3.242000000000000000e+03 5.459499999999999943e-03 3.709199999999999997e-02 2.446400000000000050e-03 3.757200000000000123e-02
4.428000000000000000e+03 8.064500000000000487e-03 7.389800000000000535e-02 3.524499999999999855e-03 7.442100000000000104e-02
5.729000000000000000e+03 1.529699999999999983e-02 1.355800000000000061e-01 4.479699999999999654e-03 1.365099999999999925e-01
6.960000000000000000e+03 2.972899999999999848e-02 2.169599999999999862e-01 6.073499999999999906e-03 2.190799999999999970e-01
8.118000000000000000e+03 4.701199999999999823e-02 3.263300000000000090e-01 8.821400000000000075e-03 3.298200000000000021e-01
9.204000000000000000e+03 7.187899999999999845e-02 4.813999999999999946e-01 1.405900000000000032e-02 4.869399999999999840e-01
1.023900000000000000e+04 1.001900000000000013e-01 6.789399999999999880e-01 2.241699999999999943e-02 6.866600000000000481e-01
1.118100000000000000e+04 1.362899999999999945e-01 9.304299999999999793e-01 3.490300000000000347e-02 9.410100000000000131e-01
1.205600000000000000e+04 1.756699999999999928e-01 1.233700000000000019e+00 5.196300000000000224e-02 1.247200000000000086e+00
1.287800000000000000e+04 2.190699999999999870e-01 1.596200000000000063e+00 7.497900000000000398e-02 1.612900000000000000e+00
1.364000000000000000e+04 2.645700000000000274e-01 2.008799999999999919e+00 1.032600000000000046e-01 2.028700000000000170e+00
1.425500000000000000e+04 3.035200000000000120e-01 2.384599999999999831e+00 1.308600000000000041e-01 2.407399999999999984e+00
1.468800000000000000e+04 3.347200000000000175e-01 2.700299999999999923e+00 1.556800000000000128e-01 2.725400000000000045e+00
1.503200000000000000e+04 3.654499999999999971e-01 3.022699999999999942e+00 1.845799999999999941e-01 3.050300000000000011e+00
1.522200000000000000e+04 3.807900000000000174e-01 3.183600000000000207e+00 1.994700000000000084e-01 3.212499999999999911e+00
