1.000000000000000000e+00 -1.558489999999999931e+00 3.605740000000000056e-01 1.500000000000000000e+00
2.870000000000000000e+02 -1.724603979999999925e+00 3.956229800000000130e-01 2.859805189999999886e+00
1.010000000000000000e+03 -2.056561304999999784e+00 4.595643999999999840e-01 5.598778799999999833e+00
1.886000000000000000e+03 -2.364469000000000154e+00 5.107585000000000042e-01 8.316799599999999515e+00
3.042000000000000000e+03 -2.668752800000000036e+00 5.708320000000000061e-01 1.173411749999999998e+01
4.109000000000000000e+03 -2.744014599999999859e+00 4.790519999999999778e-01 1.583313009999999998e+01
5.423000000000000000e+03 -2.644868999999999915e+00 3.640100000000000002e-01 1.992442529999999934e+01
6.667000000000000000e+03 -2.532214999999999883e+00 2.596352700000000291e-01 2.402744159999999951e+01
7.843000000000000000e+03 -2.396347000000000005e+00 1.561240000000000128e-01 2.812293370000000081e+01
8.940000000000000000e+03 -2.244198000000000359e+00 7.902900000000001590e-02 3.223190799999999712e+01
9.994000000000000000e+03 -2.094324000000000296e+00 2.682300000000004125e-02 3.634398500000000354e+01
1.095700000000000000e+04 -1.939346400000000026e+00 1.447399999999998688e-02 4.045081799999999816e+01
1.184300000000000000e+04 -1.779962999999999962e+00 3.732999999999986329e-02 4.457189400000000035e+01
1.268800000000000000e+04 -1.616948999999999970e+00 1.063699999999998536e-01 4.869780500000000245e+01
1.345300000000000000e+04 -1.451969999999999983e+00 2.044400000000001771e-01 5.281851999999999947e+01
1.412000000000000000e+04 -1.313660999999999968e+00 2.994700000000003470e-01 5.626757999999999527e+01
1.459000000000000000e+04 -1.165091000000000099e+00 3.773500000000002963e-01 5.902221000000000117e+01
1.495500000000000000e+04 -7.522169999999999135e-01 4.457100000000000506e-01 6.176518999999999693e+01
1.518600000000000000e+04 -5.455499999999999794e-01 4.754000000000000448e-01 6.314692999999999756e+01
1.370000000000000000e+02 1.558489999999999931e+00 -3.636220000000000008e-01 1.500000000000000000e+00
3.970000000000000000e+02 1.725250659999999936e+00 -4.054697199999999779e-01 2.860248019999999780e+00
1.218000000000000000e+03 1.820047100000000029e+00 -4.391300999999999677e-01 5.601025199999999593e+00
2.088000000000000000e+03 1.846157300000000001e+00 -4.623729999999999785e-01 8.322416099999999872e+00
3.242000000000000000e+03 1.775828329999999955e+00 -4.696500000000000119e-01 1.174586889999999961e+01
4.428000000000000000e+03 1.811853999999999854e+00 -4.665329999999999755e-01 1.584874399999999994e+01
5.729000000000000000e+03 1.737881999999999927e+00 -4.487700000000000022e-01 1.994064999999999799e+01
6.960000000000000000e+03 1.659599000000000046e+00 -4.419269999999999587e-01 2.404294700000000162e+01
8.118000000000000000e+03 1.568433999999999884e+00 -4.296550000000000091e-01 2.813614700000000113e+01
9.204000000000000000e+03 1.475029000000000146e+00 -3.982459999999999889e-01 3.224162400000000162e+01
1.023900000000000000e+04 1.386730000000000018e+00 -3.546700000000000408e-01 3.635002000000000066e+01
1.118100000000000000e+04 1.303881000000000068e+00 -2.842900000000000427e-01 4.045230899999999963e+01
1.205600000000000000e+04 1.221883999999999970e+00 -1.926200000000000134e-01 4.456892099999999601e+01
1.287800000000000000e+04 1.142137999999999876e+00 -7.421999999999995268e-02 4.869121799999999922e+01
1.364000000000000000e+04 1.063490999999999964e+00 6.780999999999992589e-02 5.280851000000000539e+01
1.425500000000000000e+04 9.984000000000000652e-01 1.968600000000000350e-01 5.625506999999999636e+01
1.468800000000000000e+04 9.209870000000000001e-01 3.013799999999999812e-01 5.900878000000000156e+01
1.503200000000000000e+04 6.670440000000000813e-01 3.978399999999999714e-01 6.175529000000000224e+01
1.522200000000000000e+04 5.399499999999999300e-01 4.408000000000003027e-01 6.313895999999999731e+01
